0 0.7765625 0.92109375 0.334375 0.0953125
0 0.7890625 0.83671875 0.334375 0.0953125
0 0.8 0.753125 0.3375 0.096875
0 0.81171875 0.66875 0.3359375 0.0953125
0 0.8234375 0.58359375 0.3375 0.096875
0 0.8328125 0.5 0.334375 0.09375
0 0.8390625 0.415625 0.321875 0.096875
0 0.8453125 0.33046875 0.309375 0.0953125
0 0.8515625 0.24453125 0.296875 0.0953125
0 0.85625 0.16171875 0.2875 0.0953125
0 0.86171875 0.0765625 0.2765625 0.09375
0 0.5625 0.0390625 0.3375 0.078125
0 0.55078125 0.11640625 0.340625 0.0984375
0 0.53984375 0.2015625 0.340625 0.0984375
0 0.13671875 0.91484375 0.2734375 0.0984375
0 0.515625 0.3703125 0.340625 0.0984375
0 0.528125 0.284375 0.3390625 0.096875
0 0.1421875 0.83046875 0.284375 0.0953125
0 0.146875 0.74765625 0.29375 0.0953125
0 0.15390625 0.6625 0.3078125 0.096875
0 0.159375 0.57734375 0.31875 0.0953125
0 0.165625 0.49296875 0.33125 0.0953125
0 0.17421875 0.41015625 0.3328125 0.0953125
0 0.1859375 0.325 0.334375 0.096875
0 0.19609375 0.24140625 0.33125 0.096875
0 0.209375 0.1546875 0.33125 0.0953125
0 0.44765625 0.87734375 0.340625 0.0984375
0 0.459375 0.79296875 0.3375 0.0984375
0 0.46875 0.70859375 0.340625 0.0984375
0 0.4828125 0.62265625 0.3390625 0.096875
0 0.49296875 0.53984375 0.340625 0.0984375
0 0.50546875 0.4546875 0.340625 0.0984375
0 0.22109375 0.07109375 0.33125 0.0953125
0 0.2328125 0.0171875 0.33125 0.034375
0 0.4359375 0.95625 0.3375 0.0875
0 0.76484375 0.9796875 0.3328125 0.040625