0 0.37421875 0.15078125 0.1765625 0.16875
0 0.6421875 0.35625 0.4671875 0.425
0 0.90703125 0.609375 0.128125 0.1328125
0 0.83359375 0.70390625 0.13125 0.134375
0 0.74765625 0.7546875 0.1640625 0.153125
0 0.68671875 0.63359375 0.0953125 0.0984375
0 0.6359375 0.70078125 0.090625 0.1046875
0 0.59140625 0.6609375 0.0984375 0.1046875
0 0.640625 0.59765625 0.0953125 0.09375
0 0.5921875 0.55625 0.0890625 0.0953125
0 0.54765625 0.5171875 0.0921875 0.09375
0 0.54375 0.61953125 0.0953125 0.1078125
0 0.49609375 0.5828125 0.096875 0.1078125
0 0.42734375 0.4015625 0.2171875 0.1875
0 0.3859375 0.459375 0.2640625 0.253125
0 0.26484375 0.27109375 0.1765625 0.1703125
0 0.215625 0.33984375 0.184375 0.184375