0 0.06875 0.2671875 0.096875 0.071875
0 0.03046875 0.4375 0.0609375 0.09375
0 0.27734375 0.4140625 0.0828125 0.0625
0 0.81328125 0.0546875 0.0828125 0.08125
0 0.73828125 0.2375 0.0453125 0.0578125
0 0.79609375 0.22421875 0.075 0.0640625
0 0.73125 0.409375 0.1 0.071875
0 0.765625 0.5828125 0.0890625 0.06875
0 0.6796875 0.68984375 0.0515625 0.0421875
0 0.690625 0.72421875 0.0390625 0.0296875
0 0.72421875 0.746875 0.078125 0.0671875
0 0.71796875 0.79296875 0.040625 0.03125
0 0.72578125 0.9125 0.0796875 0.084375
0 0.62890625 0.91171875 0.08125 0.0875