0 0.65546875 0.9484375 0.3015625 0.078125
0 0.67890625 0.8578125 0.34375 0.08125
0 0.23125 0.9140625 0.4625 0.090625
0 0.23203125 0.81953125 0.4640625 0.0890625
0 0.31953125 0.73984375 0.2515625 0.0671875
0 0.36953125 0.65703125 0.1421875 0.05
0 0.7015625 0.7671875 0.3828125 0.0875
0 0.71328125 0.675 0.38125 0.0796875
0 0.72109375 0.5828125 0.44375 0.090625
0 0.7328125 0.4921875 0.4796875 0.096875
0 0.79375 0.40234375 0.384375 0.078125
0 0.82265625 0.3140625 0.3203125 0.078125
0 0.825 0.221875 0.284375 0.06875
0 0.853125 0.13359375 0.20625 0.065625