0 0.3625 0.8828125 0.184375 0.08125
0 0.184375 0.83203125 0.1890625 0.0828125
0 0.19765625 0.79140625 0.1921875 0.0828125
0 0.21015625 0.7484375 0.1953125 0.0859375
0 0.2203125 0.7078125 0.1921875 0.0890625
0 0.23203125 0.665625 0.190625 0.084375
0 0.24375 0.62578125 0.19375 0.0859375
0 0.25546875 0.5859375 0.1953125 0.0859375
0 0.26953125 0.54375 0.196875 0.0859375
0 0.28125 0.50234375 0.1921875 0.084375
0 0.29375 0.46015625 0.1953125 0.084375
0 0.30390625 0.41953125 0.1953125 0.0859375
0 0.31796875 0.37734375 0.1953125 0.0828125
0 0.32890625 0.3375 0.2 0.084375
0 0.33984375 0.296875 0.1953125 0.0828125
0 0.3515625 0.25625 0.19375 0.08125
0 0.36328125 0.2125 0.19375 0.078125
0 0.37734375 0.171875 0.19375 0.08125
0 0.38671875 0.13046875 0.1921875 0.084375
0 0.4 0.0953125 0.19375 0.078125
0 0.37421875 0.840625 0.1796875 0.0765625
0 0.38515625 0.80078125 0.1796875 0.0734375
0 0.39765625 0.759375 0.1796875 0.071875
0 0.41015625 0.71875 0.1796875 0.075
0 0.42109375 0.67421875 0.1765625 0.075
0 0.4328125 0.634375 0.1765625 0.0796875
0 0.446875 0.59296875 0.18125 0.075
0 0.45859375 0.55234375 0.1828125 0.0765625
0 0.46953125 0.5109375 0.18125 0.071875
0 0.484375 0.46796875 0.18125 0.0765625
0 0.4953125 0.42890625 0.1828125 0.08125
0 0.50625 0.38828125 0.18125 0.078125
0 0.51875 0.3453125 0.1765625 0.071875
0 0.53046875 0.30546875 0.178125 0.0796875
0 0.54296875 0.26328125 0.18125 0.0796875
0 0.55234375 0.221875 0.1828125 0.0796875
0 0.56640625 0.18359375 0.184375 0.0796875
0 0.578125 0.13984375 0.1828125 0.0828125