0 0.89921875 0.0609375 0.078125 0.1
0 0.90234375 0.16953125 0.0828125 0.1015625
0 0.91015625 0.2765625 0.0796875 0.0953125
0 0.9125 0.3890625 0.0828125 0.1046875
0 0.91875 0.4953125 0.084375 0.1015625
0 0.71640625 0.5 0.0796875 0.096875
0 0.72421875 0.60859375 0.075 0.0984375
0 0.725 0.7125 0.08125 0.096875
0 0.5265625 0.72265625 0.075 0.096875
0 0.52734375 0.82890625 0.075 0.096875
0 0.5328125 0.93828125 0.08125 0.0875
0 0.3375 0.94375 0.075 0.096875
0 0.1328125 0.9515625 0.08125 0.0953125
0 0.12890625 0.8453125 0.078125 0.0921875
0 0.12734375 0.7375 0.0765625 0.0921875
0 0.1203125 0.6296875 0.0828125 0.0984375
0 0.11875 0.5171875 0.071875 0.0828125
0 0.11328125 0.4125 0.0796875 0.0953125
0 0.10859375 0.30234375 0.075 0.096875
0 0.10625 0.19375 0.078125 0.0921875
0 0.103125 0.08671875 0.0734375 0.09375
0 0.30234375 0.08125 0.084375 0.096875
0 0.30234375 0.1890625 0.0859375 0.1015625
0 0.3078125 0.2953125 0.0703125 0.0984375
0 0.3125 0.403125 0.071875 0.090625
0 0.3171875 0.5125 0.075 0.096875
0 0.5171875 0.61328125 0.0859375 0.1125
0 0.51328125 0.50390625 0.0828125 0.109375
0 0.5125 0.39765625 0.0828125 0.1
0 0.5109375 0.29140625 0.0859375 0.1
0 0.5078125 0.18203125 0.084375 0.1
0 0.49921875 0.0765625 0.084375 0.096875
0 0.7 0.06953125 0.0796875 0.103125
0 0.7046875 0.17734375 0.078125 0.096875
0 0.7078125 0.28671875 0.0765625 0.090625
0 0.71171875 0.39453125 0.075 0.1046875