0 0.72734375 0.25625 0.0765625 0.1046875
0 0.60546875 0.24296875 0.0765625 0.1078125
0 0.4859375 0.2296875 0.0734375 0.109375
0 0.36640625 0.21484375 0.078125 0.1015625
0 0.2453125 0.2046875 0.071875 0.10625
0 0.23359375 0.3046875 0.0671875 0.1015625
0 0.22265625 0.403125 0.06875 0.096875
0 0.21171875 0.5046875 0.065625 0.0984375
0 0.2 0.60390625 0.0625 0.0921875
0 0.190625 0.70234375 0.0609375 0.1
0 0.3109375 0.71796875 0.06875 0.1109375
0 0.32109375 0.60546875 0.06875 0.09375
0 0.33125 0.51796875 0.065625 0.1
0 0.34375 0.41640625 0.071875 0.103125
0 0.35546875 0.31640625 0.0734375 0.103125
0 0.715625 0.359375 0.06875 0.10625
0 0.70625 0.4578125 0.0671875 0.1015625
0 0.69609375 0.56171875 0.065625 0.1015625
0 0.5953125 0.34453125 0.071875 0.0984375
0 0.475 0.33125 0.071875 0.1
0 0.46484375 0.4296875 0.065625 0.096875
0 0.584375 0.4421875 0.06875 0.0984375
0 0.5734375 0.54296875 0.0703125 0.0953125
0 0.45234375 0.52890625 0.0671875 0.1046875
0 0.43671875 0.68203125 0.075 0.2140625
0 0.56015625 0.64375 0.065625 0.096875
0 0.55546875 0.7421875 0.0671875 0.0953125
0 0.68515625 0.65703125 0.0640625 0.1
0 0.67265625 0.7578125 0.0625 0.096875