0 0.603125 0.596875 0.1296875 0.0640625
0 0.728125 0.5890625 0.13125 0.0640625
0 0.85390625 0.58359375 0.1328125 0.0640625
0 0.8515625 0.4765625 0.1296875 0.065625
0 0.7234375 0.48359375 0.1296875 0.065625
0 0.59765625 0.48828125 0.128125 0.0625
0 0.471875 0.49609375 0.13125 0.0640625
0 0.3453125 0.5015625 0.128125 0.065625
0 0.13359375 0.39921875 0.065625 0.0671875
0 0.2265625 0.3953125 0.1296875 0.065625
0 0.353125 0.39140625 0.134375 0.0671875
0 0.159375 0.29140625 0.0671875 0.0640625
0 0.48046875 0.38515625 0.1296875 0.071875
0 0.6046875 0.38046875 0.13125 0.06875
0 0.73046875 0.37578125 0.1296875 0.0703125
0 0.85546875 0.37109375 0.1359375 0.0703125
0 0.88515625 0.26015625 0.134375 0.0671875
0 0.75703125 0.2640625 0.13125 0.065625
0 0.63125 0.2703125 0.1296875 0.0640625
0 0.5046875 0.27734375 0.1328125 0.065625
0 0.31640625 0.28671875 0.253125 0.0734375
0 0.340625 0.17890625 0.13125 0.0640625
0 0.4671875 0.171875 0.13125 0.065625
0 0.60703125 0.16875 0.1359375 0.06875
0 0.734375 0.1609375 0.128125 0.06875
0 0.8609375 0.15703125 0.134375 0.071875
0 0.87890625 0.046875 0.1359375 0.06875
0 0.7515625 0.05234375 0.128125 0.0671875
0 0.62578125 0.05859375 0.13125 0.06875
0 0.49921875 0.065625 0.128125 0.0671875
0 0.37578125 0.07109375 0.128125 0.0671875
0 0.24921875 0.07265625 0.134375 0.0640625