0 0.8078125 0.14296875 0.121875 0.06875
0 0.8140625 0.21484375 0.2046875 0.06875
0 0.6515625 0.2015625 0.1359375 0.065625
0 0.7296875 0.2984375 0.378125 0.090625
0 0.6984375 0.3921875 0.1984375 0.0671875
0 0.66015625 0.4796875 0.0703125 0.05625
0 0.671875 0.6109375 0.0609375 0.0578125
0 0.6203125 0.69375 0.128125 0.0640625
0 0.56953125 0.78046875 0.20625 0.0703125
0 0.4078125 0.8609375 0.0625 0.053125
0 0.53828125 0.87265625 0.203125 0.065625
0 0.6328125 0.97265625 0.09375 0.0546875
0 0.53203125 0.9625 0.1 0.0546875
0 0.41484375 0.95703125 0.140625 0.059375