0 0.40703125 0.85 0.1796875 0.115625
0 0.578125 0.79296875 0.184375 0.115625
0 0.434375 0.74140625 0.159375 0.115625
0 0.296875 0.6875 0.16875 0.1265625
0 0.1625 0.5203125 0.1625 0.1171875
0 0.29765625 0.56796875 0.178125 0.128125
0 0.43359375 0.6140625 0.1703125 0.1296875
0 0.5953125 0.67421875 0.2171875 0.1421875
0 0.48203125 0.5078125 0.21875 0.146875
0 0.28828125 0.4390625 0.215625 0.1453125
0 0.5015625 0.3890625 0.165625 0.125
0 0.3609375 0.34453125 0.159375 0.121875
0 0.4625 0.25546875 0.178125 0.1171875