0 0.82109375 0.778125 0.06875 0.05
0 0.75078125 0.778125 0.059375 0.046875
0 0.80078125 0.6984375 0.1015625 0.053125
0 0.8015625 0.62109375 0.1 0.0546875
0 0.80234375 0.5421875 0.103125 0.05
0 0.81015625 0.465625 0.10625 0.053125
0 0.703125 0.3828125 0.109375 0.0515625
0 0.7 0.46328125 0.1015625 0.040625
0 0.6984375 0.53828125 0.1015625 0.046875
0 0.6 0.30234375 0.103125 0.0546875
0 0.4921875 0.2234375 0.1046875 0.0484375
0 0.38359375 0.21953125 0.1 0.05
0 0.2765625 0.21875 0.1015625 0.04375
0 0.16796875 0.2125 0.1015625 0.0484375
0 0.06171875 0.21015625 0.1046875 0.0484375
0 0.06171875 0.2890625 0.0984375 0.05
0 0.05703125 0.36484375 0.10625 0.0484375
0 0.1640625 0.3703125 0.1046875 0.0546875
0 0.1671875 0.29296875 0.103125 0.05
0 0.27578125 0.2953125 0.1015625 0.046875
0 0.38359375 0.29765625 0.1015625 0.05
0 0.48984375 0.29921875 0.0984375 0.053125
0 0.59296875 0.3796875 0.1046875 0.05
0 0.4875 0.378125 0.1 0.0484375
0 0.37890625 0.37421875 0.103125 0.0515625
0 0.2734375 0.371875 0.1015625 0.046875
0 0.05625 0.44296875 0.1046875 0.0484375
0 0.1609375 0.446875 0.1015625 0.0515625
0 0.05234375 0.51796875 0.1015625 0.0546875
0 0.16015625 0.52265625 0.1015625 0.053125
0 0.05390625 0.5984375 0.0953125 0.053125
0 0.15625 0.60234375 0.1 0.053125
0 0.15546875 0.6796875 0.1 0.0515625
0 0.2609375 0.68359375 0.1046875 0.053125
0 0.265625 0.60625 0.103125 0.053125
0 0.265625 0.52578125 0.1 0.0546875
0 0.2703125 0.4515625 0.1015625 0.053125
0 0.37890625 0.45390625 0.1 0.05
0 0.3734375 0.53046875 0.103125 0.0515625
0 0.3703125 0.609375 0.103125 0.046875
0 0.36875 0.6859375 0.1015625 0.053125
0 0.47578125 0.690625 0.1046875 0.0578125
0 0.48125 0.61171875 0.103125 0.053125
0 0.48046875 0.5328125 0.1015625 0.0546875
0 0.48671875 0.4546875 0.103125 0.0546875
0 0.5890625 0.5375 0.1015625 0.046875
0 0.5875 0.61484375 0.1 0.0484375
0 0.58359375 0.69296875 0.0984375 0.0484375
0 0.690625 0.69765625 0.10625 0.053125
0 0.696875 0.61796875 0.1 0.053125