0 0.14765625 0.390625 0.225 0.10625
0 0.27578125 0.525 0.41875 0.134375
0 0.42578125 0.66875 0.465625 0.128125
0 0.49765625 0.80703125 0.228125 0.1125
0 0.6984375 0.82265625 0.2 0.1046875
0 0.678125 0.94609375 0.2625 0.1078125
0 0.83671875 0.6 0.2046875 0.1203125
0 0.68984375 0.45703125 0.2515625 0.1109375
0 0.48125 0.3046875 0.2515625 0.1078125
0 0.653125 0.18515625 0.2578125 0.1140625
0 0.35703125 0.1625 0.3578125 0.121875
0 0.284375 0.04140625 0.25625 0.0828125
0 0.58125 0.0515625 0.31875 0.103125