0 0.28984375 0.759375 0.0703125 0.1
0 0.4125 0.76328125 0.06875 0.103125
0 0.5328125 0.76875 0.065625 0.1046875
0 0.653125 0.775 0.071875 0.096875
0 0.775 0.7765625 0.065625 0.1015625
0 0.77890625 0.6765625 0.0609375 0.096875
0 0.78359375 0.57734375 0.0625 0.0921875
0 0.78671875 0.47578125 0.059375 0.0953125
0 0.7921875 0.37578125 0.05625 0.0890625
0 0.79453125 0.2765625 0.0546875 0.096875
0 0.67265625 0.26953125 0.0609375 0.10625
0 0.67109375 0.3828125 0.0625 0.0890625
0 0.66640625 0.4703125 0.059375 0.096875
0 0.66171875 0.57265625 0.065625 0.0984375
0 0.65703125 0.67265625 0.0671875 0.0984375
0 0.29453125 0.65546875 0.0625 0.1015625
0 0.296875 0.55625 0.0609375 0.096875
0 0.3 0.45234375 0.059375 0.0984375
0 0.41640625 0.66171875 0.065625 0.09375
0 0.53671875 0.6671875 0.065625 0.0953125
0 0.53984375 0.56796875 0.059375 0.09375
0 0.41953125 0.56328125 0.0625 0.09375
0 0.42421875 0.4625 0.0640625 0.090625
0 0.5453125 0.46796875 0.0609375 0.1
0 0.55 0.3140625 0.0609375 0.2109375
0 0.4296875 0.3609375 0.059375 0.09375
0 0.428125 0.2625 0.0609375 0.090625
0 0.30390625 0.35625 0.0578125 0.096875
0 0.31015625 0.2546875 0.05625 0.09375