2 0.0741194796875 0.4957935921875 0.1063135671875 0.5067257828125 0.1221416484375 0.469870965625 0.08823825468749999 0.4625717234375 0.0741194796875 0.4957935921875
2 0.020394146874999998 0.3368229375 0.06243464375 0.36759395 0.09765758906250001 0.32213970937499997 0.0559367578125 0.291555053125 0.020394146874999998 0.3368229375
2 0.401306715625 0.38804357343749996 0.44140725156249994 0.34923463906249996 0.4140021328125 0.32706373593750004 0.3803710546875 0.3621023375 0.401306715625 0.38804357343749996
2 0.46960567812500004 0.06653846249999999 0.44315140781249995 0.093176171875 0.4691896671875 0.11370281874999999 0.49738577812500007 0.080916540625 0.46960567812500004 0.06653846249999999
2 0.7023760703125 0.32717261249999996 0.724032590625 0.34577171406249996 0.7747327562499999 0.2998863640625 0.7525375125 0.281841925 0.7023760703125 0.32717261249999996
2 0.5765503187500001 0.413761828125 0.61100435 0.45189115468749996 0.6584729140625 0.409325846875 0.6117270453125 0.373563084375 0.5765503187500001 0.413761828125
2 0.18420030781250002 0.6058979890625 0.1882363859375 0.621577625 0.257696634375 0.6178560390625 0.25835215312500004 0.5985316578125001 0.18420030781250002 0.6058979890625
2 0.3406384421875 0.8787294125 0.362943225 0.9205221859374999 0.39703862343749996 0.909782225 0.37300202968749996 0.8628579890625 0.3406384421875 0.8787294125
2 0.3011875390625 0.9293994812499999 0.3285717875 0.9116099078125 0.326428403125 0.9082577765625001 0.310334284375 0.8914589812499999 0.279906 0.9030075546875 0.3011875390625 0.9293994812499999
2 0.3276648328125 0.6928107921875 0.33651506875 0.7258777734375 0.3677509015625 0.7106669140624999 0.36191109843749997 0.680666115625 0.3276648328125 0.6928107921875
2 0.3055447046875 0.6641204953125001 0.2774165078125 0.674831871875 0.288101509375 0.696969065625 0.32125987500000003 0.6858342640624999 0.3055447046875 0.6641204953125001
2 0.343735540625 0.8002711874999999 0.33323933125 0.7685696765625 0.30389253125 0.7762072171875001 0.31175420468750004 0.8084040124999999 0.343735540625 0.8002711874999999
2 0.50999794375 0.9450287828124999 0.54192030625 0.9249743140625 0.5333073484375 0.8969900609374999 0.4892448390625 0.91798429375 0.50999794375 0.9450287828124999
2 0.24796900625 0.9797255249999999 0.28523533125 0.9650733031250001 0.27401229374999997 0.9349768718749999 0.23712883749999997 0.950446675 0.24796900625 0.9797255249999999