2 0.7205792765625 0.172623221875 0.7051650281249999 0.12281664218749999 0.6601847796875 0.134424034375 0.67686209375 0.18455528125 0.7205792765625 0.172623221875
2 0.66867765 0.16549314843750002 0.6563670890625 0.1332884671875 0.5960344140625 0.1535764734375 0.60979111875 0.18371584218749998 0.66867765 0.16549314843750002
2 0.63439409375 0 0.64237801875 0.026598343749999996 0.705770071875 0.0099928421875 0.70257215625 0 0.63439409375 0
2 0.7244057421875 0.08148828125 0.7817797234375 0.068355565625 0.770809128125 0.0335013890625 0.7146750859375001 0.0433993359375 0.7244057421875 0.08148828125
2 0.7776551328125 0.3971576609375 0.862372596875 0.3749815984375 0.8415013859375 0.30448484374999996 0.7521055390625 0.3274826546875 0.7776551328125 0.3971576609375
2 0.43032039843750003 0.4994111015625 0.502689603125 0.48242850625000006 0.49498882499999997 0.44217449531249997 0.4206589546875 0.458295403125 0.43032039843750003 0.4994111015625
2 1 0.7512998734375 0.9983390828125 0.74602226875 0.8880640218750001 0.7702916015625 0.893564303125 0.8049045234375001 1 0.7828090375000001 1 0.7512998734375
2 0.797314628125 0.929222396875 0.7904441046875 0.8936769984374999 0.6838784703125 0.91846793125 0.6899305874999999 0.94936291875 0.797314628125 0.929222396875
2 0.503929296875 0.8416439625000001 0.485326903125 0.784014334375 0.42843427656250005 0.7964576765625 0.4426357921875 0.8530545703125 0.503929296875 0.8416439625000001
2 0.23705524531250002 0.45991337187500003 0.21933004375 0.3884525453125 0.1702652703125 0.39570143125 0.1887630578125 0.4732534515625 0.23705524531250002 0.45991337187500003
2 0.3126904546875 0.47854057031249997 0.33177205 0.5457354265625 0.36534289375 0.534388209375 0.3476019171875 0.47479637343750003 0.3126904546875 0.47854057031249997
2 0.3718936484375 0.38005126875 0.32408154843750003 0.3927037859375 0.35135001093749996 0.4687077109375 0.3958242375 0.454230528125 0.3718936484375 0.38005126875
2 0.47610604843750004 0.43766304062500005 0.5235383578125 0.42628489687500004 0.502185246875 0.3564744359375 0.45169229375000003 0.3641718859375 0.47610604843750004 0.43766304062500005
2 0.5914566703124999 0.47296105781250003 0.6559241890624999 0.45902657031249994 0.6363947515625 0.3858815859375 0.5770250546875 0.404792384375 0.5914566703124999 0.47296105781250003
2 1 0.5303359453125001 0.9862964484375001 0.48111707031249995 0.940647803125 0.48722415625000004 0.9675348171874999 0.59525748125 1 0.587884828125 1 0.5303359453125001
2 0.41353276718750004 0.903417128125 0.4012843015625 0.8510579734375 0.363972059375 0.85486374375 0.377896615625 0.9133181984375 0.41353276718750004 0.903417128125
2 0.42346826562500006 0.8589046640625 0.43561368749999996 0.8953017125 0.5001767359375 0.87848973125 0.49987035312500006 0.8459787078125001 0.42346826562500006 0.8589046640625
2 0.3110509 0.708600084375 0.2949803640625 0.648232965625 0.25970365 0.6567442578125 0.27362820625 0.7151987125 0.3110509 0.708600084375
2 0.8867180671874999 0.4617535640625 0.8805407515624999 0.41475282187499996 0.8240170046875 0.42757854375 0.8357419500000001 0.47013911875 0.8867180671874999 0.4617535640625