2 0.51979536875 0.61912864375 0.44322525468749996 0.6270316 0.4480877859375 0.6617745375 0.5221167125 0.6562789046875 0.51979536875 0.61912864375
2 0.5942440640625 0.634244865625 0.556954134375 0.6382237109375 0.5655661375000001 0.7132348562499999 0.60198653125 0.7129567531250001 0.5942440640625 0.634244865625
2 0.6179993546875 0.7654953328125 0.6223471875000001 0.8398304859374999 0.63610515 0.8399389968750001 0.6341144203125 0.765312853125 0.6179993546875 0.7654953328125
2 0.1671580921875 0.856490765625 0.13546611875 0.85109721875 0.124396390625 0.9069611171874999 0.1585991765625 0.9129436890625 0.1671580921875 0.856490765625
2 0.250915209375 0.2613220421875 0.21031148437499997 0.263313359375 0.22134346093750001 0.343417546875 0.25739316093750003 0.3449795875 0.250915209375 0.2613220421875
2 0 0.2731349140625 0.022889721874999998 0.274944146875 0.018550925 0.2347482984375 0 0.235468828125 0 0.2731349140625
2 0.5023770578125 0.258296184375 0.4510667921875 0.2577090203125 0.4545347640625 0.2908254140625 0.5064809 0.290437190625 0.5023770578125 0.258296184375
2 0.6689301249999999 0.169566784375 0.6192795734375001 0.1723682328125 0.6205382609375001 0.206953884375 0.6688788125 0.2064070140625 0.6689301249999999 0.169566784375
2 0.632414290625 0 0.6342440609375 0.0411555453125 0.6719251453124999 0.0365288890625 0.668519034375 0 0.632414290625 0
2 0.3954834921875 0.0435176203125 0.47884821562499996 0.037475478125 0.47576247031249996 0.0013179625 0.39779401875 0.0087944046875 0.3954834921875 0.0435176203125
2 0.860285721875 0.151459875 0.8195186484375 0.15317214375 0.8247994546875 0.2010400640625 0.862406628125 0.195824275 0.860285721875 0.151459875
2 0.7469098484375001 0.262712428125 0.755514359375 0.303584078125 0.8196886734375 0.2957044625 0.81637374375 0.258975303125 0.7469098484375001 0.262712428125
2 0.9157795453125 0.37255111093750004 0.9179816046875 0.414807090625 0.9521282937500001 0.41061440468750005 0.9488135546875001 0.3738867953125 0.9157795453125 0.37255111093750004
2 0.23817335156250002 0.7384595218750001 0.2322697828125 0.6709035562500001 0.21578421250000002 0.6729277312499999 0.22485999375 0.7371000015625 0.23817335156250002 0.7384595218750001