2 0.2876135203125 0.003310896875 0.277956128125 0.0379303234375 0.3000392390625 0.047028175 0.313386415625 0.011729721875 0.2876135203125 0.003310896875
2 0.6565708781249999 0.1897729078125 0.64537206875 0.185500884375 0.6318310953124999 0.2477534328125 0.6441010078125 0.258471634375 0.6565708781249999 0.1897729078125
2 0.9142689171875 0.3375128375 0.8485060859375 0.321375246875 0.8386453656249999 0.37875033125 0.904196384375 0.393958778125 0.9142689171875 0.3375128375
2 0.814200875 0.2841763671875 0.80431331875 0.328954815625 0.8430903015625001 0.3386016609375 0.8476001328124999 0.28946991093749996 0.814200875 0.2841763671875
2 0.890359371875 0.21363596093749998 0.863868246875 0.20781275 0.8581106984375 0.2615674046875 0.8852948125 0.26418871093749996 0.890359371875 0.21363596093749998
2 0.8978781375 0.46022433906250004 0.9040854406250001 0.420323353125 0.8878125078125001 0.4210342671875 0.88268898125 0.45749005781249996 0.8978781375 0.46022433906250004
2 0.8784749640625 0.42601760625 0.8671787484375001 0.422932640625 0.86312968125 0.4517432515625 0.8763929671874999 0.45540446250000005 0.8784749640625 0.42601760625
2 0.7766002375000001 0.07712997031249999 0.815451071875 0.0834894765625 0.8205743812499999 0.047035234375 0.7794645796874999 0.0454547234375 0.7766002375000001 0.07712997031249999
2 0.0232688078125 0.899420221875 0.0395439984375 0.9032065125000001 0.0449980609375 0.8643988359374999 0.0294781515625 0.8640179890624999 0.0232688078125 0.899420221875
2 0.0470081140625 0.862884153125 0.0497350359375 0.8434810890625 0.0373984625 0.8417472968749999 0.035415245312499996 0.855858615625 0.0470081140625 0.862884153125
2 0.028420646875 0.8371878265625 0.011967182812500001 0.8351752375 0.00990155 0.8498729812500001 0.0270183421875 0.8516790046875 0.028420646875 0.8371878265625