2 0.8290773609375 0.9183272875 0.7997144406250001 0.929836046875 0.8222424500000001 0.9785049703125 0.8587870859375 0.968996528125 0.8290773609375 0.9183272875
2 0.6993962171875 0.9533716765625 0.71406603125 0.9791908640625 0.77850155 0.9856758937500001 0.7635369468750001 0.9383786375 0.6993962171875 0.9533716765625
2 0.4571397390625 0.8098677953125 0.46446529999999997 0.8543500546875 0.53388001875 0.844692996875 0.531676021875 0.802638209375 0.4571397390625 0.8098677953125
2 0.14765061875000002 0.241168634375 0.1368773453125 0.321495675 0.39628803437500004 0.3634813953125 0.415979909375 0.2786188765625 0.14765061875000002 0.241168634375
2 0.0997589984375 0.5344770578125 0.0508309671875 0.522086396875 0.048353201562499996 0.5542226140625 0.0976543859375 0.5578504875 0.0997589984375 0.5344770578125
2 0.11045131718750001 0.1666821640625 0.11221863437499999 0.1051068453125 0.041166353125 0.09943015468750001 0.04220698125 0.16693539375 0.11045131718750001 0.1666821640625
2 0.355925309375 0.085686546875 0.24914849687500001 0.0813125703125 0.25279606875 0.1509123671875 0.35822958437499997 0.1534791703125 0.355925309375 0.085686546875
2 1 0.6395217921875 0.97971894375 0.64788361875 0.989717896875 0.687786875 1 0.68527133125 1 0.6395217921875
2 0.9350708171875001 0.36773326093750003 0.945129159375 0.3372963859375 0.9084484625 0.3283256859375 0.8943570484375 0.35325045624999996 0.9350708171875001 0.36773326093750003
2 0.9119140390625 0.129726825 0.9824669234375 0.1523560109375 0.9815255296875 0.1343931625 0.9165796078125 0.1128548375 0.9119140390625 0.129726825
2 0.981951825 0.169008915625 0.9197016093749999 0.14594460625 0.9134348078125001 0.158744815625 0.9801267843750001 0.1871183125 0.981951825 0.169008915625
2 0.9092776375 0.18528782500000002 0.97174513125 0.21249800625 0.98216256875 0.19948183749999998 0.915615415625 0.173871734375 0.9092776375 0.18528782500000002
2 0.36404588125 0.1321126734375 0.3668058640625 0.158294734375 0.44653533124999994 0.1707422 0.45193327656250004 0.14136318125 0.36404588125 0.1321126734375