2 0 0.43136093750000004 0.024640625 0.4332734375 0.022265625 0.384571875 0.0008906249999999999 0.384571875 0 0.43136093750000004
2 0.1932671875 0.025848437499999998 0.19207968749999998 0.053762500000000005 0.23364218750000001 0.0591078125 0.2351265625 0.0581875 0.23364218750000001 0.0288171875 0.1932671875 0.025848437499999998
2 0.931303125 0.1588859375 0.9390218750000001 0.10068125000000001 0.8796453124999999 0.092959375 0.8781625 0.0938125 0.8671765625000001 0.15294687499999998 0.931303125 0.1588859375
2 0.966334375 0.11875 0.9627718749999999 0.1291890625 0.998753125 0.14344218749999998 0.998753125 0.12265625 0.966334375 0.11875
2 0.949709375 0.1618546875 0.947928125 0.1826421875 0.9972093750000001 0.182046875 0.998753125 0.1636359375 0.949709375 0.1618546875
2 0.6706453125 0.1784234375 0.6748000000000001 0.16126093749999998 0.60176875 0.135721875 0.6041453125 0.156509375 0.6706453125 0.1784234375
2 0.5798 0.1730796875 0.5726765625 0.1856109375 0.6748000000000001 0.21233749999999998 0.6860828125 0.199865625 0.5798 0.1730796875
2 0.56376875 0.20402187500000002 0.5608 0.21649531249999998 0.6635203125 0.247971875 0.6664890625 0.2343125 0.56376875 0.20402187500000002
2 0.6537234375 0.8276937500000001 0.6350203125 0.93156875 0.68726875 0.935725 0.7098328125 0.8353546875 0.6537234375 0.8276937500000001
2 0.484503125 0.898053125 0.48598749999999996 0.9179078125 0.5334875 0.9149390625 0.53289375 0.898903125 0.484503125 0.898053125
2 0.486284375 0.9363484375000001 0.48539374999999996 0.9582937499999999 0.5305187499999999 0.9553234375 0.53289375 0.9386953124999999 0.486284375 0.9363484375000001
2 0.553971875 0.95238125 0.55308125 0.9707671875000001 0.5857375 0.9725484375000001 0.5881140625 0.9588875 0.553971875 0.95238125
2 0.6002859375 0.9577249999999999 0.59345625 0.9713609375000001 0.6421453125000001 0.9743296875 0.64333125 0.9612640625 0.6002859375 0.9577249999999999
2 0.7000359375 0.960396875 0.6967703125 0.9814578125000001 0.7579265625 0.987396875 0.7620828125 0.967796875 0.7000359375 0.960396875
2 0.8799421875 0.9826625 0.8731140625 0.99868125 0.920021875 0.998753125 0.9182406249999999 0.9921468750000001 0.8799421875 0.9826625
2 0.473815625 0.9791000000000001 0.47292500000000004 0.998753125 0.5239874999999999 0.998753125 0.5192375 0.9802687499999999 0.473815625 0.9791000000000001
2 0.12647031250000002 0.29331406250000003 0.1237984375 0.3055828125 0.17901562499999998 0.3091453125 0.1736734375 0.29726718750000003 0.12647031250000002 0.29331406250000003