2 0.48513217812500004 0.37877361875000004 0.55940174375 0.3765100828125 0.564230259375 0.3380322421875 0.4910859203125 0.34387377343750003 0.48513217812500004 0.37877361875000004
2 0.5166068671875 0.4807712765625 0.583824971875 0.47423246093750004 0.5820404171875 0.440385221875 0.516665409375 0.44339629374999995 0.5166068671875 0.4807712765625
2 0.57699445 0.4063576015625 0.5795638265624999 0.4462741484375 0.667777409375 0.42764366093749995 0.668377853125 0.3932442125 0.57699445 0.4063576015625
2 0.92970868125 0.56108844375 0.9302565046875 0.5977457734375 0.9861743828125 0.592195828125 0.9837961671875 0.5583382296875 0.92970868125 0.56108844375
2 0.9291399046875 0.6447053140625 0.9198712390624999 0.6824008578125 0.9541585578125 0.691305296875 0.9649133078125001 0.6535247390625 0.9291399046875 0.6447053140625
2 0.604425815625 0.6719549203125 0.6152776890625 0.747683971875 0.6617384328125 0.7395951546874999 0.6409842546875 0.6698207546875 0.604425815625 0.6719549203125
2 0.351979528125 0.6924584968749999 0.3486800203125 0.745402728125 0.3907485984375 0.7508830718749999 0.3952629640625 0.6963816828125 0.351979528125 0.6924584968749999
2 0.23442240625 0.435966215625 0.224721490625 0.46440436875 0.28985840937499996 0.47503340781250003 0.2957619296875 0.44310032499999996 0.23442240625 0.435966215625
2 0.3617412703125 0.38836692500000003 0.356083875 0.42338914843750003 0.3922334265625 0.42758005781249997 0.39585392656249996 0.3902672484375 0.3617412703125 0.38836692500000003
2 0.17962435000000002 0.207256275 0.1715605375 0.243968009375 0.2773804578125 0.27132523750000004 0.291124228125 0.23240917187500001 0.17962435000000002 0.207256275
2 0.147717371875 0.4531353078125 0.1411106859375 0.49142114843750007 0.19269851093749998 0.49588153437500004 0.2045872609375 0.4610868484375 0.147717371875 0.4531353078125
2 0.0453210421875 0.39974636406249997 0.0423489859375 0.43393095156249994 0.09627005625 0.44080430000000004 0.1016492453125 0.4047098703125 0.0453210421875 0.39974636406249997
2 0.22027205 0.3280700140625 0.20865089062500003 0.36445555 0.24237560781249998 0.3715702109375 0.253692984375 0.33557787031249997 0.22027205 0.3280700140625
2 0.08169569843749999 0.3060778609375 0.073678 0.340147809375 0.12718137812500002 0.33692951875 0.132467390625 0.30617333750000003 0.08169569843749999 0.3060778609375
2 0.5181226171875 0.6320817125 0.521446484375 0.645783996875 0.595196409375 0.63935919375 0.59550700625 0.6215650296875 0.5181226171875 0.6320817125
2 0.8059675234375 0.19950504062500002 0.7961038921875 0.2542756140625 0.8292779078124999 0.2590084265625 0.84208125 0.20583783906250003 0.8059675234375 0.19950504062500002
2 0.599855215625 0.1683296984375 0.5974298265625 0.20512734843749997 0.6342486453125 0.20517618437500001 0.6383592874999999 0.173804084375 0.599855215625 0.1683296984375
2 0.5729062625 0.045110920312500004 0.5618892921875001 0.0035697375000000005 0.543684284375 0.0006863484375 0.53389736875 0.0005155171875 0.537193509375 0.0498274265625 0.5729062625 0.045110920312500004
2 0.334947678125 0.23932661249999998 0.32721836249999997 0.2739751203125 0.353807240625 0.281559065625 0.3621371859375 0.246700696875 0.334947678125 0.23932661249999998
2 0.1665556640625 0.85380791875 0.1613256625 0.8643448093749999 0.1909361578125 0.8690154203124999 0.19417363125 0.8536461421875 0.1665556640625 0.85380791875
2 0.1662855453125 0.8863831640625 0.24275377968749998 0.8942423546875 0.24898022343749998 0.8777406953125 0.164773715625 0.8709325515625 0.1662855453125 0.8863831640625
2 0.6651214015625 0.9710488203125 0.6679934953125 0.993622696875 0.7018735125 0.991840275 0.7040670140625 0.9681483875 0.6651214015625 0.9710488203125
2 0.750323940625 0.4955305734375 0.8227504078125 0.49679478125000004 0.8235511515624999 0.484941328125 0.750593115625 0.48010948750000004 0.750323940625 0.4955305734375
2 0.9734457296875 0.504913515625 0.9708563187499999 0.5171764421875 0.9985001296875 0.5188466468749999 0.99876930625 0.503425559375 0.9734457296875 0.504913515625
2 0.8735013453124999 0.4810687390625 0.924297253125 0.49678733125 0.9380529515625 0.457277634375 0.8884029390625001 0.4439528421875 0.8735013453124999 0.4810687390625
2 1 0.3660468859375 0.9760053703124999 0.35827179062500003 0.9721846 0.3730370453125 1 0.38330430937500004 1 0.3660468859375
2 1 0.3343624640625 0.9827685046875001 0.32803365625 0.9804508609375 0.3417374828125 0.9998863281249999 0.350976521875 1 0.34997972499999996 1 0.3343624640625
2 0.7558814796875 0.05806562656249999 0.7553098265625 0.073804921875 0.8294256843750001 0.08043693125 0.835056903125 0.0639248828125 0.7558814796875 0.05806562656249999
2 0.7962851015625 0.090799190625 0.79867125 0.10719176718750001 0.8278019921875 0.105326446875 0.8327997203124999 0.0911755765625 0.7962851015625 0.090799190625
2 0.3579086609375 0.5569053937499999 0.40532894375 0.561886875 0.4103935609375 0.4759512390625 0.36529456875 0.473977915625 0.3579086609375 0.5569053937499999