2 0.5333565328125001 0.9279550515625001 0.48335702812500003 0.9307905921874999 0.48261215156250004 0.9612172359375 0.536475396875 0.9585821843750001 0.5333565328125001 0.9279550515625001
2 0.073489359375 0.4053565953125 0.0725275921875 0.43754966093750003 0.1405310015625 0.4415655640625 0.1419769265625 0.402993328125 0.073489359375 0.4053565953125
2 0.07914772812500001 0.2959494234375 0.0683224234375 0.330522225 0.1286012046875 0.3413962890625 0.1375010859375 0.30790155937499997 0.07914772812500001 0.2959494234375
2 0.8670947921875 0.6751304984375001 0.862741609375 0.7057123046875 0.9065663734375 0.714189828125 0.912236534375 0.6728949156249999 0.8670947921875 0.6751304984375001
2 0.802197925 0.7018677296875 0.8034587999999999 0.7403189390625 0.825319509375 0.7401065046874999 0.8258417046875 0.7041726109375 0.802197925 0.7018677296875
2 0.1028009859375 0.371257428125 0.0979946859375 0.3957983609375 0.1373352125 0.3945128703125 0.13557736250000002 0.37228924218750004 0.1028009859375 0.371257428125
2 0.3098499890625 0.555847509375 0.30775098125 0.5729425671875 0.3451837640625 0.5725783234375 0.34682244375 0.556796328125 0.3098499890625 0.555847509375
2 0.313117390625 0.5341086671874999 0.31057377812500003 0.549952715625 0.346906475 0.5512527484375 0.3465539015625 0.5346233265625 0.313117390625 0.5341086671874999
2 0.326104975 0.511170478125 0.3182558921875 0.5263630953125 0.33780078750000003 0.5303953890625001 0.3378175484375 0.5132068109375 0.326104975 0.511170478125
2 0.2700797046875 0.21228360781250002 0.26540631875 0.2308571984375 0.31805239375 0.2381352015625 0.3202564328125 0.22263357187500002 0.2700797046875 0.21228360781250002
2 0.2547061984375 0.1523539671875 0.25282426875 0.16768105 0.3108394953125 0.1726430015625 0.3081073734375 0.1559181875 0.2547061984375 0.1523539671875
2 0.0330949953125 0.21011281875 0.0304892765625 0.2313346953125 0.0572177453125 0.23581295781249997 0.0548089859375 0.2115825421875 0.0330949953125 0.21011281875
2 0.0637533265625 0.12412065624999999 0.0646318921875 0.155941478125 0.116485140625 0.15506048125 0.10271064375000001 0.1235201328125 0.0637533265625 0.12412065624999999
2 0.0785266765625 0.21329829218750002 0.0676293984375 0.2143531109375 0.0675154421875 0.2298972734375 0.08069920781249999 0.22972140937500002 0.0785266765625 0.21329829218750002
2 0.10501666875 0.23629647187499997 0.0919052625 0.2358830109375 0.084756765625 0.24538263749999997 0.104384196875 0.25117876093749997 0.10501666875 0.23629647187499997
2 0.086974175 0.1688590390625 0.074598365625 0.16733947968750001 0.065292265625 0.1846673234375 0.086426059375 0.18793914843749998 0.086974175 0.1688590390625
2 0.6803577296875 0.997464665625 0.6916067421875 0.9886731703124999 0.6834804125 0.9769044750000001 0.6726267140625 0.982476396875 0.6803577296875 0.997464665625
2 0.700426096875 0.980181559375 0.7111993515624999 0.9898808484374999 0.7233994890625 0.9782150921874999 0.7149023296875 0.9670305546875 0.700426096875 0.980181559375
2 0.7431571390625 0.9878226828125 0.752267484375 0.9769739640624999 0.7449462 0.9635079125000001 0.7302713859375001 0.9734042046875 0.7431571390625 0.9878226828125
2 0.7013464578125 0.9629417828125 0.71729961875 0.9499422125000001 0.6976141390625 0.93974685 0.6849398546875001 0.9552742296875 0.7013464578125 0.9629417828125