2 0.73577364375 0.570455865625 0.745768959375 0.5211454859375 0.6904818671874999 0.5159386687499999 0.683775175 0.565034178125 0.73577364375 0.570455865625
2 0.802244478125 0.2923072671875 0.94119338125 0.2799948609375 0.937346390625 0.22435660156249998 0.7983817906249999 0.236893459375 0.802244478125 0.2923072671875
2 0.3433836265625 0.036362784375 0.3509945546875 0.0041496015625 0.29166028437499997 0.001471315625 0.2829686515625 0.0321381578125 0.3433836265625 0.036362784375
2 0 0.583926596875 0.038176554687499996 0.5877611078125 0.047831228125 0.509252715625 0.014235592187500002 0.5045226796875 0 0.5794519265625 0 0.583926596875
2 0.052213328125 0 0.045068221874999995 0.0125249734375 0.141406521875 0.02223916875 0.1438831625 0.008100928125 0.07781210937500001 0 0.052213328125 0
2 0.5402107359375 0.6603753125 0.48706907812500005 0.6542784875 0.4818704484375 0.6860635890625 0.5325185265625 0.6937732125 0.5402107359375 0.6603753125
2 0.6163584140625 0.5757998343749999 0.61302078125 0.521389159375 0.580665071875 0.52448499375 0.5802708671875 0.5726811484375001 0.6163584140625 0.5757998343749999
2 0.2757963734375 0.7049940765625 0.2834471640625 0.6721884796875 0.25045767343750003 0.667301909375 0.24406059375 0.699202128125 0.2757963734375 0.7049940765625
2 0.28912388437500003 0.276072675 0.29439311562500003 0.23476617968750002 0.2550727171875 0.23104238124999998 0.24972957343750002 0.269149990625 0.28912388437500003 0.276072675
2 0.0402232140625 0.45632902499999994 0.054998487500000005 0.4067561265625 0.0152818796875 0.40444250000000004 0.0100571453125 0.45362440781249996 0.0402232140625 0.45632902499999994
2 0.973813684375 0.8740674687500001 0.9776665296875 0.8189692000000001 0.811371053125 0.8001951578125001 0.8025710203124999 0.8579250484375001 0.973813684375 0.8740674687500001
2 0.8714809296875 0.9705062046874999 0.8761702 0.9374935203125 0.8127979015625 0.9244677234375 0.8063259703125001 0.965950125 0.8714809296875 0.9705062046874999
2 0.7700498546875 0.23349478281249997 0.781056365625 0.1527001203125 0.7316355515625 0.1572309234375 0.7221683296875 0.2372921109375 0.7700498546875 0.23349478281249997