2 0.729917465625 0.1972129875 0.7321277015625001 0.1491710671875 0.7066289375 0.1475999828125 0.7103275703125 0.1975108765625 0.729917465625 0.1972129875
2 0.3771200015625 0.759463971875 0.3699677703125 0.714306553125 0.3494423703125 0.7175574578125 0.356594603125 0.7627148765625 0.3771200015625 0.759463971875
2 0.7957302937499999 0.95813106875 0.8340433421875 0.9520628796875 0.8179170421874999 0.92109178125 0.7866607890624999 0.9274470812500001 0.7957302937499999 0.95813106875
2 0.7318586640625 0.9445414203125001 0.7355214296875 0.9676672171874999 0.7888874671874999 0.959214865625 0.7775166703124999 0.9317002109375 0.7318586640625 0.9445414203125001
2 0.6941989453125 0.81304184375 0.6805148328125 0.81520919375 0.708582703125 0.9215764078124999 0.7193140484375 0.9184750968750001 0.6941989453125 0.81304184375
2 0.7207799640625 0.8214559984375001 0.704359646875 0.824056721875 0.728676275 0.9155890531249999 0.7409915109375 0.9136385109375 0.7207799640625 0.8214559984375001
2 0.742889503125 0.8193574046875 0.7266875359375 0.8233267578125 0.74681775625 0.8972867062500001 0.7568286203125 0.898505984375 0.742889503125 0.8193574046875
2 0.7574963046875001 0.7875875078125001 0.743813734375 0.7897546140625 0.7673431546875 0.8940358015625 0.7800917671875001 0.8948214640625001 0.7574963046875001 0.7875875078125001
2 0.76628813125 0.7988191921875 0.7849155390625 0.889849396875 0.804288871875 0.8881841734375 0.77975698125 0.7952827234375001 0.76628813125 0.7988191921875
2 0.8075013359375 0.8287609734375 0.7938172234375 0.8309283234375 0.8066602187499999 0.876587628125 0.8194770968749999 0.8689447796875 0.8075013359375 0.8287609734375
2 0.42318575156250005 0.69605990625 0.3948835671875 0.7033473765625 0.40534215937500007 0.73395215 0.42723488906249996 0.7304846828125 0.42318575156250005 0.69605990625
2 0.7212731921875 0.284847296875 0.743564084375 0.281316765625 0.7356289765625 0.21223887812500003 0.7150978 0.21308609218750002 0.7212731921875 0.284847296875