2 0.4640625 0.95703125 0.0484375 0.05
2 0.8023088640625 0.5892781874999999 0.8545996609375001 0.583254421875 0.834993578125 0.5263856421875001 0.7897876593750001 0.546108259375 0.8023088640625 0.5892781874999999
2 0.6227581921875001 0.3785236625 0.6248819343750001 0.32791879687500003 0.565981540625 0.3544090078125 0.5689995437500001 0.3884913640625 0.6227581921875001 0.3785236625
2 0.31404301874999996 0.0031697265625 0.266985309375 0.003991121875 0.27904384375 0.027277340625 0.31404301874999996 0.0031697265625
2 0 0.50436346875 0.000064134375 0.5080377296874999 0.0325579328125 0.5119132468750001 0.0399176859375 0.4654455984375 0.0018209562499999997 0.45801161874999996 0 0.47588651249999997 0 0.50436346875
2 0.9839534734375001 0.3501875625 0.941887484375 0.358935 0.9495046015625 0.42598647031250003 0.9859472125 0.4261550515625 0.9839534734375001 0.3501875625
2 1 0.5225429453125 0.942128190625 0.52568658125 0.9467912406250001 0.593670221875 0.9901558921875001 0.5935335140625 1 0.5313802640625 1 0.5225429453125
2 0.7040959171875001 0.7709778859374999 0.70338416875 0.740043503125 0.6612510421875 0.7403752640625 0.6654186640625 0.7760587343750001 0.7040959171875001 0.7709778859374999
2 0.330661465625 0.306761784375 0.3251925046875 0.27486985937499997 0.28761006718750004 0.28252713125 0.28963655625 0.3152786171875 0.330661465625 0.306761784375
2 0.0029211328125000003 0.6717150515625 0.06459474531250001 0.66768806875 0.063453625 0.6578129781250001 0.0026852375 0.65820055625 0.0029211328125000003 0.6717150515625
2 0.177064884375 0.6920224953125 0.175751528125 0.7060079765625 0.22672276875000003 0.7125006328125 0.23256128125000003 0.698410821875 0.177064884375 0.6920224953125
2 0.1802829796875 0.6679087234375001 0.1770518921875 0.68640125625 0.19771654375 0.686885190625 0.19834010468750002 0.6677660984375 0.1802829796875 0.6679087234375001