2 0.7551889421875 0.9091799437500001 0.8599674140625 0.870952278125 0.8172708468750001 0.7814337359375 0.7172365125 0.8241951562500001 0.7551889421875 0.9091799437500001
2 0.21952209374999998 0.224925040625 0.199461525 0.1736013125 0.0873500953125 0.2154559265625 0.1107204453125 0.2693627328125 0.21952209374999998 0.224925040625
2 0.12366376875 0.053224275 0.1460360421875 0.1063232609375 0.19811974999999998 0.0847210828125 0.1771680671875 0.0358838625 0.12366376875 0.053224275
2 0.42882988749999995 0.029499225 0.368901103125 0.0529934546875 0.3849543734375 0.08628363125 0.44524302968749996 0.06573311093749999 0.42882988749999995 0.029499225
2 0.297850575 0.1418002265625 0.271995703125 0.094441890625 0.22796447031249997 0.1085458890625 0.24875908125 0.16097590625 0.297850575 0.1418002265625
2 0.1816056875 0.3156392453125 0.15757499218749998 0.2733935828125 0.099249571875 0.292881296875 0.1241710046875 0.3448046046875 0.1816056875 0.3156392453125
2 0.8465677765624999 0.1479335140625 0.8830334843750001 0.2183738890625 0.9648342124999999 0.1830163375 0.9455571671874999 0.1112777640625 0.8465677765624999 0.1479335140625
2 0.8982744281249999 0.2718699234375 0.9160821531250001 0.3048329078125 0.9759667875 0.2736838765625 0.9707455843749999 0.23846863125 0.8982744281249999 0.2718699234375
2 0.75573163125 0.353317365625 0.744045109375 0.32147455625 0.6693619156249999 0.346591490625 0.68805999375 0.3819466125 0.75573163125 0.353317365625
2 0.7077827203125 0.25999809375 0.70334918125 0.24581392968750002 0.6318918484375 0.27529211249999996 0.646810540625 0.289597803125 0.7077827203125 0.25999809375
2 0.3165136796875 0.352263275 0.31006435312499997 0.3387138796875 0.277184690625 0.35350773750000003 0.2865808296875 0.3666968828125 0.3165136796875 0.352263275
2 0.20423097656250003 0.3732220671875 0.2024422734375 0.36109025156249996 0.1309992203125 0.3857999015625 0.13501772031249998 0.399052703125 0.20423097656250003 0.3732220671875
2 0.3291960171875 0.3776002953125 0.3217302 0.36795229687500003 0.2898668390625 0.37884320625 0.29521161875 0.3931280046875 0.3291960171875 0.3776002953125
2 0.3353956 0.403731725 0.3318373984375 0.39180458125 0.29644059375 0.4031372125 0.30104997031249997 0.4163174640625 0.3353956 0.403731725
2 0.327018 0.4280700484375 0.32249689843749996 0.4180447421875 0.30493476875000003 0.4236093171875 0.31359705625 0.435693725 0.327018 0.4280700484375
2 0.671340140625 0.9814623250000001 0.65798480625 0.97011944375 0.6219418218749999 0.983510228125 0.6230155500000001 0.9873958375 0.671340140625 0.9814623250000001
2 0.4583642015625 1 0.475806375 0.9942985109375 0.46226017812500003 0.9594899203124999 0.44037025312500006 0.9663604046875 0.45496745625 1 0.4583642015625 1