2 0 0.9504755046875 0.0400442 0.9522983015625 0.051587884375000004 0.8939406203125 0 0.889554803125 0 0.9504755046875
2 0.0704111921875 0.7462138031250001 0.0339109484375 0.7366294359375 0.0282322421875 0.7631411546875 0.06367149375 0.769126925 0.0704111921875 0.7462138031250001
2 0.2353551640625 0.39525803593750003 0.2447320953125 0.38193498125 0.17510625156249998 0.37671439375000004 0.17202822499999998 0.38829840312499997 0.2353551640625 0.39525803593750003
2 0.3440164703125 0.1758838109375 0.35228965625 0.1091021703125 0.29510006718750004 0.104985025 0.28592496562499997 0.1720744375 0.3440164703125 0.1758838109375
2 0.303623115625 0.17565990468749998 0.25428910937500004 0.17631044375 0.2525157359375 0.21008006250000003 0.29808241562500004 0.21523283124999998 0.303623115625 0.17565990468749998
2 0.225440803125 0.1687740609375 0.2252062359375 0.1414648640625 0.174401028125 0.1417122515625 0.1713787953125 0.168666946875 0.225440803125 0.1687740609375
2 0.3809294046875 0.12256613593750001 0.41772104062500004 0.12385092812500001 0.41885264375000003 0.1084591703125 0.3785214 0.106456659375 0.3809294046875 0.12256613593750001
2 0.4140502203125 0.143903784375 0.41630498437499996 0.13033045468749999 0.3868614828125 0.1313316265625 0.3849741921875 0.1428884265625 0.4140502203125 0.143903784375
2 0.016007475 0.22852947031249998 0.0187327671875 0.269579275 0.0505339 0.2691169625 0.052797550000000006 0.22981420625 0.016007475 0.22852947031249998
2 0.909963275 0.9144193390625001 0.9112067859374999 0.929894040625 0.9470641343749999 0.9323688265625 0.9491284640625001 0.91578701875 0.909963275 0.9144193390625001
2 0.8882301968749999 0.9243450390625 0.902471515625 0.9248423562499999 0.9082467812499999 0.9125786265625001 0.88866496875 0.9118948140625 0.8882301968749999 0.9243450390625
2 0.8991855781250001 0.9508419531250001 0.8991925171874999 0.9336301499999999 0.8846341421874999 0.9337502671875001 0.8843524328125 0.95032396875 0.8991855781250001 0.9508419531250001