2 0.4619416015625 0.11556316874999999 0.49922292500000004 0.1240093796875 0.503324525 0.0893055796875 0.46716005000000005 0.0803466078125 0.4619416015625 0.11556316874999999
2 0.2527684171875 0.1959868234375 0.2853117046875 0.2090746109375 0.2984063078125 0.174687790625 0.262476603125 0.162316203125 0.2527684171875 0.1959868234375
2 0.34180277812500004 0.3878747828125 0.37511878125 0.3987184390625 0.39378278906249997 0.35545663125 0.367447275 0.3371063109375 0.34180277812500004 0.3878747828125
2 0.7649684890625 0.5869063328124999 0.8014430656249999 0.601347771875 0.816669125 0.5744487703125001 0.77260784375 0.5537776265625001 0.7649684890625 0.5869063328124999
2 0.86798148125 0.887748453125 0.828997946875 0.8805983578125 0.82438739375 0.9186087953125 0.8657633468749999 0.92337014375 0.86798148125 0.887748453125
2 0.5741640203125 0.90577614375 0.5605440328125 0.9362175890625 0.6001922359375 0.95237975625 0.610620590625 0.9220936171874999 0.6083499546875 0.9223049453125001 0.5741640203125 0.90577614375
2 0.62112015625 0.7274645203125 0.5782768546875 0.7114581156249999 0.5665148921875 0.7437936046875 0.6107136765625001 0.7622464703125 0.62112015625 0.7274645203125
2 0 0.6517369453125 0.026156846875 0.6662651187499999 0.040755275 0.639374753125 0.008375328125000001 0.6212484515625001 0 0.6363470015625 0 0.6517369453125
2 0 0.7393809015625 0.0181535703125 0.7569865124999999 0.043795371875 0.7344985546875 0.0203059328125 0.7087944953124999 0 0.7295847328125 0 0.7393809015625
2 0.22939467656249998 0.7745148609375 0.2737108703125 0.79353861875 0.28048355156250004 0.780247596875 0.236873946875 0.7582694890624999 0.22939467656249998 0.7745148609375
2 0.221390990625 0.7868168437499999 0.2613557609375 0.809359375 0.27016477031249997 0.79927310625 0.22672695156249997 0.7786150296875001 0.221390990625 0.7868168437499999
2 0.214227778125 0.8094440546874999 0.251789653125 0.828022696875 0.2575823734375 0.8194014234375 0.22182832343749997 0.8001414171875 0.214227778125 0.8094440546874999
2 0.180341828125 0.838554075 0.214515809375 0.857848403125 0.22381413593750002 0.8463458421875 0.1885203046875 0.8275682 0.180341828125 0.838554075
2 0.20384439531249998 0.8742505578124999 0.210147346875 0.8632451968750001 0.182165315625 0.8442006921875 0.17642723124999998 0.8553989 0.20384439531249998 0.8742505578124999
2 0.5959126718750001 0.4578054171875 0.581325184375 0.4910518828125 0.6132905390625 0.5058229062499999 0.6281208281249999 0.47095462968749996 0.5959126718750001 0.4578054171875
2 0.1144824640625 0.24561276250000003 0.10512339687500001 0.281912140625 0.1515279046875 0.29851845625 0.16344319062499998 0.2639139546875 0.1144824640625 0.24561276250000003
2 0.6366260406250001 0.3432174796875 0.6270001578125 0.3875818828125 0.6642279656250001 0.401654715625 0.67476915 0.3628340875 0.6366260406250001 0.3432174796875