2 0.117991096875 0.6320968953125 0.21478866562499999 0.63200654375 0.2216569765625 0.5787323609375 0.12134699687499999 0.5759219078125 0.117991096875 0.6320968953125
2 0.1359479890625 0 0.12255176875 0.0306051921875 0.1970837265625 0.047330375 0.2049426328125 0.005347075 0.1693974109375 0 0.1359479890625 0
2 0.19232445781250002 0.14988324687500001 0.20457749375 0.19637136093750002 0.23863347968749998 0.18450766093749998 0.2269948296875 0.1368425921875 0.19232445781250002 0.14988324687500001
2 0.3182889390625 0.17996589999999998 0.3740049828125 0.15186837343749998 0.362659753125 0.121414171875 0.307787015625 0.152140878125 0.3182889390625 0.17996589999999998
2 0.4225595796875 0.3301022890625 0.4129228734375 0.3038301046875 0.359219365625 0.3185138359375 0.3623411484375 0.3438831203125 0.4225595796875 0.3301022890625
2 0.2903634328125 0.3509311328125 0.293999859375 0.3806585 0.349020290625 0.3584809859375 0.339271534375 0.3386281375 0.2903634328125 0.3509311328125
2 0.37707869843749997 0.6561972671875 0.41055295 0.6437295749999999 0.3993731390625 0.6208090937499999 0.36737107343750003 0.6340776015625 0.37707869843749997 0.6561972671875
2 0.42789533124999996 0.670728540625 0.42101106875000005 0.6569641093749999 0.38874642187499997 0.668265234375 0.39553750625 0.6873679140625 0.42789533124999996 0.670728540625
2 0.42955363437500005 0.6778773203124999 0.3930903859375 0.6914789578125 0.4011133078125 0.7082309046875 0.4382307734375 0.69108076875 0.42955363437500005 0.6778773203124999
2 0 0.9220698234375 0.0449773015625 0.9025388171875001 0.027861139062500002 0.8624902499999999 0 0.8763961453125001 0 0.9220698234375
2 0.24172545156249997 0.959959415625 0.24028968125 0.9741724625 0.27714833125 0.971849753125 0.27330328593750003 0.953984615625 0.24172545156249997 0.959959415625
2 0.24963293593749997 0.9832353406250001 0.25357094375 0.995774728125 0.2868158796875 0.9963550218749999 0.28465885 0.9838467203124999 0.24963293593749997 0.9832353406250001