2 0 0.9905945562499999 0.015429403125 0.9895410734375 0.0296893890625 0.9550721953125001 0 0.9412640609375 0 0.9905945562499999
2 0.49269857968749997 0.9999487171875 0.4921429828125 0.96373663125 0.406885153125 0.9661271656249999 0.410188890625 0.9979037249999999 0.49269857968749997 0.9999487171875
2 0.6895532734375001 0.8811599640625 0.6889664 0.8467397906249999 0.655138165625 0.8455554765625 0.659495065625 0.8851281671875 0.6895532734375001 0.8811599640625
2 0.7953899421874999 0.771473175 0.8117157781250001 0.8227784140625 0.8463136671875 0.8138902515625001 0.827145334375 0.7554155625 0.7953899421874999 0.771473175
2 0.12080757499999999 0 0.11444117499999999 0.01207175625 0.1473874640625 0.029851018750000003 0.16305590781249998 0 0.12080757499999999 0
2 0.4559927765625 0.27907175781250004 0.455478384375 0.2404990921875 0.4294088953125 0.237001396875 0.42338292343750006 0.2761287515625 0.4559927765625 0.27907175781250004
2 0.493431175 0.24353535937499998 0.46436255312499997 0.24184184687500002 0.4625023625 0.2803699375 0.4939248703125 0.28329378125 0.493431175 0.24353535937499998
2 0.6325059937499999 0.1688386734375 0.60151145625 0.175417496875 0.6042002703125 0.19148093125 0.6435282734375 0.1838630140625 0.6325059937499999 0.1688386734375
2 0.6078072 0.2229877421875 0.64424975 0.21057186093750002 0.6358586609375 0.1979016125 0.6051494734375 0.205143328125 0.6078072 0.2229877421875
2 0.6815205546875001 0.08248406875 0.6753334921875 0.062798090625 0.6406926187499999 0.0740593015625 0.6422163453125 0.0889178453125 0.6815205546875001 0.08248406875
2 0.7024694125 0.10717374843750001 0.6997806265625 0.0911087515625 0.650064234375 0.0985078328125 0.650060175 0.1157510125 0.7024694125 0.10717374843750001
2 0.8634371812499999 0.0370114 0.8651408 0.007542895312500001 0.78262055625 0.0061024984375 0.7821265171875 0.034406 0.8634371812499999 0.0370114
2 0.9526369593749999 0.26816116874999996 0.9493544859374999 0.25208737187499997 0.9190880109374999 0.250887090625 0.9193712984375001 0.26876819531249996 0.9526369593749999 0.26816116874999996
2 0.9543350937499999 0.2729384078125 0.91928848125 0.2735127859375 0.918424084375 0.28892348437500004 0.9546285453125 0.2901477125 0.9543350937499999 0.2729384078125
2 0.872837671875 0.5871326859375 0.8849318593750001 0.6087001671875 0.9160713062499999 0.593819484375 0.9054709296875 0.5718139437499999 0.872837671875 0.5871326859375
2 0.83209295 0.676003878125 0.8204578484375 0.6621565203124999 0.77089423125 0.6779032890625001 0.7718124015625001 0.693343540625 0.83209295 0.676003878125
2 0.8811265640625001 0.656689503125 0.8778011328125 0.6429871921875 0.8582103671875 0.6426452328125001 0.8615445984375001 0.6557538578125001 0.8811265640625001 0.656689503125
2 0.9922701109375 0.875764153125 0.992477140625 0.8639034609375 0.950606196875 0.8607988015625001 0.9479934421875 0.8743990234375 0.9922701109375 0.875764153125
2 0.9918870578125001 0.8977092484375 0.9912063796874999 0.8822715796875 0.9445929218750001 0.8820986625 0.9439967015624999 0.8992455546875 0.9918870578125001 0.8977092484375