2 0.2539489828125 0.4824384140625 0.256107396875 0.5327053125 0.308313815625 0.5354847281249999 0.309369925 0.485944509375 0.2539489828125 0.4824384140625
2 0.09865482656249999 0.21368563749999997 0.2339669546875 0.24758285624999998 0.24645071562499998 0.1934555421875 0.11115819687499999 0.15933417968750002 0.09865482656249999 0.21368563749999997
2 0.72473903125 0.0335639296875 0.7272170078125 0.0665711265625 0.7875490484375 0.071849496875 0.783761775 0.0402005421875 0.72473903125 0.0335639296875
2 0.942408771875 0.658925725 0.98155220625 0.6611582968749999 0.979076340625 0.58045729375 0.9451543812500001 0.5798735781250001 0.942408771875 0.658925725
2 1 0.07236875937500001 0.9286824171875001 0.0698659703125 0.928916859375 0.0842175765625 1 0.088244121875 1 0.07236875937500001
2 0.4886372484375 0.6544019046875 0.43519610000000003 0.65211048125 0.4375690203125 0.6863005234374999 0.4887995890625 0.6866089234375 0.4886372484375 0.6544019046875
2 0.385024690625 0.503445478125 0.37321644374999996 0.556664146875 0.4093475640625 0.5592291921875 0.416497753125 0.5115647437499999 0.385024690625 0.503445478125
2 0.6869504984375 0.70394488125 0.6893751671875 0.7375434328125 0.7216262890625 0.7367873640625 0.7202982609374999 0.704279165625 0.6869504984375 0.70394488125
2 0.7445672328125 0.2701956515625 0.74330983125 0.311817884375 0.7833020796875 0.31114305781249996 0.7839860625 0.27266876406249996 0.7445672328125 0.2701956515625
2 0.9541093609375 0.4775176859375 0.9609478156250001 0.5287916218750001 0.9911655843749999 0.5308393171875 0.993698921875 0.48144559062500003 0.9541093609375 0.4775176859375
2 0 0.7970152515625 0.1451623171875 0.8061858624999999 0.14550157187499999 0.7477900921875 0 0.741287678125 0 0.7970152515625
2 0.0600220125 0.8732612640624999 0.0594892296875 0.906601071875 0.124554753125 0.9122935671875 0.1246517796875 0.8703094484375 0.0600220125 0.8732612640624999
2 0.276733575 0.11300905624999999 0.2749655078125 0.1945307984375 0.3216635 0.205771696875 0.3248371625 0.1252151953125 0.276733575 0.11300905624999999