2 0.1453288484375 0.1818101109375 0.1747701328125 0.16215375 0.138571446875 0.1095671125 0.110025040625 0.1289874921875 0.1453288484375 0.1818101109375
2 0.3031865625 0.051674975 0.27879118593749996 0.020399140625 0.240393221875 0.0428668 0.2617168140625 0.08001960625 0.3031865625 0.051674975
2 0.3476393140625 0.2606873046875 0.32852478125 0.2330620015625 0.2793492390625 0.2605970265625 0.3007541484375 0.2930911671875 0.3476393140625 0.2606873046875
2 0.3656700703125 0.282359971875 0.3220948328125 0.2952436296875 0.324825040625 0.30893555 0.364808825 0.29776916249999996 0.3656700703125 0.282359971875
2 0.3630521484375 0.3303669078125 0.36333163281249997 0.31435528437500004 0.3361909109375 0.3211967171875 0.337471440625 0.3328880328125 0.3630521484375 0.3303669078125
2 0.3959622109375 0.3161109703125 0.3340166015625 0.3607101015625 0.34449697968750004 0.3727589046875 0.404056053125 0.328710396875 0.3959622109375 0.3161109703125
2 0.0819724828125 0.47733689999999995 0.0296718984375 0.51379999375 0.0511093140625 0.5444319203125 0.10103525937499999 0.507927375 0.0819724828125 0.47733689999999995
2 0.0804526203125 0.6665626312499999 0.049311584375 0.68144485 0.0845310109375 0.7390120312499999 0.1133698375 0.7199389968750001 0.0804526203125 0.6665626312499999
2 0.1094837921875 0.80648591875 0.08110876875 0.765056271875 0.035880959375 0.7874734765625 0.0596080421875 0.8400252640625 0.1094837921875 0.80648591875
2 0.2941832375 0.49943291562500003 0.3274524484375 0.5326436015625 0.34628034375 0.5086482265625001 0.324600309375 0.47490534375 0.2941832375 0.49943291562500003
2 0.1660348203125 0.288367396875 0.15622572343750002 0.3059926375 0.207339465625 0.35453427656250003 0.22033417187499998 0.341521584375 0.1660348203125 0.288367396875
2 0.517703078125 0.111779521875 0.50391075625 0.0854348 0.48077085156250005 0.10130680781250001 0.4924691671875 0.12854324374999998 0.517703078125 0.111779521875
2 0.63437285625 0.1980600796875 0.625788896875 0.17951838281250002 0.576830740625 0.21152038125 0.5880797875 0.23047427968749998 0.63437285625 0.1980600796875
2 0.305107596875 0.5880198765625 0.2981700125 0.5772205921875 0.26723211562500004 0.597565 0.2750519265625 0.60885319375 0.305107596875 0.5880198765625
2 0.320744578125 0.6108368796875 0.310264171875 0.5987896359375 0.283809865625 0.6174276609375 0.293634946875 0.6329077390625 0.320744578125 0.6108368796875
2 0.242586215625 0.39352566875 0.2404289953125 0.381028303125 0.2057798875 0.39276131875 0.20969685 0.406595846875 0.242586215625 0.39352566875
2 0.5672721484375 0.6400578921875 0.5977506203125 0.66313395625 0.6260667062499999 0.6398980359374999 0.6039926484375 0.6116287984375 0.5672721484375 0.6400578921875
2 0.5623090578125 0.686245496875 0.5876464828125 0.6635514265625 0.574520196875 0.650081228125 0.548392496875 0.6670184406249999 0.5623090578125 0.686245496875
2 0.8369508796874999 0.329740609375 0.8054957234375 0.32859771718749997 0.8028471140625 0.3782731203125 0.8324763453124999 0.3818704578125 0.8369508796874999 0.329740609375
2 0.2486299296875 0.42151353281250004 0.2447331265625 0.40661356875 0.2286081671875 0.41184231875000005 0.2289874078125 0.4241367484375 0.2486299296875 0.42151353281250004
2 0.5708472796875 0.46925989843749993 0.5828773046875 0.460571653125 0.55532616875 0.42288351718749995 0.5441600828125 0.433198025 0.5708472796875 0.46925989843749993
2 0.258513015625 0.807902678125 0.25640755312499997 0.792440140625 0.220918028125 0.801378375 0.22219626718750002 0.8132009203124999 0.258513015625 0.807902678125
2 0.26173336875 0.8275353093750001 0.2619611234375 0.8144872968750001 0.2455567859375 0.8187110203125 0.2498291171875 0.829107478125 0.26173336875 0.8275353093750001
2 0.3282072859375 0.76165728125 0.324226103125 0.7515018765625 0.309119015625 0.7495379234375 0.309168784375 0.7636971984375001 0.3282072859375 0.76165728125
2 0.3301781734375 0.78482958125 0.333424446875 0.76886661875 0.3141033234375 0.770087415625 0.314158165625 0.7839561109375001 0.3301781734375 0.78482958125
2 0.3074897578125 0.7577357359375 0.3029904953125 0.7434190968750001 0.283308778125 0.7481982046875 0.28900349531249997 0.76215909375 0.3074897578125 0.7577357359375
2 0.110965784375 0.6534509749999999 0.12821654843750002 0.68578821875 0.1678655703125 0.67678975625 0.1592918875 0.6406486828125 0.110965784375 0.6534509749999999