2 0.80200223125 0 0.820937146875 0.031037459375 0.8457210671875 0.01996433125 0.8307197796875 0 0.80200223125 0
2 0.24436008281250002 1 0.230101621875 0.95611315 0.1643037 0.9816973156250001 0.17081092343749998 1 0.24436008281250002 1
2 0.618865759375 0.8310363390625 0.6439331390625 0.8235608750000001 0.611488609375 0.7517937515625001 0.5876566421875 0.7598774734375 0.618865759375 0.8310363390625
2 0.7563765874999999 0.6951695734375 0.8021966421875 0.6751783734375 0.791279221875 0.64087881875 0.7395427640625 0.66693459375 0.7563765874999999 0.6951695734375
2 0.8726921015625001 0.9210991921874999 0.9153365984375 0.9104667234375 0.8913560296874999 0.8802808765625001 0.8598017562500001 0.898856959375 0.8726921015625001 0.9210991921874999
2 0.968275428125 0.678440940625 0.9979597671875 0.6624728281250001 0.9774849031249999 0.63300391875 0.9407812578125 0.6516400328125 0.968275428125 0.678440940625
2 0.8405130937499999 0.465523321875 0.8791170890625001 0.4656890953125 0.8769524265624999 0.4285953046875 0.8356416515625 0.42879844531250005 0.8405130937499999 0.465523321875
2 0.8730934515625 0.426803784375 0.8726748843750001 0.4079384109375 0.8404127156250001 0.4037437375 0.8422738546874999 0.42102558281249997 0.8730934515625 0.426803784375
2 0.3452885 0.6789499265625001 0.3936971921875 0.6644325765625 0.3750501578125 0.60605495 0.3284674125 0.63357943125 0.3452885 0.6789499265625001
2 0.404597246875 0.0084797625 0.3654657640625 0.043019375 0.3896453828125 0.071258621875 0.430722215625 0.0347041625 0.404597246875 0.0084797625
2 0.4761495046875 0.992676428125 0.5311873359375 0.9728346859375 0.5178429453125 0.932101475 0.46206031718749996 0.953354378125 0.4761495046875 0.992676428125