2 0.6874758265625001 0.3503757140625 0.57620866875 0.338733746875 0.566756678125 0.39612176718750003 0.68035515625 0.41493247968749997 0.6874758265625001 0.3503757140625
2 0.3245045671875 0.40498550624999996 0.28559820468749997 0.4083564703125 0.284403915625 0.4567909171875 0.32017931875 0.45955761875 0.3245045671875 0.40498550624999996
2 0.2923061046875 0.30818081875000003 0.27474904375000003 0.3055518296875 0.25962489375 0.34875055 0.275731840625 0.356678234375 0.2923061046875 0.30818081875000003
2 0.1826874296875 0.6761443500000001 0.1322806984375 0.6997171437499999 0.14460967656249998 0.7252671203125 0.19119413125 0.7025313046874999 0.1826874296875 0.6761443500000001
2 0 0.3731992109375 0.0627891671875 0.403393759375 0.0923021203125 0.3530795078125 0 0.321563309375 0 0.3731992109375
2 0.1446448796875 0.200620459375 0.11542304218749999 0.24699964687499998 0.1388847046875 0.2577925765625 0.16436427343749999 0.20864318750000002 0.1446448796875 0.200620459375
2 0.453167071875 0.7742383140625 0.43365297500000005 0.7706851968749999 0.41637333125 0.849562375 0.434255490625 0.853045053125 0.453167071875 0.7742383140625
2 0.4882322125 0.1019672578125 0.437734515625 0.0829822921875 0.425952215625 0.11971391718749999 0.476566671875 0.13418558281249998 0.4882322125 0.1019672578125
2 0.5541321046875 0.00756454375 0.519901109375 0.0084780921875 0.5220370984375 0.048050309375 0.55565448125 0.039728184374999996 0.5541321046875 0.00756454375
2 0.3850503375 0.118866865625 0.395603503125 0.09579865 0.366162215625 0.0783512890625 0.3523291234375 0.1036792234375 0.3850503375 0.118866865625
2 0.044070903125 0.0659795125 0.048453267187499996 0.1008177203125 0.0619797109375 0.098916703125 0.0595417078125 0.0635291765625 0.044070903125 0.0659795125
2 0.104105975 0.7936161890625 0.0971702828125 0.7547185265625 0.044725175 0.7698838109375 0.051776121875000004 0.8072663140625 0.104105975 0.7936161890625
2 0.240973803125 0.45929711093750003 0.2066749328125 0.44193285312499997 0.19215024218750001 0.4703559109375 0.221251459375 0.48964982187499995 0.240973803125 0.45929711093750003