2 0.143510553125 0.2464870859375 0.1089564234375 0.25387066875 0.11796028750000001 0.309526771875 0.151765071875 0.3029557875 0.143510553125 0.2464870859375
2 0.0759347859375 0.5523157078125001 0.0648102453125 0.5059760421874999 0.004098446875 0.514151225 0.0175896703125 0.5586635453125 0.0759347859375 0.5523157078125001
2 0.30198255937499996 0.422290134375 0.2956664828125 0.38979674375 0.2277006546875 0.4042176859375 0.23486489375000003 0.4348510046875 0.30198255937499996 0.422290134375
2 0.5605515125 0.44090103750000004 0.5586151359375 0.40759292656249996 0.484706071875 0.4225642578125 0.48997484687500004 0.45900500937500005 0.5605515125 0.44090103750000004
2 0.5899304828124999 0.8456504015625 0.5535861468750001 0.8391565421875 0.543926209375 0.8890364921874999 0.5801077609374999 0.8946929015625 0.5899304828124999 0.8456504015625
2 0.18071687812499998 0.8953243765625001 0.182849809375 0.8456182140624999 0.085581696875 0.8524406921875001 0.0885814828125 0.89899075 0.18071687812499998 0.8953243765625001
2 0.3244709421875 0.5908826046875 0.2732029859375 0.600965875 0.2813417078125 0.661506484375 0.33834838125 0.64982065 0.3244709421875 0.5908826046875
2 0.590989571875 0.5523708859375 0.5431977328125 0.575669621875 0.568950390625 0.6412529218749999 0.6205345906249999 0.620349575 0.590989571875 0.5523708859375
2 0.7316578921875 0.4265305640625 0.6807079296875 0.44291740781250005 0.697134253125 0.5196523296875 0.7556461875 0.5094868953125 0.7316578921875 0.4265305640625
2 0.837402471875 0.8398457468749999 0.8447810796875 0.8949200234375001 0.8848908218749999 0.885000090625 0.8782198578125 0.82889051875 0.837402471875 0.8398457468749999
2 0.9925455296875001 0.8911592671875 0.9744250015624999 0.9037449359374999 0.966385275 0.8841581875 0.9140537765625 0.9058928343750001 0.9180668875 0.9280943765625 0.99286828125 0.9129392828125 0.993227375 0.89236681875 0.9925455296875001 0.8911592671875
2 0.8501658953125 0.9412929921875 0.8425275359375 0.9191116765625 0.8054689640625 0.9245021359375001 0.8067254453125001 0.94963668125 0.8501658953125 0.9412929921875
2 0.6689065765625 0.0290210203125 0.633426725 0.031642178124999996 0.6356062953125 0.09108721875 0.674022890625 0.092683184375 0.6689065765625 0.0290210203125
2 0.8041519578124999 0.2269181 0.8524357109375 0.22014474218750002 0.8451085203125001 0.170010796875 0.796507953125 0.1782496546875 0.8041519578124999 0.2269181
2 0.0000635234375 0.4919973546875 0.040613346875 0.48106980468750005 0.026941235937500002 0.44807390312499995 0.0007089531250000001 0.4550206671875 0.0000635234375 0.4919973546875