2 0.441584125 0.9271359374999999 0.39283661406250003 0.91566115 0.3844467859375 0.9452814046875 0.4370341546875 0.9572296765624999 0.441584125 0.9271359374999999
2 0.9318225281249999 0.512728225 0.936465640625 0.4808572375 0.8694289296875001 0.46663713125 0.8641548890624999 0.50487445 0.9318225281249999 0.512728225
2 0.9545489312500001 0.4080569984375 0.9498915921875 0.3721296390625 0.8903492843749999 0.3737672421875 0.8932976578125 0.40829855937500004 0.9545489312500001 0.4080569984375
2 0.10704768281249999 0.6395976531249999 0.10807111093749999 0.6087245296875 0.064003378125 0.5986841296875001 0.062416609375 0.64033629375 0.10704768281249999 0.6395976531249999
2 0.159420475 0.6839728859374999 0.16733917812500002 0.6463247859375 0.1436543609375 0.6444889515625001 0.1379287671875 0.6799676078125 0.159420475 0.6839728859374999
2 0.913992375 0.4671889078125 0.91352058125 0.4421862 0.8810629796875 0.43751078125 0.87547274375 0.45909153593749996 0.913992375 0.4671889078125
2 0.67666198125 0.6052180968750001 0.6775633859375 0.5880182640625 0.6409878671875 0.5825324671875001 0.6398611375 0.5983592515625 0.67666198125 0.6052180968750001
2 0.6778742125 0.5820873390625 0.678120534375 0.5660423046874999 0.64510263125 0.56074295625 0.64186774375 0.577058515625 0.6778742125 0.5820873390625
2 0.674405103125 0.557522115625 0.6693134359374999 0.5411973265625 0.657425196875 0.54116885625 0.6544569375 0.5580992124999999 0.674405103125 0.557522115625
2 0.7777658328125 0.275682846875 0.7763887171875 0.25657990625 0.7251770328125 0.258059534375 0.7246557578124999 0.2737083859375 0.7777658328125 0.275682846875
2 0.80112715625 0.21565133749999998 0.8019353390624999 0.2002303140625 0.748726525 0.19446736874999998 0.7431316765625 0.21046366718749998 0.80112715625 0.21565133749999998
2 1 0.29450435 0.9885107281250001 0.2932708609375 0.981930996875 0.316714884375 1 0.3168689859375 1 0.29450435
2 0.9884990234375 0.23676937812499999 0.99488986875 0.205584546875 0.95662868125 0.19822828125 0.9375865250000001 0.22689754374999999 0.9884990234375 0.23676937812499999
2 0.97540398125 0.2937730953125 0.9648554265625 0.29084200937500004 0.95986405625 0.30663836718750004 0.9728169921875001 0.30910089687500003 0.97540398125 0.2937730953125
2 0.9477582953124999 0.31076044999999997 0.934774284375 0.3088908578125 0.932812865625 0.323656878125 0.953148596875 0.32135707812500003 0.9477582953124999 0.31076044999999997
2 0.9767047203124999 0.246263559375 0.9642530609375 0.2456109953125 0.9614796218749999 0.264496415625 0.9828604921874999 0.2649441421875 0.9767047203124999 0.246263559375
2 0.2264469890625 0.9479769656249999 0.2359984765625 0.95858826875 0.2462147265625 0.9451701828125 0.236493475 0.9377981828124999 0.2264469890625 0.9479769656249999
2 0.2112840390625 0.9650239468749999 0.21852601093750001 0.9743235218749999 0.23358031875 0.96502209375 0.22264069375 0.9525355687499999 0.2112840390625 0.9650239468749999
2 0.2069423234375 0.9457640749999999 0.2192361734375 0.938082896875 0.207263515625 0.9226179140624999 0.196953271875 0.9321570156250001 0.2069423234375 0.9457640749999999
2 0.168739365625 0.92592186875 0.1758274453125 0.938187765625 0.191021175 0.926225925 0.17828777812500002 0.9139317234375 0.168739365625 0.92592186875
2 0.2078700046875 0.9053728968750001 0.22132345 0.9209452125 0.23881225625 0.9162431234374999 0.229026825 0.8987507703125001 0.2078700046875 0.9053728968750001