2 0.7390772828125 0.9239728609375 0.82352838125 0.925937803125 0.8301852578125001 0.8687358546875 0.7368431328125 0.8659638640624999 0.7390772828125 0.9239728609375
2 0.8407322296874999 0.7983393796875 0.844791071875 0.7575407734375 0.7981839109375 0.751960796875 0.802907453125 0.7999356843750001 0.8407322296874999 0.7983393796875
2 0.9800020734375 0.6576422046875 0.9857551953125 0.6213184234375 0.9321560640625 0.6272425453125 0.9373570359375 0.6627242437499999 0.9800020734375 0.6576422046875
2 0.7706463296875 0.47794500468749995 0.773382103125 0.4189212953125 0.7073295421875 0.41086261874999996 0.703269659375 0.472543153125 0.7706463296875 0.47794500468749995
2 0.799285590625 0.3996028375 0.8332694765624999 0.4013816140625 0.8360904 0.3645934171875 0.7966430328125 0.36315003125 0.799285590625 0.3996028375
2 0.44028266718750003 0.3661635265625 0.4365969890625 0.3097280828125 0.38162247968749996 0.3076257296875 0.384522659375 0.3671228640625 0.44028266718750003 0.3661635265625
2 0.1537370796875 0 0.153721146875 0.02526021875 0.205034309375 0.0220130125 0.20386368125 0 0.1537370796875 0
2 0.5643189625 0.23206295312499997 0.563583878125 0.21393097499999997 0.48326773437500004 0.2162231078125 0.486469759375 0.2301659875 0.5643189625 0.23206295312499997
2 0.5342359953125 0.1942681859375 0.5311852703125 0.1793700265625 0.4986823 0.1796276765625 0.49439492500000004 0.19719830625 0.5342359953125 0.1942681859375
2 1 0.0743642875 0.9529266984375001 0.067198275 0.951543709375 0.11199754375 1 0.11244667187499999 1 0.0743642875
2 0.9450033124999999 0.23110012656249998 0.9428231359374999 0.1917179625 0.9071095609375 0.1932689734375 0.90817104375 0.23211326406250002 0.9450033124999999 0.23110012656249998
2 0.25105811093749997 0.20587005625 0.24958688750000002 0.16960277031249998 0.2013148328125 0.1631579484375 0.202333053125 0.202275396875 0.25105811093749997 0.20587005625
2 0.136475265625 0.4093315484375 0.1948446015625 0.408967415625 0.19133320781250002 0.3855912515625 0.13228325000000002 0.386447153125 0.136475265625 0.4093315484375