2 0.0834172984375 0.18756333281249998 0.036797565625 0.2032083140625 0.036374896875 0.20621575 0.055875770312499996 0.252250928125 0.1031899640625 0.23400042656250003 0.0834172984375 0.18756333281249998
2 0.13893416875 0.26554835 0.1780333765625 0.252060928125 0.1519598203125 0.19886856875 0.1225636 0.20675370937499998 0.13893416875 0.26554835
2 0.26116424843749997 0.29417530625 0.29329119531250003 0.2869796390625 0.28260143437499996 0.2527419640625 0.255069828125 0.25831577031249997 0.26116424843749997 0.29417530625
2 0.43861202187500004 0.37998448125 0.47447334999999996 0.374107440625 0.45973951093750004 0.31952717656249996 0.42265152500000003 0.32654960312500003 0.43861202187500004 0.37998448125
2 0.13195766250000002 0.92477364375 0.13798921718749999 0.861115675 0.0833159171875 0.8541580546875001 0.0794014859375 0.9152133234375001 0.13195766250000002 0.92477364375
2 0.2598105828125 0.79229400625 0.292849246875 0.793150684375 0.297110028125 0.739235290625 0.2579976328125 0.7360871203125 0.2598105828125 0.79229400625
2 0.5334601671875 0.8161103093750001 0.58667084375 0.8200462953125 0.6057355453125 0.75060684375 0.5538141453125001 0.739882028125 0.5334601671875 0.8161103093750001
2 0.48524602968749997 0.6656000343749999 0.500589559375 0.6643519437500001 0.505980925 0.595029121875 0.49124670156250005 0.59154403125 0.48524602968749997 0.6656000343749999
2 0.75289461875 0.8080291624999999 0.7635922984375 0.773942678125 0.7331220093749999 0.76159050625 0.71900754375 0.7913973249999999 0.75289461875 0.8080291624999999
2 0.6554642421875 0.7220437000000001 0.6674124234375001 0.6862185484375 0.656300640625 0.6810791859374999 0.643759125 0.716882053125 0.6554642421875 0.7220437000000001
2 0.5706628640625 0.669474025 0.5810013515625 0.6760732296875 0.591534765625 0.6467354671875001 0.579912590625 0.6391987046875001 0.5706628640625 0.669474025
2 0.030990029687499997 0.6586487453125 0.12785177187500002 0.66797235 0.130394934375 0.56111945 0.0371664875 0.5590536296875 0.030990029687499997 0.6586487453125
2 0.6607635359375 0.2840680890625 0.69593565 0.2778699265625 0.6848242484375 0.22163538906250002 0.65070164375 0.2287613671875 0.6607635359375 0.2840680890625
2 0.6611838609375 0.3200265390625 0.650279675 0.257858115625 0.6162192359375 0.2632039296875 0.631380746875 0.3225504625 0.6611838609375 0.3200265390625
2 0.6634395093750001 0.130879096875 0.6961263078125 0.119247140625 0.6818614734375 0.0682494890625 0.648394421875 0.0736160234375 0.6634395093750001 0.130879096875
2 0.8138577171874999 0.28941425625 0.8444062109375 0.2806781859375 0.8307140421874999 0.23029464375000003 0.8033704921875 0.2305280109375 0.8138577171874999 0.28941425625
2 0.8772208578124999 0.048101148437500005 0.883562653125 0.0797504515625 0.9009225390625 0.0747110453125 0.8943793250000001 0.0505126125 0.8772208578124999 0.048101148437500005
2 0.8244535531249999 0.0406851875 0.8306861609375 0.06275254687500001 0.849229075 0.05745895937499999 0.8448713250000001 0.0435547171875 0.8244535531249999 0.0406851875
2 0.43285913281250005 0 0.44733969843750004 0.0279777640625 0.5009112859375 0.008460496875 0.4857395984375 0.0004448796875 0.4699912484375 0 0.43285913281250005 0
2 0.1064917734375 0.38502015625 0.12355379375 0.382645415625 0.11812164375 0.3509677890625 0.10209703750000002 0.350408196875 0.1064917734375 0.38502015625
2 0.1498141234375 0.3794052265625 0.1434454703125 0.34056398906249996 0.12854391406250001 0.3418259515625 0.13554739843750002 0.37950113281250003 0.1498141234375 0.3794052265625