2 0.7612835828125 0.07783353750000001 0.770791725 0.1119271640625 0.8330162265625001 0.107379353125 0.8267999859374999 0.074025978125 0.7612835828125 0.07783353750000001
2 0.6133625781250001 0.027207253125000004 0.6237209953125 0.0856047609375 0.64909175 0.0805631390625 0.6411276078125 0.0226761328125 0.6133625781250001 0.027207253125000004
2 0.5087955156249999 0.16321600625 0.51431555 0.20219710625 0.5729161046875 0.1959966359375 0.5713132421875 0.15860323437499999 0.5087955156249999 0.16321600625
2 0.67571716875 0.1965608375 0.6744009953125001 0.2268783640625 0.7083275734375001 0.22865949218749998 0.7060999671875 0.19038892031250002 0.67571716875 0.1965608375
2 0.5073822031249999 0.5140462343750001 0.5174216234375 0.5463405359375 0.5689221859375 0.5409805515625 0.5622790484375 0.50381944375 0.5073822031249999 0.5140462343750001
2 0.282567978125 0.1159183578125 0.2963540046875 0.1534225796875 0.33109480625 0.1444937671875 0.31918066562499997 0.1095539046875 0.282567978125 0.1159183578125
2 0.24829634375 0.12126924375 0.2135762625 0.1307914453125 0.22676895625000001 0.1683179484375 0.2655599234375 0.1562787046875 0.24829634375 0.12126924375
2 0.24183959531250002 0.599884578125 0.2641125046875 0.6252242625 0.28540538125000003 0.605486315625 0.26133169375 0.5796185296874999 0.24183959531250002 0.599884578125
2 0.8525869140625 0.9400207546875 0.858471109375 0.9724617249999999 0.914125390625 0.9669566890624999 0.9093668421875 0.93272378125 0.8525869140625 0.9400207546875
2 0.592060428125 0.9823575390625001 0.596682965625 0.9956824578125 0.652089771875 0.991552521875 0.646422871875 0.9739301828125001 0.592060428125 0.9823575390625001
2 0.8907615140624999 0.2127923484375 0.90589841875 0.2549991640625 0.9341756218749999 0.24807683749999998 0.9274067015625 0.20735857656249998 0.8907615140624999 0.2127923484375
2 0.7356589234375 0.5179459296875 0.7387155796875 0.53742455625 0.7971313656250001 0.5258882234375 0.7948321453125 0.51113135 0.7356589234375 0.5179459296875