2 0.45853289531249997 0.9414734375 0.5078595734375 0.9379278640625 0.5052452 0.894214621875 0.4569334234375 0.8953879703125001 0.45853289531249997 0.9414734375
2 1 0.849390915625 0.9773959671875 0.8508609515625001 0.9766245640625 0.8643664624999999 1 0.8628311078124999 1 0.849390915625
2 1 0.8159051875 0.9710686468749999 0.8182449875 0.9767478374999999 0.834960746875 1 0.8337237859375 1 0.8159051875
2 0.5083408484375 0.811689503125 0.594153375 0.799882246875 0.5908281296875 0.7856660718749999 0.505134134375 0.79660310625 0.5083408484375 0.811689503125
2 0.5037391046875 0.76718625625 0.5828472312499999 0.7595420203125001 0.5840252046875001 0.7422377140624999 0.498048503125 0.74898893125 0.5037391046875 0.76718625625
2 0.4655666515625 0.8417633828125 0.46707856562499994 0.85745123125 0.504654328125 0.8543171781250001 0.5021172296875 0.8366619875 0.4655666515625 0.8417633828125
2 0.534125925 0.8344668499999999 0.5348916531250001 0.8509203187500001 0.56711699375 0.8483165187499999 0.568767565625 0.830379825 0.534125925 0.8344668499999999
2 0.595715575 0.8286501578125 0.597563871875 0.8430572671875 0.6330272921875 0.838552759375 0.6316863515625 0.8236767953124999 0.595715575 0.8286501578125
2 0.2872043578125 0.202539346875 0.3359176234375 0.2018269734375 0.33550312187500003 0.141333409375 0.28727865625 0.14006174062500001 0.2872043578125 0.202539346875
2 0.0973547671875 0.1404066734375 0.151740278125 0.136394425 0.1489114171875 0.088816321875 0.09234534062500001 0.09113716093749999 0.0973547671875 0.1404066734375
2 0.52692803125 0.090942140625 0.5802823734375 0.083498996875 0.5723587328125 0.033377707812500004 0.52175934375 0.038067584375000005 0.52692803125 0.090942140625
2 0.5908549234375 0 0.5972548484375 0.070535371875 0.626901746875 0.0672240765625 0.6275436437499999 0 0.5908549234375 0
2 0.4995597171875 0.14067057968750002 0.5050080453125 0.2162791 0.6318497640625 0.19902230781250002 0.62796163125 0.12647025781250001 0.4995597171875 0.14067057968750002