2 0.3064220296875 0.38589164375 0.3395251375 0.3634282453125 0.31003417031249997 0.31876435625 0.2790538359375 0.3400030046875 0.3064220296875 0.38589164375
2 0 0.460338796875 0.0141795453125 0.44621907031249997 0 0.4307836640625 0 0.460338796875
2 0.053087896875 0.6271616984375 0.093931325 0.5950666671875 0.0519389296875 0.5261920015625 0.0085980609375 0.563635746875 0.053087896875 0.6271616984375
2 0.056422496875000006 0.7077389859375 0.099556390625 0.77628633125 0.14553849218749998 0.742719434375 0.1046078265625 0.6753933578125 0.056422496875000006 0.7077389859375
2 0.237847140625 0.8836426625 0.282765153125 0.8485246046875 0.24240111718750001 0.776712303125 0.192828671875 0.8063689187499999 0.237847140625 0.8836426625
2 0.5271354500000001 0.0631767921875 0.48196945781249995 0.09527594218749999 0.5013311171875 0.126167065625 0.5430110890625001 0.0944498359375 0.5271354500000001 0.0631767921875
2 0.569357125 0 0.5880439234375 0.0278005375 0.6156754156249999 0.001345375 0.6150726671875 0 0.569357125 0
2 0.6537365890625 0.14485095625 0.6381612453125001 0.1530248078125 0.6771130203125 0.1962112109375 0.6928370968750001 0.18398143125 0.6537365890625 0.14485095625
2 0.840114828125 0.1117928484375 0.852994465625 0.100685915625 0.8290507640625 0.053815315625000006 0.8104119296875 0.06409971249999999 0.840114828125 0.1117928484375
2 0.7977868375 0.2184349078125 0.83129553125 0.19523753125 0.81348808125 0.1676068140625 0.779210653125 0.18793623125 0.7977868375 0.2184349078125
2 0.6390716859375 0.630231925 0.6887145453125 0.5857308515625 0.6446780328124999 0.5118816015625 0.590059290625 0.5525608515625 0.6390716859375 0.630231925
2 0.7077713296875 0.7340681765625 0.7561996578125 0.7004158875 0.7173167984375 0.64238545625 0.6712876750000001 0.67751165625 0.7077713296875 0.7340681765625
2 0.8731066843749999 0.7051893609375 0.8989143640625 0.7391735390624999 0.9444889468750001 0.7063395484375 0.9175341484375 0.66836055625 0.8731066843749999 0.7051893609375
2 0.8255993 0.8584086890625 0.8593551140625 0.8382272171875 0.823894559375 0.7748933359375 0.7890904984375 0.7975356359375 0.8255993 0.8584086890625
2 1 0.78452044375 0.9903946296875 0.7716230093750001 0.9411643765625 0.8076654953125001 0.95414821875 0.8369881984375 1 0.805743840625 1 0.78452044375
2 0.5216582078124999 1 0.5320359109374999 0.9938538937500001 0.5017448953125 0.9521989625 0.45485059375 0.983247878125 0.465173371875 1 0.5216582078124999 1
2 0.4058706515625 0.8533737265625 0.475336196875 0.8068946562500001 0.45295563124999993 0.7762515125 0.3866224171875 0.8221412390625 0.4058706515625 0.8533737265625
2 0.44890349062499996 0.8978622406250001 0.49839311875 0.8657570359375001 0.48025272656249995 0.8326626875 0.4261793765625 0.866389465625 0.44890349062499996 0.8978622406250001
2 0.4083030640625 0.9286506109375001 0.439772621875 0.9048042203125 0.42139922500000004 0.8859816468749999 0.3901338515625 0.9119346125 0.4083030640625 0.9286506109375001
2 0.3474987734375 0.89543638125 0.30339039218749997 0.9247615578125 0.33394201562500003 0.9709759703125 0.37768142656250003 0.9395930984374999 0.3474987734375 0.89543638125
2 0.5087303203125 0.6540177984375 0.5225084546875001 0.643890203125 0.494894896875 0.59930565 0.4798865375 0.6110213625 0.5087303203125 0.6540177984375
2 0.80884120625 0.35609727812499997 0.8382760015624999 0.340244853125 0.826932059375 0.3252745578125 0.79626893125 0.34672946250000003 0.80884120625 0.35609727812499997