2 0.9996054781250001 0.5231023046875001 0.9494316749999999 0.5213778437500001 0.9507064359375 0.5584743203125 0.9973710921875 0.555055528125 0.9996054781250001 0.5231023046875001
2 0.50356205 0.3350028015625 0.5091363328125 0.382963159375 0.65543765 0.3676250109375 0.656992434375 0.3283894546875 0.50356205 0.3350028015625
2 0.48910220937500004 0.44815883906250004 0.49152341718750003 0.4816280125 0.5485915484375 0.48264417187499997 0.5492312359375 0.43944919843749997 0.48910220937500004 0.44815883906250004
2 0.5047990703125 0.6662945390624999 0.5097267421875 0.7064783484375 0.5807372171875 0.6953907187499999 0.574071525 0.65875995 0.5047990703125 0.6662945390624999
2 0.5385616921875 0.804824653125 0.63728484375 0.7974573484375 0.627537009375 0.7623668953125 0.53592050625 0.7659895624999999 0.5385616921875 0.804824653125
2 0.5349004609375 0.9252767359374999 0.691562096875 0.9065013499999999 0.6770580265625 0.8585665812500001 0.5255937953125 0.87110965 0.5349004609375 0.9252767359374999
2 0.3054714078125 0.7504701921875 0.310468809375 0.781145078125 0.368805725 0.7810626921875 0.3625265421875 0.743160475 0.3054714078125 0.7504701921875
2 0.164279640625 0.624644334375 0.1253246328125 0.628462834375 0.131256903125 0.6627695921875 0.170047796875 0.661320415625 0.164279640625 0.624644334375
2 0.65289735 0.5826998453125001 0.645435009375 0.5447164609375 0.5190774203124999 0.551478046875 0.5197377515625 0.58884951875 0.65289735 0.5826998453125001
2 0.875091434375 0.8099231375 0.9142247843750001 0.812065975 0.9007951390625 0.7359985609375 0.8638974671874999 0.7401645453125 0.875091434375 0.8099231375
2 0.9479410453125 0.704418178125 0.9514902375000001 0.755803428125 0.978268046875 0.7558918828125 0.97148219375 0.6954666453125 0.9479410453125 0.704418178125