2 0.2315876515625 0.7350374265624999 0.1974526015625 0.7489946640625 0.225408215625 0.8191737124999999 0.2619462609375 0.8025022453125 0.2315876515625 0.7350374265624999
2 0.41704506406249997 0.4999039984375 0.366287153125 0.5186051953125 0.38429550625000003 0.56342273125 0.4333035265625 0.5465336015625 0.41704506406249997 0.4999039984375
2 0.32710088125 0.34944926249999997 0.311160675 0.355073628125 0.3384899796875 0.42348208437499996 0.35743115937500003 0.4195884203125 0.32710088125 0.34944926249999997
2 0.297959296875 0.3814314765625 0.2820900359375 0.391209921875 0.3042778859375 0.43714375 0.3190396 0.43213535781249995 0.297959296875 0.3814314765625
2 0.26958599687499996 0.42349712500000003 0.2740436859375 0.440640690625 0.28701559374999996 0.43506813906249997 0.2789736625 0.41679945625 0.26958599687499996 0.42349712500000003
2 0.845739578125 0.29942140156249997 0.8152708609375001 0.275605775 0.7929113515624999 0.3217217765625 0.8211942359375 0.3426079171875 0.845739578125 0.29942140156249997
2 0.9034148406250001 0.33760970625 0.888629525 0.32658325312500003 0.8614865296875 0.37100123125 0.8747900609375 0.3844273453125 0.9034148406250001 0.33760970625
2 0.9151801828125 0.144107715625 0.8820343718749999 0.11885265625000001 0.8699478046875001 0.14103572343749998 0.8923339796875001 0.1644001515625 0.9151801828125 0.144107715625
2 0.8342566828125 0.1380956734375 0.857534471875 0.107701975 0.8197377484375 0.08906034375 0.8023377703125 0.1131176796875 0.8342566828125 0.1380956734375
2 0.752324225 0.004328171875 0.7538199984375 0.0219192921875 0.787074309375 0.021338834374999997 0.7870140140624999 0.004933684375 0.752324225 0.004328171875
2 0.7108524 0.12451292968750001 0.6818734359375 0.11997267812500001 0.6744828609375 0.1729519171875 0.7090799249999999 0.18125563125 0.7108524 0.12451292968750001
2 0.135330525 0.62982475625 0.1064409078125 0.6395351171875 0.12389705312499999 0.6867376546874999 0.1486831015625 0.6773958421875 0.135330525 0.62982475625
2 0.0316681671875 0.5087092203125 0.017504878125 0.512816403125 0.0337737015625 0.560039665625 0.049087628125 0.5526462750000001 0.0316681671875 0.5087092203125
2 0.001872121875 0.3883827796875 0.045614792187499996 0.3876192484375 0.0399959 0.322393315625 0.00300355 0.323563278125 0.001872121875 0.3883827796875
2 0.3003602890625 0.1842345390625 0.26617095625 0.193738921875 0.2843658328125 0.24924233125 0.3239742375 0.23845567656250002 0.3003602890625 0.1842345390625
2 0.5320134328125 0.187317103125 0.50436659375 0.193738084375 0.5199454953125 0.26947773124999996 0.5442088859374999 0.2643034875 0.5320134328125 0.187317103125
2 0.236454378125 0.5671909875 0.256017403125 0.6036676234375 0.301555065625 0.5874329078125 0.28170199687499997 0.539084528125 0.236454378125 0.5671909875
2 0.28210245624999997 0.05153140625 0.3026447171875 0.003368684375 0.27889208593750003 0.003783290625 0.2676588296875 0.0458451171875 0.28210245624999997 0.05153140625