2 0.20666378124999998 0.5382334 0.20364195000000002 0.4817801515625 0.11590900781249999 0.4928640296875 0.11678696562499999 0.5526740718750001 0.20666378124999998 0.5382334
2 0.5907031109374999 0.0709902703125 0.5748492984375 0.040060534375 0.5363773515625 0.065280403125 0.5473211546875001 0.0974835671875 0.5907031109374999 0.0709902703125
2 0.5601996203125 0.19080345 0.62011404375 0.154701253125 0.60061365625 0.1272248890625 0.550374746875 0.15931491250000002 0.5601996203125 0.19080345
2 0.5707510484375 0.5561955296875001 0.601299503125 0.5325340953125 0.5811421 0.508468675 0.5569501359375 0.5284698078125001 0.5707510484375 0.5561955296875001
2 0.6360523046875 0.5881416875000001 0.6146658078125 0.5643948515625 0.5857676609375 0.58942535625 0.6048526812499999 0.612333275 0.6360523046875 0.5881416875000001
2 0.6779333125 0.9735479281250001 0.6851693421875 0.93310305 0.620120709375 0.9328349609375 0.616460978125 0.9790304781250001 0.6779333125 0.9735479281250001
2 0.557950784375 0.831349234375 0.571155471875 0.8022796281250001 0.5420283859375 0.79540674375 0.5329941703125 0.8245439015624999 0.557950784375 0.831349234375
2 0.443068234375 0.9416967953125001 0.44822520312499997 0.9267131390625 0.3732429484375 0.9102068109375001 0.371834546875 0.9264469953125 0.443068234375 0.9416967953125001
2 0.2284357234375 0.9729578421875 0.22831474062499998 0.9400272968750001 0.203186175 0.94337838125 0.1983203578125 0.9697925890624999 0.2284357234375 0.9729578421875
2 0.3152403921875 0.9820813796874999 0.3236333328125 0.9363094999999999 0.28560309375 0.926070353125 0.2721340828125 0.9775507234375 0.3152403921875 0.9820813796874999
2 0.0085171890625 0.39276046249999996 0.025301449999999996 0.3949566125 0.0424792 0.3280858515625 0.0162323703125 0.319355421875 0.0085171890625 0.39276046249999996
2 0.042321692187499996 0.3125436203125 0.0581004953125 0.24194213125 0.0338527453125 0.23691281250000001 0.0173498453125 0.3087233625 0.042321692187499996 0.3125436203125
2 0.20290665625 0.07979649531250001 0.17235367031249998 0.0694194296875 0.1541175953125 0.12363838281249999 0.1813122359375 0.13187141093750002 0.20290665625 0.07979649531250001