2 1 0.2050330828125 0.9553135796875001 0.224356803125 0.963158115625 0.2549034203125 1 0.2430473953125 1 0.2050330828125
2 1 0.285744634375 0.967228103125 0.2918523359375 0.9742925984375 0.357342159375 1 0.346639015625 1 0.285744634375
2 0.84625264375 0.5083800265625 0.8042427265625 0.5054424078124999 0.8023347359375 0.580304171875 0.8473781921875 0.5784542390625 0.84625264375 0.5083800265625
2 0.351859675 0.586301478125 0.2700295453125 0.55641424375 0.2001573375 0.818179415625 0.2785726984375 0.8386617875000001 0.351859675 0.586301478125
2 0.4987765484375 0.954888365625 0.5083856828125 0.9063967921874999 0.4854429640625 0.9014593609375 0.46718183281250003 0.94851265 0.4987765484375 0.954888365625
2 0.046498187499999996 0.9065963859374999 0.1136270734375 0.9137903359375 0.121692621875 0.8460238203125 0.060791660937500006 0.83676553125 0.046498187499999996 0.9065963859374999
2 0.12338783281250001 0.7028182296875001 0.1387846171875 0.5984834140624999 0.0712164890625 0.5925086703125 0.05386229375 0.69795653125 0.12338783281250001 0.7028182296875001
2 0.70524435 0.041879289062500005 0.746068740625 0.0368178484375 0.743633165625 0.016232181249999998 0.6972838453125 0.012991120312500002 0.70524435 0.041879289062500005
2 0.3793826640625 0.07367421406249999 0.40240433906249995 0.0906981578125 0.4217409515625 0.0520528734375 0.3927567515625 0.0383601828125 0.3793826640625 0.07367421406249999
2 0.1851466140625 0 0.1665088421875 0.0393443859375 0.182686478125 0.0460313578125 0.2039395390625 0 0.1851466140625 0
2 0.22054846874999998 0 0.199732440625 0.040278284375 0.2116735078125 0.048058328125 0.23947245781249998 0 0.22054846874999998 0
2 0.2523880609375 0 0.2269534234375 0.047737482812499996 0.2375120375 0.0554192890625 0.270205284375 0 0.2523880609375 0
2 0.166680734375 0.51293971875 0.138178546875 0.504001609375 0.1182862109375 0.59010655 0.144609471875 0.5905579296875 0.166680734375 0.51293971875