2 0.6884174875 0.59435505625 0.6806742359375 0.633603775 0.7336085546875 0.6408662109375001 0.7410538546875001 0.6040500625 0.6884174875 0.59435505625
2 0.7393307828125 0.9261862046875 0.7246706125 0.9626933875000001 0.7598920984374999 0.9718441765625 0.7731085796875 0.9381951765625001 0.7393307828125 0.9261862046875
2 0.898972628125 0.954767234375 0.9096665843749999 0.9298060375 0.8635955890625 0.9151174421875 0.851127109375 0.95973044375 0.898972628125 0.954767234375
2 0.57115434375 0.9109336921875 0.557569509375 0.96107079375 0.6334290203124999 0.9772023375 0.6509615421875 0.9226764203125001 0.57115434375 0.9109336921875
2 0.4021428734375 0.97656395625 0.48209479218749995 0.9894853328125001 0.49304159218750004 0.9324920578125001 0.415074728125 0.9211215765625 0.4021428734375 0.97656395625
2 0.264061828125 0.8361451421874999 0.24928635 0.891214109375 0.3380073234375 0.902460571875 0.34593688437500003 0.8452411328125 0.264061828125 0.8361451421874999
2 0.8795955531249999 0.35845891406249997 0.89149521875 0.30434126093749997 0.8565051218749999 0.3019470109375 0.8435949218750001 0.352706534375 0.8795955531249999 0.35845891406249997
2 0.943199615625 0.19926151875 0.9138160187500001 0.1986803359375 0.900260396875 0.2344521109375 0.9400879640625 0.24212743906249998 0.943199615625 0.19926151875
2 0.9170398828125 0.034927796875 0.8759387937499999 0.025067251562499997 0.860672634375 0.0239997390625 0.8564414421875 0.0627121765625 0.9104853437499999 0.0692417390625 0.9170398828125 0.034927796875
2 0.7654084484375 0.23724789375 0.766846746875 0.21971693593750002 0.7155491703125 0.199014225 0.710435484375 0.21826686875 0.7654084484375 0.23724789375
2 0.7296446296875 0.019042437500000002 0.724453115625 0.0352380296875 0.7799607265625 0.0439445015625 0.7821447890625 0.022768928124999997 0.7296446296875 0.019042437500000002
2 0.6510878546875001 0.075960671875 0.6428274468749999 0.115869525 0.6781599218750001 0.12105220937500001 0.683479990625 0.0815563359375 0.6510878546875001 0.075960671875
2 0.3473476875 0.35978505781250003 0.32578124375 0.42286950624999997 0.4164285125 0.43763714531250003 0.4325327171875 0.37146568125 0.3473476875 0.35978505781250003
2 0.215411021875 0.342475696875 0.20335638125000002 0.40020320624999994 0.26967223125 0.41168819218749997 0.28402105781250003 0.3555932625 0.215411021875 0.342475696875
2 0.12397133593750001 0.2262499375 0.1653378015625 0.23672735625 0.1818797015625 0.18144149999999998 0.13638777500000002 0.17146904999999998 0.12397133593750001 0.2262499375
2 0.048248975 0.301367775 0.0428612796875 0.3403256953125 0.11316034687500001 0.35014722656249997 0.12040366250000001 0.30926286875 0.048248975 0.301367775
2 0.025675678125 0.14676796875 0.022292359375 0.1637440234375 0.0187973109375 0.21372553437500003 0.0444157640625 0.2141205375 0.058357253124999994 0.154720928125 0.025675678125 0.14676796875
2 0.032887665625 0.663474878125 0.0248943328125 0.7230981296875 0.072809259375 0.7303802359375 0.083066875 0.675082025 0.032887665625 0.663474878125
2 0.22713889375 0.6426164453125 0.2114970359375 0.7247206390625001 0.247767575 0.7302352265625001 0.264090840625 0.6512446359374999 0.22713889375 0.6426164453125
2 0.16394673125 0.644391803125 0.1537308734375 0.702491746875 0.191580734375 0.7111120109375 0.20149825625 0.6481591296875 0.16394673125 0.644391803125
2 0.1509084640625 0.7136092046875 0.1412538796875 0.7518946125 0.1637403125 0.762088 0.1754137890625 0.7231674390625 0.1509084640625 0.7136092046875
2 0.18582641875 0.8469476609375001 0.19558586718749998 0.794887421875 0.1431460953125 0.784357546875 0.1313483578125 0.8368821515624999 0.18582641875 0.8469476609375001
2 0.03850180625 0.8339221125 0.055573559375000005 0.8336205906249999 0.0738418375 0.7631628171875 0.02830800625 0.7509002796875001 0.03850180625 0.8339221125
2 0.3587536140625 0.535503240625 0.35481466093749997 0.5521432468749999 0.405663253125 0.56189404375 0.4105833875 0.54350108125 0.3587536140625 0.535503240625
2 0.5148804250000001 0.12619398906249998 0.5117892796875 0.159482896875 0.5253247796875 0.1673954390625 0.5330930859375 0.1307867828125 0.5148804250000001 0.12619398906249998