2 0.06275910312500001 0.219998721875 0.0862923390625 0.23339581250000002 0.11357301875 0.190873253125 0.075766446875 0.1774536203125 0.06275910312500001 0.219998721875
2 0.9142771484375001 0.8394751156250001 0.9283828843749999 0.8047098437500001 0.8753275734375 0.7637929078125001 0.8525560421874999 0.797653778125 0.9142771484375001 0.8394751156250001
2 0.812399684375 0.5025301984375 0.7856010906249999 0.48255177343750005 0.7607009890625 0.5152570015625 0.788934421875 0.5346039 0.812399684375 0.5025301984375
2 0.7578527312500001 0.573312565625 0.7331042890624999 0.552720809375 0.711451834375 0.5727726640624999 0.7460559875 0.5986977421875 0.7578527312500001 0.573312565625
2 0.8147415625000001 0.4319153 0.7941158203125 0.4628245671875 0.822224659375 0.4825843296875 0.8485748984375 0.4552845859375 0.8147415625000001 0.4319153
2 0.4119735890625 0.15308634062499998 0.4276966578125 0.136182190625 0.3731439171875 0.0912275859375 0.3556634890625 0.10981818593749999 0.4119735890625 0.15308634062499998
2 0.06697196093749999 0.79008095 0.053244490624999995 0.737502825 0.0097250046875 0.7437846968749999 0.030097643750000003 0.7949355015624999 0.06697196093749999 0.79008095
2 0.0351843390625 0.310191709375 0.059775878125 0.330281271875 0.0707811109375 0.3105312203125 0.039172929687500004 0.29714561875 0.0351843390625 0.310191709375
2 0.0486962 0.2690426125 0.043161975000000005 0.2840980375 0.0742488796875 0.30121946718750003 0.0847839984375 0.28503789375 0.0486962 0.2690426125
2 0.0547814671875 0.24609239375 0.053348003125 0.2599196640625 0.08760977812500001 0.272748978125 0.0964677296875 0.2569761578125 0.0547814671875 0.24609239375
2 0.3342613296875 0.3991484703125 0.32629441875 0.36631905625 0.2760291015625 0.37638295781250003 0.2780554703125 0.4174789203125 0.3342613296875 0.3991484703125
2 0.09867414062499999 0.79605126875 0.0415631203125 0.7878957 0.0360949296875 0.8281202015625 0.0940246984375 0.827505359375 0.09867414062499999 0.79605126875
2 0.5280537359374999 0.56136308125 0.5030535109375001 0.54565648125 0.48267955156250003 0.57168059375 0.504441653125 0.5908707984375 0.5280537359374999 0.56136308125
2 0.6452043859375001 0.6635483765625 0.6988982234375001 0.58134079375 0.6054903781250001 0.5192883359375 0.550124290625 0.59478076875 0.6452043859375001 0.6635483765625
2 0.6830585140625 0.3935151203125 0.652541778125 0.412098653125 0.6750832375 0.44193993750000005 0.7033757671875 0.42453903437499996 0.6830585140625 0.3935151203125
2 0.0401630109375 0.40661690312500004 0.0142813140625 0.40800909843750005 0.0042970312500000005 0.44168161718750004 0.033874387500000006 0.44749411562499997 0.0401630109375 0.40661690312500004