2 0.4480542328125 0.3865424796875 0.4203552484375 0.39403282968750003 0.421202346875 0.42989046093749994 0.45427106874999995 0.42224503125 0.4480542328125 0.3865424796875
2 0.4489081640625 0.2221361453125 0.41634478125 0.2291109703125 0.43063899375 0.292456828125 0.46230523906250004 0.284408915625 0.4489081640625 0.2221361453125
2 0.4181931578125 0.007842545312500001 0.362977975 0.015602531250000001 0.37688953125 0.0847581859375 0.4321968796875 0.073387734375 0.4181931578125 0.007842545312500001
2 0.8438397625 0.23198690625 0.8374674078125001 0.1909115234375 0.794081915625 0.197608540625 0.800610003125 0.2440583046875 0.8438397625 0.23198690625
2 0.8308772281250001 0.1738501609375 0.8186378578125 0.091028790625 0.779190271875 0.10017029687500001 0.7922735000000001 0.18047473125 0.8308772281250001 0.1738501609375
2 0.8239407875 0.0435142921875 0.7861811375000001 0.0476234734375 0.796407215625 0.090555590625 0.8309463265625 0.0824037171875 0.8239407875 0.0435142921875
2 0.7997053046875 0 0.8078411093750001 0.0397811046875 0.8591174234375 0.027178423437499998 0.8531175953125001 0 0.7997053046875 0
2 0.9647634609375 0.764215315625 0.921028365625 0.7769573203125 0.9304756968750001 0.8313909984375 0.972435053125 0.82069889375 0.9647634609375 0.764215315625
2 0.7542950875 0.562354859375 0.7927333296875 0.5545527984375 0.7847524171875 0.5143030703125 0.7469229234375 0.5184204890624999 0.7542950875 0.562354859375
2 0.660738975 0.3356676875 0.6300934765624999 0.347767659375 0.63505151875 0.3830459609375 0.6684372749999999 0.37056086875 0.660738975 0.3356676875
2 0.26280874062500004 0.905440740625 0.2295667640625 0.9161084453124999 0.23618547343750002 0.9589479609374999 0.2685583734375 0.9511005296875 0.26280874062500004 0.905440740625
2 0.197665928125 0.9661602859375 0.19273494062500002 0.9182868953125001 0.1602526421875 0.9258499109375 0.1672032171875 0.971039546875 0.197665928125 0.9661602859375
2 0.237597159375 0.7303060515625 0.184813403125 0.7383239109375 0.190019346875 0.775366125 0.2460516234375 0.7653927546875 0.237597159375 0.7303060515625
2 0.4476131453125 0.7115811828124999 0.4434165484375 0.6731995234375 0.4267113796875 0.677945621875 0.4315867875 0.71263595 0.4476131453125 0.7115811828124999
2 0.7478247734375 0.213702921875 0.7332220421875 0.21635478749999998 0.7380148156249999 0.25045714218750004 0.75512336875 0.24595414531249998 0.7478247734375 0.213702921875
2 0.79189188125 0.241686046875 0.7852620906250001 0.203045184375 0.769898134375 0.2088019578125 0.774856175 0.2440802578125 0.79189188125 0.241686046875
2 0.5951390640625001 0.099054096875 0.5819508625 0.10750459375000002 0.5935084015625 0.155644275 0.6086166875 0.15232335156250001 0.5951390640625001 0.099054096875