2 0.6893484375 0.41481250000000003 0.6759890625 0.47218125000000005 0.7252703125 0.4822640625 0.7335828125 0.42887812500000005 0.6893484375 0.41481250000000003
2 0.8339281250000001 0.40455781249999995 0.903396875 0.42294687499999994 0.915865625 0.3802375 0.840459375 0.3671875 0.8339281250000001 0.40455781249999995
2 0.64333125 0.2788046875 0.6783640625 0.287703125 0.6985515625 0.22719999999999999 0.6575828125000001 0.224825 0.64333125 0.2788046875
2 0.6890515625 0.07653125 0.7603015625 0.09136093749999999 0.7703953125 0.061109375 0.6920203125 0.048059375 0.6890515625 0.07653125
2 0.1647671875 0.3543265625 0.1689234375 0.37193437500000004 0.2579859375 0.3796453125 0.2639234375 0.36125625 0.1647671875 0.3543265625
2 0.2692671875 0.36125625 0.3025171875 0.3654078125 0.31439218750000003 0.30965 0.2787671875 0.30371875 0.2692671875 0.36125625
2 0.2942046875 0.442521875 0.34526875 0.4437078125 0.3518 0.3891359375 0.3078609375 0.38616875 0.2942046875 0.442521875
2 0.2885640625 0.9431890624999999 0.28173593750000003 0.9740062500000001 0.32330000000000003 0.9811249999999999 0.3298296875 0.9461265624999999 0.2885640625 0.9431890624999999
2 0.344675 0.9057906250000001 0.3963296875 0.9146890624999999 0.4052375 0.8826578125 0.3577375 0.8767265625 0.344675 0.9057906250000001
2 0.6109718749999999 0.49665 0.5982062499999999 0.5469203125 0.6356140625 0.557003125 0.6463 0.499465625 0.6109718749999999 0.49665
2 0.2190953125 0.8204359374999999 0.2057359375 0.8565578125 0.24789218750000003 0.867828125 0.2538296875 0.8316437499999999 0.2190953125 0.8204359374999999
2 0.0819375 0.7599484375000001 0.068578125 0.8156281249999999 0.11014062499999999 0.822746875 0.126171875 0.764615625 0.0819375 0.7599484375000001
2 0.053437500000000006 0.877365625 0.043046875 0.9135015624999999 0.094109375 0.924771875 0.11014062499999999 0.88325 0.053437500000000006 0.877365625
2 0.8300671875000001 0.9707640625 0.8321453125 0.9864625 0.9045828124999999 0.9912078125000001 0.9039906249999999 0.9728187500000001 0.8300671875000001 0.9707640625
2 0.8083953125000001 0.274059375 0.8256140625 0.2788046875 0.8339281250000001 0.2568578125 0.8208640624999999 0.2532984375 0.8083953125000001 0.274059375
2 0.8416453125000001 0.2568578125 0.8357078124999999 0.2817703125 0.850553125 0.2853296875 0.8594593749999999 0.25982343750000003 0.8416453125000001 0.2568578125