2 0.7930036140625 0.2870599984375 0.76295729375 0.2561522671875 0.7114489171875 0.3252021625 0.7468957390625001 0.35288463281250004 0.7930036140625 0.2870599984375
2 0.939697840625 0.47915216562499996 0.924101609375 0.4769365109375 0.9322230234375001 0.5616845234375 0.948924121875 0.5619405343749999 0.939697840625 0.47915216562499996
2 0.5385285171875 0.7538264921875 0.52161066875 0.7469635703125 0.5160261625 0.8216522062499999 0.529123609375 0.8220639546875 0.5385285171875 0.7538264921875
2 0.5102104328125 0.7727823046875 0.49731412500000005 0.7744889859375 0.492619625 0.817581828125 0.5102114828125 0.8203400453125 0.5102104328125 0.7727823046875
2 0.37722004375 0.753761196875 0.36020730156249997 0.757056175 0.36274254687499996 0.8094116453125 0.3799621625 0.8103295296875 0.37722004375 0.753761196875
2 0.3537231640625 0.7553627109375001 0.3373177265625 0.75364748125 0.340225028125 0.8078448328125001 0.35633854375 0.8080271234374999 0.3537231640625 0.7553627109375001
2 0.3904305734375 0.4126079390625 0.367462109375 0.38645604218749996 0.3274540765625 0.43000017343749997 0.3529640484375 0.4558643453125 0.3904305734375 0.4126079390625
2 0.17103343124999998 0.549877715625 0.1258820609375 0.5141258468750001 0.1054890546875 0.5439251828125 0.1427851015625 0.5760221750000001 0.17103343124999998 0.549877715625
2 0.147620725 0.6729275578125 0.12187698124999999 0.712239459375 0.1469527953125 0.7416395765625 0.17997930625 0.7014272593750001 0.147620725 0.6729275578125
2 0 0.656737140625 0.0204000765625 0.6333784671875 0 0.61576194375 0 0.656737140625
2 0 0.77352675 0.0208089515625 0.7955433000000001 0.0357579734375 0.76627194375 0.0069141968750000005 0.7405966390625001 0 0.7537281296875 0 0.77352675