2 0.514343059375 0.6239566390625 0.543001003125 0.62539235 0.5532759828125 0.5910279468749999 0.5194631921874999 0.5880803859375 0.514343059375 0.6239566390625
2 0.46272656874999996 0.780052475 0.4958515265625 0.7834816609375 0.50183186875 0.7188190156250001 0.4692285375 0.7166876265625 0.46272656874999996 0.780052475
2 0.480980790625 1 0.48876823593749996 0.9329616609375 0.4326541578125 0.926684690625 0.42571791406250004 0.993349259375 0.4634361328125 1 0.480980790625 1
2 0.090168353125 0.64864326875 0.08353583125 0.6896774453125001 0.12686737812499999 0.69671505625 0.1350125640625 0.65052141875 0.090168353125 0.64864326875
2 0.0845312125 0.70794024375 0.0705783359375 0.7904902218750001 0.11092010000000001 0.7939861078125 0.12329264375 0.7135691125 0.0845312125 0.70794024375
2 0.0508521609375 0.834040496875 0.0880335296875 0.8418008078125 0.0915747046875 0.79780990625 0.056206990624999995 0.7948896265625 0.0508521609375 0.834040496875
2 0.0045371796875 0.9190837328124999 0.055359415625 0.928045065625 0.065010246875 0.84256604375 0.0123491328125 0.83870665625 0.0045371796875 0.9190837328124999
2 0.1396307046875 0.10509649531250001 0.1851627484375 0.1064930171875 0.1929987328125 0.051804125 0.149788971875 0.0490067671875 0.1396307046875 0.10509649531250001
2 0.2774197109375 0.3621155 0.23845180156249998 0.35765763125 0.2336042484375 0.3984036359375 0.2708545890625 0.40617769531250003 0.2774197109375 0.3621155
2 0.2963466734375 0.6066182421875 0.329231371875 0.6045804625 0.3354175875 0.5694966875 0.29980774062500004 0.5710539484375 0.2963466734375 0.6066182421875
2 0.850870371875 0.1876990734375 0.885781871875 0.1878258171875 0.89272524375 0.14503772343750002 0.8595117968749999 0.1424972984375 0.850870371875 0.1876990734375
2 0.9315882390624999 0.1500815890625 0.9214841968749999 0.1971356484375 0.9547137984375 0.19998037500000002 0.9620677750000001 0.15485463125 0.9315882390624999 0.1500815890625
2 0.8207284156249999 0.362052865625 0.87340640625 0.37073850625000004 0.8799019328125001 0.3339005421875 0.823530128125 0.32607085625 0.8207284156249999 0.362052865625
2 0.9002788109375001 1 0.902975671875 0.9716317609375 0.86898464375 0.96985700625 0.8633402015625 1 0.9002788109375001 1
2 0.615205040625 0.3149627640625 0.60733565625 0.3527627140625 0.6246898421875 0.35341108593750004 0.6307729546874999 0.318912040625 0.615205040625 0.3149627640625
2 0.1758339703125 0.695702634375 0.19054146562500002 0.697693053125 0.196521475 0.6637787359375 0.17885877187500002 0.6627745078125 0.1758339703125 0.695702634375
2 0.1425709234375 0.65547161875 0.13693554531250002 0.6942699796875 0.153326478125 0.6935426859375 0.15951269375 0.658458909375 0.1425709234375 0.65547161875
2 0.285618275 0.8519226249999999 0.300772346875 0.8479611046875 0.3046564546875 0.798606071875 0.2892613984375 0.797095740625 0.285618275 0.8519226249999999