2 0.1961035890625 0.8249187062500001 0.1804469453125 0.7151566875 0.14826192656249998 0.716445896875 0.1599891296875 0.8331461453125 0.1961035890625 0.8249187062500001
2 0.1299436109375 0.6678612312500001 0.16648473125000002 0.6638227984375 0.15267292187499998 0.5868992109375 0.11374775468750001 0.59200339375 0.1299436109375 0.6678612312500001
2 0.3906099953125 0.5270385875 0.4268290640625 0.5191139109375 0.4135203734375 0.46662514218749995 0.3766262875 0.47838380625 0.3906099953125 0.5270385875
2 0.567649515625 0.8417119312500001 0.6034695515624999 0.8367438593750001 0.58466385 0.7643197671874999 0.5516089375 0.7709222921875 0.567649515625 0.8417119312500001
2 0.6225066125 1 0.61925795625 0.9801463781249999 0.5843896562500001 0.9851658921875 0.5840561734375 1 0.6225066125 1
2 0.7186578609375001 0.819264021875 0.7295451125 0.814179971875 0.7174860859375001 0.7605660015625 0.7024107171875 0.764537146875 0.7186578609375001 0.819264021875
2 0.7591997296875 0.8157341062500001 0.7466411515625 0.7603071296875 0.728754996875 0.761156578125 0.746027546875 0.8174251703125 0.7591997296875 0.8157341062500001
2 0.8106018234375 0.7541351765625001 0.829065603125 0.8443986375 0.8712354484375 0.83410715625 0.84471970625 0.749969746875 0.8106018234375 0.7541351765625001
2 1 0.3012623171875 0.9486537875 0.31012363125000003 0.9569011421875 0.345678990625 1 0.335919003125 1 0.3012623171875
2 0.9124320859375 0.08289934374999999 0.9448985437499999 0.07537413125 0.9423021171875 0.045472264062500004 0.9099318843749999 0.0503254140625 0.9124320859375 0.08289934374999999
2 1 0.082441421875 0.9771149421875001 0.0848012515625 0.9824271296875 0.1196082203125 1 0.11770803437499999 1 0.082441421875
2 0.7514936453125001 0.362894575 0.765177621875 0.36123033125 0.7537720609375 0.29514753437499996 0.735324121875 0.2953714140625 0.7514936453125001 0.362894575
2 0.7154507796875 0.3699350734375 0.7363355765625 0.3668613875 0.7334262093749999 0.331585778125 0.7107950015625 0.3321865515625 0.7154507796875 0.3699350734375
2 0.43714031249999996 0.234798290625 0.502474625 0.22185144375000002 0.4995981171875 0.19729380624999998 0.4341109078125 0.20993379375000001 0.43714031249999996 0.234798290625
2 0.443080790625 0.20653451875 0.4948219921875 0.197638065625 0.4876083203125 0.17642364531250002 0.43891305625 0.1863731421875 0.443080790625 0.20653451875
2 0.4254279375 0.1826904640625 0.4842979828125 0.17148894374999998 0.4781128640625 0.14199356875 0.41846162812500004 0.15672622812499998 0.4254279375 0.1826904640625