2 0.6195171890625 0.9836923046875 0.6386988828125 0.9618077796875 0.6072808734375 0.93433050625 0.5895925953125001 0.9559372937499999 0.6195171890625 0.9836923046875
2 0.3333872890625 0.8069160156249999 0.295319253125 0.7741299875000001 0.257183584375 0.8113780125 0.30186016250000003 0.84201993125 0.3333872890625 0.8069160156249999
2 0.3715420640625 0.769076109375 0.3866337109375 0.7452679843750001 0.35463795 0.7172327078125 0.3291164890625 0.7420712140625 0.3715420640625 0.769076109375
2 0.430282821875 0.584161925 0.41451495312500003 0.6103213203125 0.4539659734375 0.6290235953125001 0.46297435 0.6007348140625 0.430282821875 0.584161925
2 0.513480075 0.9918591375 0.5262379968750001 0.96678285625 0.50408256875 0.9547319906249999 0.482709503125 0.9798232406249999 0.513480075 0.9918591375
2 0.6230801765625 0.1671098359375 0.5944802546875 0.15246060156250002 0.5781412828125 0.178005940625 0.6100277968750001 0.1921117328125 0.6230801765625 0.1671098359375
2 0.6297452515625 0.231444134375 0.600082775 0.21319625000000003 0.5814116375 0.23747348906250001 0.614976925 0.2545897015625 0.6297452515625 0.231444134375
2 0.312198115625 0.22273002812499998 0.31828387812500003 0.20157484375 0.2771606921875 0.188269059375 0.27281370625 0.21067162343749998 0.30946843125 0.22433886875 0.312198115625 0.22273002812499998
2 0.1778487125 0.4121238625 0.14963518125 0.40342298750000005 0.14307325937499998 0.4382136109375 0.1671171484375 0.44722540781250003 0.1778487125 0.4121238625
2 0.18345952968749998 0.5066929109375 0.1584406609375 0.49157461874999997 0.14228801875 0.5117841484375 0.17322005000000001 0.5277030453125 0.18345952968749998 0.5066929109375
2 0.919404790625 0.188142353125 0.9305412171875 0.17547329218750002 0.8789166921874999 0.1480986953125 0.87055388125 0.1579456484375 0.919404790625 0.188142353125
2 0.9576923921875 0.1295303671875 0.9243644703125 0.11412347812500001 0.9186943187500001 0.1234218828125 0.9489087968750001 0.142875703125 0.9576923921875 0.1295303671875
2 0.0873146421875 0.6908934640625 0.10369505781249999 0.6641613468750001 0.0805614140625 0.6461414546875 0.0635669421875 0.6734446765625 0.0873146421875 0.6908934640625
2 0.095988384375 0.49354939375000006 0.0646492953125 0.4722739640625 0.048186103125000004 0.5013765109375 0.0835430265625 0.518181625 0.095988384375 0.49354939375000006