2 0.8284382453125 0.73283698125 0.857026696875 0.7409646546875 0.86829850625 0.6635296109375 0.8374329453125 0.6624517625 0.8284382453125 0.73283698125
2 0.879118296875 0.728069971875 0.9135026906249999 0.7304604890624999 0.936183965625 0.6765926765625 0.901818625 0.6736118390625 0.879118296875 0.728069971875
2 0.9055862484375 0.4806554703125 0.9190003984375 0.4463683578125 0.8536444546874999 0.4194304328125 0.8395299875 0.449237253125 0.9055862484375 0.4806554703125
2 1 0.396023909375 0.9662273234375001 0.3948445421875 0.9513446515625 0.4466051125 0.991677896875 0.457817990625 1 0.41594138281250004 1 0.396023909375
2 0.7072758453125 0.5266062796875 0.677536559375 0.5217060328125 0.663124353125 0.5826933328125 0.6938225796874999 0.5885182343750001 0.7072758453125 0.5266062796875
2 0.651509334375 0.731114325 0.6138326203125 0.734848578125 0.611396575 0.78763946875 0.643959415625 0.7911530359375 0.651509334375 0.731114325
2 0.617422771875 0.717150590625 0.646728321875 0.7149063484375 0.6409800015625 0.6722250468750001 0.61170961875 0.6765514718750001 0.617422771875 0.717150590625
2 0.6331453125000001 0.8231560609375 0.6173583890625001 0.8211179265625 0.612462725 0.8762009390625 0.62499078125 0.8748545312499999 0.6331453125000001 0.8231560609375
2 0.02656699375 0.27885364687499997 0.0128408578125 0.29890679531250003 0.0124705125 0.30420298749999997 0.101860465625 0.3679278015625 0.11712978437499999 0.3402407 0.02656699375 0.27885364687499997
2 0.66787260625 0.05528463593750001 0.6297052453124999 0.0539518015625 0.6281158984374999 0.121626621875 0.6601268453125 0.12393113124999999 0.66787260625 0.05528463593750001
2 0.817715703125 0.020995896875 0.8114192640625 0.0308888546875 0.8512264937499999 0.046240584375 0.8597308124999999 0.0239338796875 0.817715703125 0.020995896875
2 0.7823261921875 0.3025718359375 0.8157795218749999 0.22739667031250002 0.7810726265625 0.217273 0.751218640625 0.2893062421875 0.7823261921875 0.3025718359375
2 0.9497113703125001 0.12839958125 0.944920109375 0.154077696875 0.9789952953125001 0.1653675328125 0.990694765625 0.1366646046875 0.9497113703125001 0.12839958125
2 1 0.053709562499999995 0.9960606578125001 0.0515953609375 0.986072371875 0.0818433265625 1 0.0900265 1 0.053709562499999995
2 0.9240169140625 0.123046471875 0.8896193546875001 0.113824771875 0.8834615453125 0.1442065 0.9170868328124999 0.151321840625 0.9240169140625 0.123046471875
2 0.8687257625000001 0.1407213546875 0.8809671874999999 0.10639328906250001 0.8665936593750001 0.09965317968750001 0.85597891875 0.13136454687500002 0.8687257625000001 0.1407213546875
2 0.7844002406249999 0.192139446875 0.83344995625 0.2149417125 0.84064031875 0.196181221875 0.78794651875 0.1735487609375 0.7844002406249999 0.192139446875
2 0.5063594250000001 0.5237489078124999 0.5597434 0.5309601234375 0.5713807078124999 0.5040373609375 0.520666803125 0.4927606 0.5063594250000001 0.5237489078124999
2 0.5249579062499999 0.5270718859375 0.519353753125 0.5473746078125 0.54927215 0.5585177203125 0.5548289609375 0.535541403125 0.5249579062499999 0.5270718859375
2 0.1854692296875 0.39134278125 0.1686069078125 0.3961025046875 0.1803113921875 0.48800447187499996 0.19412978125 0.48373412499999996 0.1854692296875 0.39134278125
2 0.161286884375 0.4270377609375 0.14558410625 0.4273805765625 0.1462905046875 0.5432570671875 0.16297222656250002 0.5420572703125 0.161286884375 0.4270377609375
2 0.19626570000000002 0.52272304375 0.18025487499999998 0.5236492125 0.1817031640625 0.5842992046875 0.1995731703125 0.5831424640625 0.19626570000000002 0.52272304375
2 0.165009821875 0.5501489359375 0.1490103484375 0.550481390625 0.14872589375 0.592653403125 0.1660232875 0.5908809921875 0.165009821875 0.5501489359375
2 0.12059525 0.5643419125 0.1377462515625 0.5652394562499999 0.13317821093749999 0.527352265625 0.1159238234375 0.5279379546875 0.12059525 0.5643419125
2 0.26821690781249996 0.8612074875 0.233328025 0.8588024796875 0.232250503125 0.8896586718749999 0.264384165625 0.8884043546875 0.26821690781249996 0.8612074875
2 0.5809428109375 0.349306503125 0.5658487828125 0.37313799687500004 0.5920203046875 0.389498834375 0.6117593890624999 0.3688001109375 0.5809428109375 0.349306503125
2 0.8594653156250001 0.5690528484375 0.8968251328125 0.57837799375 0.9000275500000001 0.554725346875 0.8698812140625 0.55010950625 0.8594653156250001 0.5690528484375
2 0.5134376953124999 0.5507311234375 0.5107678359375 0.5720274828125 0.5443708390625 0.57973615625 0.5498877671875 0.5579466703125 0.5134376953124999 0.5507311234375
2 0.4476930875 0.6215110359375 0.44057323750000005 0.6420578859375 0.4904450921875 0.6604345828125 0.5010952984375 0.644765475 0.4476930875 0.6215110359375
2 0.0910973140625 0.524100434375 0.029905059374999998 0.463443528125 0.000377859375 0.5161795453125 0.053502859375 0.5625946671875 0.0910973140625 0.524100434375