2 0.7477005328125 0.5406031453125 0.7718091703125001 0.5713581140625 0.8142261921875 0.5382687203125001 0.800596028125 0.5074122546875001 0.7477005328125 0.5406031453125
2 0.9096134328125001 0.56636683125 0.9452539734375 0.5853176171875 0.9617556890625 0.5320826296875001 0.9287584796875 0.52127445625 0.9096134328125001 0.56636683125
2 0.661501628125 0.6653307421875 0.660987903125 0.70433810625 0.7516381109375 0.6838097546874999 0.7476131125000001 0.646637859375 0.661501628125 0.6653307421875
2 0.8601483765625 0.7092919734375001 0.8666127187500001 0.674240253125 0.8265785687499999 0.6666900140625 0.8225370156249999 0.70619318125 0.8601483765625 0.7092919734375001
2 0.54912745625 0.9195268359375 0.56012548125 0.9551191515624999 0.602056890625 0.9420389437500001 0.58748951875 0.9087801578124999 0.54912745625 0.9195268359375
2 0.66298391875 0.6076174734374999 0.6392964359375 0.5756041453125 0.605108609375 0.605386384375 0.633524871875 0.6369165796875 0.66298391875 0.6076174734374999
2 0.7302330203125 0.471776840625 0.7572575453125 0.4422202984375 0.7227015812500001 0.41818786562500004 0.7020810281250001 0.446382075 0.7302330203125 0.471776840625
2 0.5894379359374999 0.4640086296875 0.5602250265625 0.49507032031250003 0.5878918343749999 0.51274655625 0.6122087296875 0.48312243749999995 0.5894379359374999 0.4640086296875
2 0.6213548953125 0.31995535625 0.6459568515624999 0.2859489140625 0.6063270171874999 0.2620773171875 0.5873231875 0.29538693125000004 0.6213548953125 0.31995535625
2 0.509033953125 0.3782705546875 0.531602390625 0.3511374515625 0.5032753796875 0.3287636328125 0.47649328593750007 0.355778890625 0.509033953125 0.3782705546875
2 0.30023818593749996 0.36448578125000003 0.287562478125 0.3980152671875 0.3256947921875 0.42188589531250004 0.3508881828125 0.392110190625 0.30023818593749996 0.36448578125000003
2 0.22404955312500002 0.376990571875 0.20649483750000003 0.41420052968750004 0.262548334375 0.43974328281249997 0.281249871875 0.4042939796875 0.22404955312500002 0.376990571875
2 0.05297042187499999 0.42679266875 0.0405220296875 0.47047211093749997 0.0812892640625 0.48750479375 0.10531166875 0.44938586249999996 0.05297042187499999 0.42679266875
2 0.268552825 0.6211212140625 0.2984549453125 0.58217594375 0.2699307359375 0.5626652437499999 0.24047328124999998 0.6005082140625 0.268552825 0.6211212140625
2 0.3122193578125 0.620375815625 0.34524859375 0.64208878125 0.36697140625 0.6174712875 0.3287904421875 0.597509534375 0.3122193578125 0.620375815625
2 0.7755583015624999 0.2695317953125 0.797548953125 0.238287534375 0.7710687 0.211977765625 0.7463852328125 0.24967048906249997 0.7755583015624999 0.2695317953125
2 0.8039613250000001 0.330831675 0.8189690171875 0.33950396875 0.8466743328125 0.306258971875 0.8296798078125001 0.2962596515625 0.8039613250000001 0.330831675
2 0.816670971875 0.3530051875 0.831761296875 0.36226545312499997 0.8688858937499999 0.3235043 0.8490384750000001 0.312403809375 0.816670971875 0.3530051875
2 0.2888061890625 0.0911495296875 0.27313858281250003 0.14606446875 0.30904696249999997 0.1583884859375 0.3230732578125 0.10247191562499999 0.2888061890625 0.0911495296875
2 0.6815985796875 0.1299910859375 0.7032303718749999 0.143122378125 0.72479831875 0.11313669374999999 0.701947509375 0.097731046875 0.6815985796875 0.1299910859375
2 0.3225509859375 0.3739301640625 0.3383216328125 0.3453572453125 0.3067867078125 0.33002181406250003 0.2919764859375 0.3547628390625 0.3225509859375 0.3739301640625
2 0.678765109375 0.190889021875 0.7085644421875 0.1597449125 0.6792957078125 0.1413360546875 0.6502624265625 0.1715315046875 0.678765109375 0.190889021875
2 0.2606062265625 0.7480278390625 0.315011584375 0.7853079468749999 0.34971008124999997 0.7420942328125 0.29026425625 0.6945469531249999 0.2606062265625 0.7480278390625