2 0.046557906249999996 0.289135478125 0.021334440625 0.30530085625000003 0.034608996875 0.338746996875 0.0724925453125 0.31172904218749997 0.046557906249999996 0.289135478125
2 0.31270283593750003 0.8390406640625001 0.300767246875 0.808387065625 0.2743738296875 0.8120769984375 0.2889359609375 0.8510808328125 0.31270283593750003 0.8390406640625001
2 0.40990768749999995 0.8268977734374999 0.39974420624999996 0.774132671875 0.322244075 0.7686292703125 0.3294701859375 0.8310305124999999 0.40990768749999995 0.8268977734374999
2 0.5840044390625 0.1407504265625 0.57622605625 0.11016782968750001 0.4858228390625 0.129349246875 0.4895695046875 0.152940103125 0.5840044390625 0.1407504265625
2 0.693688953125 0.445740825 0.683139090625 0.4151114140625 0.6440871796875001 0.429652390625 0.6602508140625 0.45622915781250006 0.693688953125 0.445740825
2 0.7251710328125001 0.5473151078125 0.7063099359375 0.5165406234375001 0.6713411875 0.53530506875 0.6916362765625 0.5633385359374999 0.7251710328125001 0.5473151078125
2 0.8682654734374999 0.36713813281249996 0.8465378984375 0.3418488328125 0.8016065859375001 0.3756604484375 0.828803021875 0.405198965625 0.8682654734374999 0.36713813281249996
2 0.9790423609375001 0.4507216859375 0.94766611875 0.422496359375 0.9292715453125 0.444317715625 0.953722278125 0.4724221578125 0.9790423609375001 0.4507216859375
2 0.8952481875 0.6471579453125 0.9206725453125 0.6988064031250001 0.9541605140625 0.6855528921875 0.9301686140625 0.6311618296875 0.8952481875 0.6471579453125
2 0.0733618921875 0.261924128125 0.108280784375 0.24592642343749999 0.0894196875 0.2151519390625 0.0573415796875 0.2270470359375 0.0733618921875 0.261924128125
2 0.1889870421875 0.22657574375 0.1432012109375 0.22993030781249998 0.15095704999999998 0.2618939703125 0.20228260781250001 0.2586392296875 0.1889870421875 0.22657574375
2 0.905318253125 0.0702442625 0.89481515 0.036846496875 0.8335752953125001 0.0523832046875 0.8482098546874999 0.087237671875 0.905318253125 0.0702442625
2 0.5291587 0.822061065625 0.54384001875 0.8541471765624999 0.5772781578124999 0.8436588437499999 0.5696430968749999 0.8047759203125 0.5291587 0.822061065625
2 0.240071565625 0.47518796874999997 0.248141303125 0.48916843437499996 0.3125374546875 0.45154282187500006 0.30033623593750003 0.43610721874999997 0.240071565625 0.47518796874999997
2 0.274509025 0.4868610765625 0.2824821734375 0.5063750734375 0.3119820328125 0.48336297500000003 0.3011665390625 0.467951559375 0.274509025 0.4868610765625