2 0.321209046875 0.577695265625 0.3110939640625 0.5291871875 0.25630475625 0.5382379515625 0.26971544375 0.5867309765625001 0.321209046875 0.577695265625
2 0.18399166875 0.2583484359375 0.0444910515625 0.255535796875 0.0445345609375 0.3113068765625 0.1840038625 0.31389670625 0.18399166875 0.2583484359375
2 0.6156217921875 0 0.6238931671875 0.026567175 0.683866278125 0.018138503125 0.6773274828125 0 0.6156217921875 0
2 1 0.5279637078125 0.9848965968750001 0.47062645 0.9517127500000001 0.47768847656249996 0.9668203734375 0.55533215 1 0.5496394125 1 0.5279637078125
2 0.4810776234375 0.69556956875 0.5310645296875001 0.6843456921875 0.5236613453125 0.6530006562499999 0.4710744328125 0.6627896062499999 0.4810776234375 0.69556956875
2 0.4249946484375 0.5781035125 0.42123941093750006 0.530052259375 0.38874656406249997 0.5292209875 0.389212559375 0.5837319421875 0.4249946484375 0.5781035125
2 0.7692115890625 0.6808634515625 0.7606048453125 0.6494871765625 0.7280365859375 0.656663075 0.7379571406250001 0.6888550671875 0.7692115890625 0.6808634515625
2 0.7335574984375001 0.252254346875 0.7255691171875001 0.2146122875 0.6866042609375 0.221069865625 0.6947420515625 0.2619081765625 0.7335574984375001 0.252254346875
2 0.9855143796875 0.419560690625 0.9768716171875 0.370863046875 0.9374131453125001 0.3759415265625 0.9556104578125 0.42436299843749997 0.9855143796875 0.419560690625
2 0.22313361718750002 0.8781594500000001 0.21032798593750002 0.82118404375 0.0457472078125 0.8515125390625 0.0534341296875 0.90620783125 0.22313361718750002 0.8781594500000001
2 0.2269232625 0.9861833140625 0.2175734296875 0.9452534203124999 0.1552641359375 0.9626681140625 0.16224483125 0.995273275 0.2269232625 0.9861833140625
2 0.2600472859375 0.25342973281250003 0.24501833906249998 0.174223971875 0.1954018578125 0.1731516265625 0.212017509375 0.2529817 0.2600472859375 0.25342973281250003