2 0.018169412500000003 0.8597860109375001 0.054767328125 0.8542212046875 0.0470930703125 0.788437309375 0.0145201859375 0.790154625 0.018169412500000003 0.8597860109375001
2 0.0560087046875 0.4851245765625 0.06199901875 0.5547978296875 0.10989347499999999 0.5456464984375 0.1092851015625 0.476771628125 0.0560087046875 0.4851245765625
2 0.10711198125000002 0.3182525984375 0.162143321875 0.31016750000000004 0.1561878703125 0.24079055624999998 0.10645023281249999 0.246409453125 0.10711198125000002 0.3182525984375
2 0.29504239062500004 0.24252372656249999 0.2617857859375 0.245479584375 0.2608989984375 0.2918146171875 0.29643239062500004 0.288225178125 0.29504239062500004 0.24252372656249999
2 0.44849781093749996 0.19708863906250002 0.4166816125 0.20001935468749998 0.41656169531250004 0.2368395578125 0.449078103125 0.2303335765625 0.44849781093749996 0.19708863906250002
2 0.1947380859375 0.5120981484375 0.1716072359375 0.5125018984375 0.175839621875 0.55102765 0.196557509375 0.5482906562500001 0.1947380859375 0.5120981484375
2 0.10190826875 0.9038747953125 0.08824740625000001 0.902924003125 0.087972003125 0.9551883328124999 0.10222803124999999 0.9561256109375 0.10190826875 0.9038747953125
2 0.112278378125 0.9054737421875 0.11804135468750002 0.9784170890624999 0.132879146875 0.9787519343750001 0.129897696875 0.9099184828125001 0.112278378125 0.9054737421875
2 0.51985009375 0.8520399984375 0.4867117875 0.8481646265625 0.482637903125 0.8954460515625 0.5205340374999999 0.891223090625 0.51985009375 0.8520399984375
2 0.3660067265625 0.9093602265625 0.36731245156250003 0.8481703062499999 0.3008659078125 0.8481424562500001 0.295982159375 0.9082055859375 0.3660067265625 0.9093602265625
2 0.3062406515625 0.9065434859374999 0.3047592734375 0.969219509375 0.36057233125 0.9718083328124999 0.3625116296875 0.9129842765625 0.3062406515625 0.9065434859374999
2 0.2507449578125 0.695806484375 0.21717762187499998 0.6969862453125 0.21790287031250002 0.7516069078125 0.25216760625 0.7432888875 0.2507449578125 0.695806484375
2 0.1423908296875 0.0961327546875 0.129976390625 0.0987263734375 0.1347490359375 0.13427193125 0.1477555984375 0.131669540625 0.1423908296875 0.0961327546875
2 0.22591485156250002 0.021038621875 0.21163668750000003 0.02277245 0.21444792812500002 0.0438047140625 0.2274752171875 0.0423896421875 0.22591485156250002 0.021038621875
2 0.24721603593750002 0.0176976078125 0.23383971250000002 0.020603371875000002 0.236912584375 0.039255709374999996 0.2517089265625 0.03721591875 0.24721603593750002 0.0176976078125
2 0.270314240625 0.0155129046875 0.2587110828125 0.0183877203125 0.2599708984375 0.0346963421875 0.277722053125 0.032011134375 0.270314240625 0.0155129046875