2 0.661677859375 0.7770019859375 0.7585567015625 0.7738919156249999 0.75959070625 0.6903354 0.66582300625 0.6949613343750001 0.661677859375 0.7770019859375
2 0.6664148125 0.599520009375 0.666266209375 0.6591520656250001 0.7400465703125 0.6542891171874999 0.740070275 0.5966536687499999 0.6664148125 0.599520009375
2 0.499797228125 0.5753450078125 0.4049517359375 0.5812588421875 0.40854391406249996 0.6155230234375 0.507168378125 0.6085037484375 0.499797228125 0.5753450078125
2 0.39689481875 0.7548560125 0.49156308125 0.7537289671875 0.49259763906250004 0.7178663921874999 0.396848471875 0.7202816109375 0.39689481875 0.7548560125
2 0.26218933906249997 0.816124828125 0.2639871734375 0.90479931875 0.31822694375 0.9048236671875 0.32208527343750004 0.812674234375 0.26218933906249997 0.816124828125
2 0.2530941375 0.7394162515625 0.254691934375 0.7917417343750001 0.3158224609375 0.788777578125 0.319008475 0.7366311546875 0.2530941375 0.7394162515625
2 0.505805578125 0.9301464718749999 0.5313430343750001 0.929102703125 0.528392540625 0.8953783984375001 0.49737628437500003 0.8951118796875001 0.505805578125 0.9301464718749999
2 0.7728502578125 0.9032054140625 0.77160856875 0.9367004671875 0.8336689953124999 0.9375526015625001 0.834210034375 0.896049075 0.7728502578125 0.9032054140625
2 0.8371819578125 0.875518178125 0.8913698421875 0.8749494796875 0.8920787484374999 0.8081146171875 0.8380978578124999 0.8110492796875001 0.8371819578125 0.875518178125
2 0.7228240984375 0.8491551156250001 0.7226397765625 0.8879233921875 0.76134554375 0.8875187359375 0.764435571875 0.8479002250000001 0.7228240984375 0.8491551156250001
2 0.6882521359375 0.32455794843749997 0.6882010765625 0.37166195625 0.7635059015625 0.3706166046875 0.7624472046874999 0.32104680937499996 0.6882521359375 0.32455794843749997
2 0.497504028125 0.47419590781250004 0.43583362187499997 0.4778017484375 0.43416929218750006 0.5405465046875 0.499184059375 0.5376801234374999 0.497504028125 0.47419590781250004
2 0.126993834375 0.5924614734375 0.12709037343750001 0.6276275015625 0.188529971875 0.6282139812499999 0.1897953359375 0.5881590890624999 0.126993834375 0.5924614734375
2 0.104129896875 0.5014563328125 0.1773210421875 0.4932648828125 0.176507396875 0.4635273234375 0.1017191453125 0.4670887890625 0.104129896875 0.5014563328125
2 0.26110075 0.02024269375 0.2589572515625 0.03659956875 0.3023416390625 0.0351895671875 0.3060540359375 0.016309790625 0.26110075 0.02024269375
2 0.386623925 0.08564525625 0.38484093750000004 0.1197836859375 0.4289859734375 0.1236258125 0.4337436890625 0.092850290625 0.386623925 0.08564525625
2 0.43677501406249997 0.0048731875 0.39004725625000003 0.0089613375 0.38772483750000003 0.0301035765625 0.4344304765625 0.032575129687499996 0.43677501406249997 0.0048731875
2 0.9495076625 0.2927592125 0.9840359953125001 0.29570012343749996 0.978807740625 0.2359408921875 0.9497064578125001 0.23371878124999998 0.9495076625 0.2927592125
2 0.330352971875 0.36898560156250004 0.3306209203125 0.38565536875 0.3977953546875 0.3802598875 0.396039615625 0.37039255 0.330352971875 0.36898560156250004
2 0.3265597546875 0.3460664875 0.32952471875 0.3595186390625 0.3939267515625 0.3564611828125 0.3908046734375 0.3446194796875 0.3265597546875 0.3460664875
2 0.6611988156249999 0.32871286093749996 0.5839191203125 0.3378595984375 0.5838602765625 0.3712495984375 0.6599987984375 0.36268422031249997 0.6611988156249999 0.32871286093749996
2 0.40262541875 0.32987374687500004 0.399773571875 0.37900927812499996 0.43571532187499995 0.37426180625 0.43963200156250004 0.3236544328125 0.40262541875 0.32987374687500004
2 0.48046001406250005 0.347507115625 0.48003128124999994 0.3630442296875 0.5486441921874999 0.35704137812500003 0.5471209515625 0.3464431828125 0.48046001406250005 0.347507115625
2 0.59151361875 0.4451026609375 0.5967934859375 0.505451825 0.6378148703125001 0.5076709593750001 0.6315060015625 0.44577904375 0.59151361875 0.4451026609375
2 1 0.562892034375 0.98154759375 0.5636020734375 0.9863761953125 0.59835566875 1 0.597163740625 1 0.562892034375
2 0.00129939375 0.5223763328125 0.0065792624999999995 0.5827254953125001 0.028893175 0.5748115328125001 0.029942340625 0.5186783640625 0.00129939375 0.5223763328125
2 0.0213834828125 0.7519385046875 0.025524606249999998 0.7992717625 0.0577233046875 0.795341128125 0.057590190625 0.7529445234375001 0.0213834828125 0.7519385046875