2 0.9081725953124999 0.8770285546875 0.86985665 0.9243478578125 0.9076691953125 0.9633693046875 0.9525630703125 0.9251132249999999 0.9081725953124999 0.8770285546875
2 0.68988256875 0.9101504421875 0.7194809296875 0.9592679125 0.7545301234374999 0.9362826390625001 0.720978359375 0.8871424515624999 0.68988256875 0.9101504421875
2 0.79823006875 0.80139006875 0.8172410828125001 0.83517748125 0.848748265625 0.8172014859375001 0.8285554312500001 0.7843879484375 0.79823006875 0.80139006875
2 1 0.79453826875 0.9639454734375 0.8323573421875 1 0.8718017078125 1 0.79453826875
2 0.9050322906250001 0.38144508125 0.930649146875 0.4076266046875 0.9538029359375001 0.3816059046875 0.9344429140624999 0.35944772812500003 0.9050322906250001 0.38144508125
2 0.8012991359375 0.01193415625 0.8005592296874999 0.0268658921875 0.828180428125 0.039219228125 0.8341497453125 0.021838615625 0.8012991359375 0.01193415625
2 0.8102639875 0 0.8081504781250001 0.007883864062499999 0.8392878625 0.018800921875 0.8445905046875 0.0017645296875 0.839710590625 0 0.8102639875 0
2 0.5747897562500001 0.0890803890625 0.5090885593750001 0.1359322890625 0.5289545046875 0.1648998859375 0.6016190531250001 0.11398672968750001 0.5747897562500001 0.0890803890625
2 0.5415391374999999 0.200325509375 0.5131548 0.2195726984375 0.529592625 0.250564046875 0.5605932375 0.23470667656250002 0.5415391374999999 0.200325509375
2 0.6044700765625 0.2584225015625 0.6208013796875 0.2453765109375 0.58090704375 0.1850734390625 0.56486621875 0.2004814859375 0.6044700765625 0.2584225015625
2 0.6016829640625 0.286591790625 0.614837884375 0.2791247109375 0.58232098125 0.23080652499999998 0.569872165625 0.24655702812500002 0.6016829640625 0.286591790625
2 0.4442609015625 0.01666390625 0.43382007343750006 0.003406803125 0.3787888296875 0.007254962500000001 0.4062292625 0.04253613125 0.4442609015625 0.01666390625
2 0.21865534531250003 0.3193276890625 0.18341799375 0.342623721875 0.20818169687500002 0.37362806718749997 0.240105709375 0.35086132812500004 0.21865534531250003 0.3193276890625
2 0.114594053125 0.32779476406249997 0.0762021078125 0.3400025875 0.092380640625 0.375775234375 0.1312719265625 0.3629357265625 0.114594053125 0.32779476406249997
2 0.3099201140625 1 0.3194179015625 0.99498064375 0.2783406296875 0.9347618593749999 0.2432689484375 0.9604271046875 0.2704847171875 1 0.3099201140625 1
2 0.5949008984375 0.359681990625 0.620795334375 0.39834486562500004 0.63792536875 0.3908974203125 0.6076830515625 0.346884178125 0.5949008984375 0.359681990625
2 0.736203940625 0.8497721484375 0.7716543375 0.9145508015624999 0.84017723125 0.8731528562499999 0.7978737109375 0.81331741875 0.736203940625 0.8497721484375
2 0.9797854890625001 0.38752662656250003 0.9914263546875001 0.377783053125 0.97013189375 0.3087424890625 0.9462238 0.3327343015625 0.9797854890625001 0.38752662656250003