2 0.0201530171875 0.6168620640625 0.0098676890625 0.66177065 0.0566459625 0.6695116609375 0.07647819375 0.62199898125 0.0201530171875 0.6168620640625
2 0 0.5542263234375 0.05150916875 0.5555452796875 0.0589993078125 0.500667640625 0.0033506046875 0.490796496875 0 0.539378371875 0 0.5542263234375
2 0.330337190625 0.33335578125 0.3776229 0.346047028125 0.38548339375 0.30406219375 0.338391075 0.2972127109375 0.330337190625 0.33335578125
2 0.4095077265625 0.2884634734375 0.507338878125 0.2972909578125 0.5108972578125 0.26353698125 0.41314154218750004 0.2504773578125 0.4095077265625 0.2884634734375
2 0.6456525078124999 0.004781525 0.636812453125 0.024274626562500002 0.685130209375 0.0458821140625 0.703607609375 0.0068053625 0.6456525078124999 0.004781525
2 1 0.0171556125 0.9557876328124999 0.0156116828125 1 0.0225063953125 1 0.0171556125
2 0.60919899375 0.5856157 0.602964203125 0.6365271421875 0.6566004609375 0.6426172765625 0.6625248406249999 0.592478659375 0.60919899375 0.5856157
2 0.35446886875 0.92407628125 0.26921998125 0.9089439921875 0.25916598281250003 0.9746207171875 0.3325465609375 0.9892661140625 0.35446886875 0.92407628125
2 0.418775575 0.948336659375 0.42697815468749994 0.920595903125 0.39354602031249997 0.9138192109375 0.3879880953125 0.943053228125 0.418775575 0.948336659375
2 0.1373914140625 0.46643993281249996 0.2054448734375 0.48008595937500004 0.211681678125 0.462990640625 0.1401387421875 0.44512994843750003 0.1373914140625 0.46643993281249996
2 0.20832356875000002 0.5192921703125 0.20923137656250002 0.5353260796875 0.24322985625000001 0.5437675953125 0.24379820625 0.5282173343750001 0.20832356875000002 0.5192921703125
2 0.20684637499999997 0.535878290625 0.2033115171875 0.5341741515625 0.20241803281249998 0.5174091296875 0.170453596875 0.5115113140624999 0.1696321828125 0.5245489625 0.20684637499999997 0.535878290625
2 0.13372951875 0.50612425625 0.13110486875 0.5203165484375 0.16331869375000002 0.529026959375 0.1615590375 0.51076378125 0.13372951875 0.50612425625