2 1 0.1515133421875 0.9270065265625 0.165021584375 0.9321819843749999 0.2084622765625 1 0.1865963140625 1 0.1515133421875
2 0.79237400625 0.2517476328125 0.849161125 0.24026820624999998 0.8368488390625 0.197890621875 0.7819448796875 0.2165290046875 0.79237400625 0.2517476328125
2 0.81835606875 0.1358084234375 0.7789306859375 0.15115394375 0.7956234359375001 0.1805434984375 0.831364075 0.1722597453125 0.81835606875 0.1358084234375
2 0.9381760859374999 0.56338813125 0.9081289218749999 0.56672361875 0.910111234375 0.6231730625 0.9475467999999999 0.6196711828125 0.9381760859374999 0.56338813125
2 0.9745666796875 0.8731204078125 0.9936197109375 0.8698899390625 0.9943140171874999 0.8301131843749999 0.9689799921875 0.837392465625 0.9745666796875 0.8731204078125
2 0.6976289 0.900353825 0.6643613203125 0.9086807453124999 0.671214646875 0.9521507234375 0.70804778125 0.9492306046874999 0.6976289 0.900353825
2 0.6319401906250001 0.9312746093750001 0.5991175390625 0.9360462515625001 0.6056756375 0.9682281078124999 0.641362903125 0.9629126265625001 0.6319401906250001 0.9312746093750001
2 0.6332948640625 0.7454246328125 0.5966664234375 0.760522053125 0.6172964609375 0.8122509125 0.6488758328124999 0.8044868031249999 0.6332948640625 0.7454246328125
2 0.49702501874999994 0.6670344578125 0.44502803437500005 0.681269778125 0.4570001796875 0.7168122593749999 0.5082344453125 0.704642065625 0.49702501874999994 0.6670344578125
2 0.6194201359375 0.1195684140625 0.6527379109375 0.1073808453125 0.631746128125 0.052382675000000004 0.599419275 0.0690382171875 0.6194201359375 0.1195684140625
2 0.621625115625 0.19710308125 0.5891603421875 0.21494546093750003 0.61381299375 0.264070690625 0.6406166640625 0.25800630625 0.621625115625 0.19710308125
2 0.5710621812500001 0.086655378125 0.5372525765625 0.09586359531250001 0.5552464828125 0.15259408593749998 0.587428290625 0.1442482125 0.5710621812500001 0.086655378125
2 0.447343975 0.08984199375 0.4202172109375 0.10510526718749999 0.43687731249999995 0.1362757734375 0.460244934375 0.123025325 0.447343975 0.08984199375
2 0.351670353125 0.168340465625 0.318648859375 0.1799378015625 0.34055394687499996 0.21654442343750002 0.3758252765625 0.20112639375 0.351670353125 0.168340465625
2 0.11229798906249999 0 0.147258675 0.040362871875 0.17131321875 0.0217798515625 0.1536882078125 0 0.11229798906249999 0
2 0.0598251171875 0.766888225 0.0180815671875 0.779225640625 0.0415987109375 0.82536185 0.0720130265625 0.8163912859375 0.0598251171875 0.766888225
2 0.22556019843750003 0.6866434781249999 0.19386342343750002 0.697373178125 0.2093841921875 0.729713040625 0.238642303125 0.7189392125 0.22556019843750003 0.6866434781249999
2 0.31203921874999996 0.8645251500000001 0.2823315203125 0.8788526125 0.2969350109375 0.914144103125 0.32560979687499997 0.902767815625 0.31203921874999996 0.8645251500000001
2 0.378316959375 0.8401468937500001 0.340173746875 0.8501686671875 0.350913834375 0.8806435625000001 0.383687740625 0.872308025 0.378316959375 0.8401468937500001
2 0.89769663125 0.17876215 0.9059317484375 0.218990125 0.9208097640625 0.2142021765625 0.9148644875 0.1808433359375 0.89769663125 0.17876215
2 0.0379539328125 0.4903706546875 0.031501021875 0.45225222968749995 0.0019599515625000003 0.454705790625 0.0015901374999999999 0.5004234875 0.0379539328125 0.4903706546875
2 0.191169496875 0.0737890015625 0.1760044796875 0.0895579859375 0.21035072187499998 0.1305402140625 0.22774655 0.11956089218749999 0.191169496875 0.0737890015625
2 0.20280074843749998 0.053209171875 0.18979539843749998 0.0639666484375 0.2273601375 0.10767733906250002 0.2364541328125 0.09655154218749999 0.20280074843749998 0.053209171875