2 0.9578125 0.48828125 0.0453125 0.0453125
2 0.5645820125000001 0.8584708953125 0.5733342125 0.80656701875 0.5308787546875 0.7918036359375 0.508817271875 0.8359153984375001 0.5645820125000001 0.8584708953125
2 0.3216188109375 0.6157047546875 0.37226547499999996 0.6162323765625 0.3850330234375 0.56306906875 0.351155328125 0.5582714734375 0.3216188109375 0.6157047546875
2 0 0.28208723281250003 0.012568281249999999 0.289615165625 0.0394891421875 0.25460626249999996 0.008656098437499999 0.23653331249999998 0 0.24921728124999998 0 0.28208723281250003
2 0.4903649953125 0 0.48414183906249997 0.000306190625 0.4895718015625 0.038739775 0.5363609484375 0.0338220359375 0.5341135984375 0 0.4903649953125 0
2 0.3360017203125 0.9338991203125 0.3250647078125 0.9754496546875 0.4008237390625 0.9814164906249999 0.40256265 0.9450150031250001 0.3360017203125 0.9338991203125
2 0.51427533125 1 0.567752553125 0.9943793171875001 0.570158603125 0.9510812484375 0.5025121765625 0.9428666 0.49639700781249996 1 0.51427533125 1
2 0.7290702265625 0.7156683453125 0.759924965625 0.7179980953125 0.7670230609375001 0.6796397625 0.7316066109375 0.673610321875 0.7290702265625 0.7156683453125
2 0.284327109375 0.31364967187500004 0.3158891046875 0.32078023125 0.32654134375 0.28025727968749997 0.2939407984375 0.27651949062500003 0.284327109375 0.31364967187500004
2 0.6846960609375 0 0.6804437734375 0.072311190625 0.6902456078125 0.07396756875 0.698981696875 0 0.6846960609375 0
2 0.7226955046875 0.18697752343750002 0.708660453125 0.1875571359375 0.7121355671875 0.2433118171875 0.726511634375 0.23821870937499998 0.7226955046875 0.18697752343750002
2 0.7030475984375 0.18724997031249999 0.68441130625 0.1895088046875 0.6833238421875001 0.20753371718750002 0.7024493656249999 0.2079116265625 0.7030475984375 0.18724997031249999