2 0.2425323234375 0.0142219796875 0.1995786046875 0.103398825 0.22935746093749998 0.11422741875 0.2719631421875 0.035193135937499995 0.2425323234375 0.0142219796875
2 0.5389238375 0.0339069359375 0.5962045265625 0.059467281250000004 0.6252605046874999 0.012834154687499998 0.5540985093749999 0.0028875484375 0.5389238375 0.0339069359375
2 0.5709631578125001 0.255297696875 0.6064479265625 0.19041041718750001 0.573929871875 0.172671490625 0.5420324921875 0.2327019484375 0.5709631578125001 0.255297696875
2 0.10374102656249999 0.32608685625 0.084481315625 0.3635800953125 0.11661610781250001 0.3746963875 0.1387887890625 0.34514705156250003 0.10374102656249999 0.32608685625
2 1 0.237797084375 0.9759731296874999 0.22347189687500002 0.9524001484375001 0.271733809375 0.9887433953125001 0.28755115 1 0.2654595171875 1 0.237797084375
2 0.9098591734375001 0.38921726093750003 0.8955141093749999 0.41833923281249996 0.9504390515625 0.443610328125 0.9675970625 0.41105400625 0.9098591734375001 0.38921726093750003
2 0.673975028125 0.3736982890625 0.658266171875 0.4017602171875 0.6903286046875 0.413465834375 0.7052848640625 0.3842252765625 0.673975028125 0.3736982890625
2 0.33279816875 0.6822205296875 0.30172558125000004 0.7428544390625 0.393053375 0.7785726109375 0.42060878749999997 0.7198005046875 0.33279816875 0.6822205296875
2 0.08327875 0.6462073875 0.073460446875 0.662834775 0.153314778125 0.7043132437499999 0.1624106515625 0.68869754375 0.08327875 0.6462073875
2 0.061098053124999996 0.8926269515625 0.081200509375 0.8580141390625 0.01876043125 0.83062545625 0.006763359375 0.86501030625 0.061098053124999996 0.8926269515625
2 0.10711362656250001 0.5397970875 0.07907870781250001 0.6073464921875 0.090646753125 0.6105599234375 0.12298873749999999 0.5517804734375 0.10711362656250001 0.5397970875
2 0.4015029734375 0.9631012437500001 0.4404006609375 0.9678583875 0.4454122765625 0.8734498187499999 0.407332553125 0.8717621125000001 0.4015029734375 0.9631012437500001
2 0.357174984375 0.5713965 0.46522743593750004 0.6194999 0.4765142359375 0.59578458125 0.3649087546875 0.549809353125 0.357174984375 0.5713965
2 0.951306175 0.051658517187499996 0.9419179765625 0.06964218125 0.9747974484374999 0.0844375890625 0.991380225 0.056578992187499996 0.951306175 0.051658517187499996
2 0.6801225093750001 0.4990238234375 0.6648904390625 0.5280746671875 0.6956295046875 0.5408142125000001 0.71330466875 0.5089180234375 0.6801225093750001 0.4990238234375