2 0.9161684796875 0.2627336390625 0.960685053125 0.2187770375 0.934636225 0.19867343125 0.8937124859375001 0.23428689687499998 0.9161684796875 0.2627336390625
2 0.762410971875 0.0588717234375 0.73390870625 0.0874132171875 0.7700046640625 0.123008328125 0.801915596875 0.10126151406249999 0.762410971875 0.0588717234375
2 0.5016038265625 0.6046867359375 0.44701295781250006 0.5527166078125 0.42095112500000004 0.5811698203125 0.47720663906249994 0.6331918671875 0.5016038265625 0.6046867359375
2 0.5612411125000001 0.78277614375 0.5214422765625 0.7509465718749999 0.492503009375 0.78091271875 0.5394505546875 0.8139582859375001 0.5612411125000001 0.78277614375
2 0.4766398609375 0.755688371875 0.5048982890625 0.7283090750000001 0.45066660625 0.6724697 0.4188901203125 0.7021362843750001 0.4766398609375 0.755688371875
2 0.38781859218750003 0.788405078125 0.363091546875 0.7649387421875 0.3385126140625 0.7864229765624999 0.35935126093749997 0.8139189265625 0.38781859218750003 0.788405078125
2 0.37115204999999996 0.9238704656250001 0.391364446875 0.900849484375 0.3609313515625 0.874956259375 0.3426235921875 0.906880290625 0.37115204999999996 0.9238704656250001
2 0.2536656734375 0.7604986078125 0.2763666265625 0.7307224078125001 0.25371425937500003 0.7089110859375001 0.22637048750000002 0.7376988265625 0.2536656734375 0.7604986078125
2 0.15847331874999998 0.8003577109375 0.11445238906249999 0.841990009375 0.142500790625 0.869806009375 0.179115265625 0.8344906078125 0.15847331874999998 0.8003577109375
2 0.1981869390625 0.534730353125 0.173744803125 0.5031298765625001 0.14594184999999998 0.5312145968750001 0.168436159375 0.556632815625 0.1981869390625 0.534730353125
2 0.2751739796875 0.3179992 0.25587489375 0.285063853125 0.23675239062500003 0.29799725 0.2508006140625 0.328904371875 0.2751739796875 0.3179992
2 0.9440679125000001 0.416777040625 0.9167749890625 0.45103712500000004 0.9426981921875001 0.47172423593749996 0.9679308234375 0.44430880312500004 0.9440679125000001 0.416777040625
2 0.8150528109374999 0.8725393531250001 0.8428539109375001 0.8444558359375 0.798682209375 0.8126073046875 0.7733386609374999 0.8491043843750001 0.8150528109374999 0.8725393531250001
2 0.6828742984375 0.6070995875 0.66201245625 0.6481913718750001 0.7074535656250001 0.6712045 0.7308090984375 0.6355004828124999 0.6828742984375 0.6070995875
2 0.7373789703125 0.6420549796875 0.7083299046875 0.6756414734375 0.74072315625 0.7001286999999999 0.76806693125 0.6713409593749999 0.7373789703125 0.6420549796875
2 0.1150055015625 0.8251239453125001 0.1504967421875 0.7865331234374999 0.120843196875 0.766268728125 0.0915239375 0.8043504 0.1150055015625 0.8251239453125001
2 0.6876257515625 0.7862811421875 0.658478409375 0.8131679859375 0.6952421265625001 0.8513330937499999 0.7235860125 0.8264000203125 0.6876257515625 0.7862811421875
2 0.56034958125 0.8839692828124999 0.53099345 0.868017209375 0.5002421406249999 0.9185402015624999 0.5297217171875 0.9339115 0.56034958125 0.8839692828124999
2 0.59482899375 0.9471450609375 0.562683284375 0.9214932265625 0.544090640625 0.9576058062499999 0.5749786625 0.9720624515624999 0.59482899375 0.9471450609375
2 0.8989703656250001 0.8600370249999999 0.9335651640625 0.8057783828125 0.8997373078124999 0.7879652921875 0.865466409375 0.8407752468749999 0.8989703656250001 0.8600370249999999
2 0.162533078125 0.7156427437499999 0.1860315078125 0.6860376484375 0.170433721875 0.678473134375 0.148768140625 0.7090748265625 0.162533078125 0.7156427437499999
2 0.13633983125 0.740122425 0.12149882187500001 0.731808246875 0.11456069531249999 0.7473299156250001 0.12646138906249998 0.7541085890625 0.13633983125 0.740122425
2 0.1671864703125 0.6720162703125 0.15258320625 0.654038790625 0.1411265859375 0.6679946078125 0.1517563421875 0.6836083546875 0.1671864703125 0.6720162703125
2 0.1493760796875 0.68735151875 0.1381151765625 0.676458134375 0.1266950203125 0.687386628125 0.1460652234375 0.7018231421875 0.1493760796875 0.68735151875