2 0.9462063359374999 0.2215905796875 0.9430773796875 0.18665304375 0.90535945625 0.1914246734375 0.9095542343749999 0.2255004953125 0.9462063359374999 0.2215905796875
2 0.7871155203125 0.0293817703125 0.787820971875 0.014858229687499998 0.7048209140624999 0.0183936390625 0.7045283015625 0.03552375 0.7871155203125 0.0293817703125
2 0.9314854109375 0.041349373437499996 0.928608971875 0.0231882546875 0.88502665 0.028888712500000004 0.885426709375 0.0446989046875 0.9314854109375 0.041349373437499996
2 0.5283159265624999 0.09199247499999999 0.5270890734375 0.110805075 0.5939120531250001 0.10382509843750001 0.5915228171875 0.0849445296875 0.5283159265624999 0.09199247499999999
2 0.2541126734375 0.0573482890625 0.25924377656250003 0.074552734375 0.349154609375 0.0615129765625 0.3463066203125 0.045429234375 0.2541126734375 0.0573482890625
2 0.25407555 0.038136314062499996 0.256181571875 0.0552187359375 0.306706746875 0.047817484375000004 0.303521371875 0.0314913484375 0.25407555 0.038136314062499996
2 0.539035559375 0.21281084374999998 0.54562015 0.24299775 0.6068599765625 0.23870234687499997 0.5984566328125001 0.202725546875 0.539035559375 0.21281084374999998
2 0.34204670625 0.5100629171875 0.3804138328125 0.50939019375 0.3716542671875 0.43510687968750006 0.33100438906249996 0.44034446562499996 0.34204670625 0.5100629171875
2 0.0736533015625 0.3982251125 0.082153346875 0.43291468593750004 0.1320007421875 0.425019634375 0.1243960953125 0.39218786250000004 0.0736533015625 0.3982251125
2 0.060954240625 0.363602609375 0.0218781609375 0.36739021250000004 0.03199238125 0.43124889375000003 0.0740937890625 0.427584859375 0.060954240625 0.363602609375
2 0.60266981875 0 0.604751090625 0.0204293203125 0.6452135296875 0.019701578125 0.64301183125 0 0.60266981875 0
2 0.2614395921875 0.092222084375 0.2644721671875 0.11516452031249999 0.2953677171875 0.10906884218749999 0.288719465625 0.0860710296875 0.2614395921875 0.092222084375
2 0.166948271875 0.06875075 0.13111242812499999 0.070223278125 0.1344901578125 0.110527028125 0.1727646453125 0.10926940781250001 0.166948271875 0.06875075
2 0.1391905 0.5121646828124999 0.13997190937499998 0.5474724531249999 0.1998834546875 0.5385861296875001 0.19360044999999998 0.5046100828125 0.1391905 0.5121646828124999
2 0.3481175640625 0.7571363609375 0.35186129374999997 0.788374365625 0.40269955 0.790530875 0.4001702296875 0.7555837890625 0.3481175640625 0.7571363609375
2 0.3346768375 0.9076071234375 0.342189034375 0.9436507125 0.397407271875 0.9355061546875 0.394424728125 0.90149303125 0.3346768375 0.9076071234375
2 0.5159329390625 0.9209384281249999 0.45744084375 0.9235947484375 0.4626374015625 0.9564045203125 0.52063545 0.9544244359375 0.5159329390625 0.9209384281249999
2 0.5739453046875 0.774819009375 0.5199594515625 0.775562471875 0.5190762125 0.81173663125 0.580571296875 0.8071650828125 0.5739453046875 0.774819009375
2 0.7500976421875001 0.661038446875 0.7500717578125 0.6760570890625 0.82819453125 0.6720918625000001 0.82503929375 0.6540682390625 0.7500976421875001 0.661038446875
2 0.6576018796875001 0.6084258484375 0.6657316921875001 0.640767875 0.7041271499999999 0.636488503125 0.7013105546875 0.6016153937500001 0.6576018796875001 0.6084258484375
2 0.7457759562499999 0.75901450625 0.7464309359375 0.774526459375 0.8711905015625 0.7613728203125001 0.8682168734375001 0.7444958390624999 0.7457759562499999 0.75901450625
2 0.7758161859375 0.7740771875 0.7451355421875 0.7777342218750001 0.749801175 0.7920098 0.7774564921875 0.7882291968749999 0.7758161859375 0.7740771875
2 0.0822271328125 0.8508976453124999 0.0886520859375 0.8648945734375 0.12133707812500001 0.8549148984375 0.11991167968750001 0.838324246875 0.0822271328125 0.8508976453124999
2 0.088778590625 0.8732843265625 0.0944313390625 0.88620125625 0.130450746875 0.874491159375 0.12609160625 0.8583651671875 0.088778590625 0.8732843265625
2 0.0998353140625 0.8937519765624999 0.10490186718750001 0.9067633359375 0.1366306734375 0.89453208125 0.1326375359375 0.8826147109375 0.0998353140625 0.8937519765624999
2 0.3448611375 0.8087009359374999 0.35644528124999997 0.83629411875 0.407617703125 0.82158286875 0.400691875 0.7987302656249999 0.3448611375 0.8087009359374999
2 0.22289098749999997 0.767361375 0.1580963640625 0.6581102375000001 0.12593879531250002 0.6752154453125 0.19229208281250001 0.78670658125 0.22289098749999997 0.767361375
2 0.08693255 0.5162366359375 0.0911358 0.52758285625 0.12230975625 0.52324495625 0.12225206562499999 0.509606378125 0.08693255 0.5162366359375
2 0.09592370312500001 0.53883489375 0.095187565625 0.5569702015625 0.13466431875 0.5519168375 0.135918909375 0.5389626515625 0.09592370312500001 0.53883489375
2 0.19483396718749998 0.10817541093750001 0.1951161171875 0.12134339375 0.23419398593750002 0.117557090625 0.232472228125 0.10668634531250001 0.19483396718749998 0.10817541093750001
2 0.20644798749999999 0.132161703125 0.20731657656250002 0.14523680156250002 0.223829534375 0.143220975 0.2211791921875 0.1264873734375 0.20644798749999999 0.132161703125
2 0.20600278906249997 0.1862836140625 0.20841530156250002 0.2015156203125 0.223755378125 0.1996855609375 0.22494632343749998 0.18443176875 0.20600278906249997 0.1862836140625
2 0.14866517968749998 0.22659322187500003 0.14860966250000002 0.24522029843749998 0.1655534140625 0.23833335937500003 0.16412023281250002 0.2273868515625 0.14866517968749998 0.22659322187500003
2 0.1675799015625 0.205581871875 0.16937259843750002 0.21310499218749998 0.181780475 0.211739346875 0.179994040625 0.20235799375000002 0.1675799015625 0.205581871875