2 0.6863316546875 0.9831698937500001 0.690726621875 0.9275294859375001 0.6154171984375 0.9275048078125 0.61303351875 0.9908738375 0.6863316546875 0.9831698937500001
2 0.2234412640625 0.22423758437500002 0.17001996875 0.22433667656249998 0.17425713125 0.2617075515625 0.226093471875 0.2620658125 0.2234412640625 0.22423758437500002
2 0.2850595671875 0.25588621875 0.249092953125 0.258109984375 0.2505676984375 0.329852140625 0.28532833750000003 0.32095725937499997 0.2850595671875 0.25588621875
2 0.766991703125 0.1035032578125 0.7392362234375 0.1049537890625 0.7338916375 0.1752037390625 0.7672819109375 0.17514178281249998 0.766991703125 0.1035032578125
2 0.9284802484375 0.1725359140625 0.9343081140624999 0.0650300671875 0.90760993125 0.0567262546875 0.9062781031249999 0.1741727234375 0.9284802484375 0.1725359140625
2 0.818911325 0.6821349062500001 0.7853941812499999 0.680993728125 0.7887647515625 0.720076840625 0.8209720421875 0.7199113859375 0.818911325 0.6821349062500001
2 0.326895065625 0.7930562046875 0.2759028953125 0.7921742125 0.2693592828125 0.8578428499999999 0.32333288125 0.8542096953125 0.326895065625 0.7930562046875
2 0.1631183125 0.1777830046875 0.122370140625 0.176305634375 0.12288141718750001 0.22200377656249998 0.1586909578125 0.2215574609375 0.1631183125 0.1777830046875
2 0.191848934375 0.39453529062500003 0.1745405296875 0.397497409375 0.175158203125 0.46946259218749997 0.1912368875 0.46967412187499996 0.191848934375 0.39453529062500003
2 0.08418398906249999 0.35766449218749996 0.068783265625 0.3595999078125 0.065736396875 0.404985184375 0.0806821546875 0.40450314687500005 0.08418398906249999 0.35766449218749996
2 0.8210657171875001 0.146427896875 0.8230824046875 0.0893144546875 0.783899184375 0.094241596875 0.7834296828125 0.147313571875 0.8210657171875001 0.146427896875
2 0.5628581015624999 0.6513794890625 0.561494203125 0.6124688015624999 0.46980095468750005 0.6247379578125 0.4751817734375 0.6586280765625 0.5628581015624999 0.6513794890625
2 0.6771639281249999 0.5987196375 0.6358792234374999 0.6016717328125 0.62967630625 0.6781110499999999 0.6757531234374999 0.6761757984375001 0.6771639281249999 0.5987196375
2 0.6677174921875 0.81571110625 0.626020996875 0.8165395453125001 0.6278144906249999 0.8629458859374999 0.670133678125 0.8630675203125 0.6677174921875 0.81571110625
2 0.7511392609375 0.9763583390624999 0.7517748734375 0.9656938578125001 0.7106053921875 0.9635820390625 0.7114449859375 0.9805303765625 0.7511392609375 0.9763583390624999