2 0.41739245625 0.09805513125000001 0.42898055468749996 0.060959879687499996 0.3493301734375 0.0414593109375 0.340142859375 0.081769790625 0.41739245625 0.09805513125000001
2 0.3293729359375 0.1231024765625 0.333835615625 0.092531340625 0.2744749125 0.07955678125 0.2673180328125 0.11707892499999999 0.3293729359375 0.1231024765625
2 0.4952822 0.0048358171875 0.4734494984375 0.0000364296875 0.4380352078125 0.0037586218749999997 0.4245892203125 0.04985834375 0.48198505 0.0614297515625 0.4952822 0.0048358171875
2 0.557163675 0.053716714062500004 0.5694481812500001 0.0154919234375 0.5240999546875 0.0058544515625 0.516867903125 0.044235814062500003 0.557163675 0.053716714062500004
2 0.6051201500000001 0.0710106390625 0.6106396515625 0.0351725109375 0.568763290625 0.0267265421875 0.561711678125 0.06304547031249999 0.6051201500000001 0.0710106390625
2 0.5304825890625 0.310995325 0.53805796875 0.27890846406250003 0.459184965625 0.257334946875 0.449270603125 0.299125190625 0.5304825890625 0.310995325
2 0.746084915625 0.3536737109375 0.7607474140625 0.28826836875 0.7185694890625001 0.2764567484375 0.70116044375 0.342598953125 0.746084915625 0.3536737109375
2 0.9582276984375 0.48358251562500004 0.965143190625 0.43178814687499995 0.8917956140625 0.4219784671875 0.8848083156250001 0.47120524374999995 0.9582276984375 0.48358251562500004
2 0.25319670781250003 0.353424096875 0.264889725 0.3151475578125 0.2049427046875 0.3020620984375 0.19693055312500002 0.342547540625 0.25319670781250003 0.353424096875
2 0.2120722078125 0.183102675 0.21967640156249998 0.143873959375 0.17677557187499998 0.133512665625 0.16467685468749999 0.17300221093749998 0.2120722078125 0.183102675
2 0.288062746875 0.25465421093749996 0.298411521875 0.23174241874999998 0.254430040625 0.2269205171875 0.247715225 0.24576480312500001 0.288062746875 0.25465421093749996
2 0.40956618437500003 0.2896975984375 0.42821859843750004 0.21273194687500002 0.37464615156250003 0.2017224703125 0.3527587296875 0.2781776640625 0.40956618437500003 0.2896975984375
2 0.17851368437499998 0.5803033875 0.1875305171875 0.5453656828125 0.09567304374999999 0.5291245375 0.08593708125 0.5620810890625 0.17851368437499998 0.5803033875
2 0.31852353125 0.6354251796875 0.3351446953125 0.561257203125 0.2813738359375 0.5525156250000001 0.2611778921875 0.62326214375 0.31852353125 0.6354251796875
2 0.44261032812499995 0.9338788875 0.44776799843750004 0.902176521875 0.41987845 0.8905484140625 0.4081259640625 0.9260984593750001 0.44261032812499995 0.9338788875
2 0.8053644265625 0.875108853125 0.7731716109375 0.8615734328125001 0.7604051265625 0.8848697234375 0.7965316515625 0.901130234375 0.8053644265625 0.875108853125
2 0.81633068125 0.736138928125 0.8144437718749999 0.7032242234375 0.748407475 0.69159640625 0.7430664109375 0.7219887421875 0.81633068125 0.736138928125
2 0.9764604468750001 0.7179948625 0.9841908015625 0.6841366421874999 0.930576821875 0.6736019125 0.9244382234374999 0.706297565625 0.9764604468750001 0.7179948625
2 0.2899669109375 0.9822843359375 0.440205525 0.9954285109375001 0.45183850625 0.9442131265624999 0.3066810453125 0.917254546875 0.2899669109375 0.9822843359375
2 0.0161492203125 0.6798534625 0.044602673437500004 0.6870792125 0.055009209375 0.64988215625 0.0119195953125 0.6396112609375 0.0161492203125 0.6798534625
2 0.8235079000000001 0.0954765515625 0.8290440515625 0.079885665625 0.7519488046875 0.0686486125 0.7481589343749999 0.0847169484375 0.8235079000000001 0.0954765515625