2 0.9275657781250001 0.617498184375 0.9326395562500001 0.56830520625 0.8891364359375 0.5632891390625 0.88190270625 0.6110706984375 0.9275657781250001 0.617498184375
2 0.936760753125 0.015065975 0.928429525 0.0907831171875 0.9415959031250001 0.0938880078125 0.944327984375 0.068909625 0.936760753125 0.015065975
2 0.9038074140625 0 0.8952103421875 0.0913506078125 0.9126583343749999 0.0886603546875 0.9234735781250001 0 0.9038074140625 0
2 0.8084026124999999 0.5459101828125 0.8116759234375 0.4593510296875 0.7970983015625001 0.46015714843750005 0.7929885703124999 0.546448453125 0.8084026124999999 0.5459101828125
2 0.7637763843750001 0.5427141078125 0.7699852640625 0.463480403125 0.753148403125 0.4593154640625 0.74486735625 0.5451583234374999 0.7637763843750001 0.5427141078125
2 0.8305919421875 0.5932568171875 0.8463039953125 0.5944920390624999 0.8497425203125 0.5569429140625 0.8319149890625 0.5563756765625001 0.8305919421875 0.5932568171875
2 0.8353114515625 0.52447208125 0.8516479218749999 0.526575103125 0.854679553125 0.4943871921875 0.8373019734374999 0.489647025 0.8353114515625 0.52447208125
2 0.840278059375 0.4628080609375 0.8547872453125 0.4634896125 0.8565093296875 0.42778276093749995 0.8416265140625001 0.4265201453125 0.840278059375 0.4628080609375
2 0.17010686875 0.6579092984375 0.1778642875 0.6098123953125001 0.118217778125 0.5997160015625 0.10859133750000001 0.64698700625 0.17010686875 0.6579092984375
2 0.0340972328125 0.7743534624999999 0.033875778125 0.776002090625 0.041685684375 0.8315724578125 0.07595109375 0.834085421875 0.081443746875 0.7798294296875 0.0340972328125 0.7743534624999999
2 0.10183265 0.40244891562499996 0.10376747187499999 0.3486126578125 0.053031709375 0.3477124484375 0.0488638453125 0.3983575078125 0.10183265 0.40244891562499996
2 0.09394803125 0.329646921875 0.0958351703125 0.29987542500000003 0.020600471875 0.2858675453125 0.0141789703125 0.32292672968749997 0.09394803125 0.329646921875
2 0.14605314687499998 0.43803669687499996 0.22145909531250002 0.4458004203125 0.2264903078125 0.3178891015625 0.15436531874999998 0.309119634375 0.14605314687499998 0.43803669687499996