2 0.7048084109375 0.3439837984375 0.6823670500000001 0.372688346875 0.750779509375 0.407442203125 0.761822015625 0.3698964328125 0.7048084109375 0.3439837984375
2 0.7825976859375 0.1691367171875 0.758146703125 0.210967771875 0.802877128125 0.236990515625 0.8254204843749999 0.1870216 0.7825976859375 0.1691367171875
2 0.817983690625 0.122904078125 0.8607689468749999 0.1445454609375 0.882785903125 0.1043121359375 0.8384336921875001 0.08904044531250001 0.817983690625 0.122904078125
2 0.2275545265625 0.015709334375 0.26339775468750004 0.0556880984375 0.27663393125 0.0464272046875 0.24232113125 0.0038322921875 0.2275545265625 0.015709334375
2 0.254718096875 0 0.284070775 0.036688115625 0.2978438359375 0.0286036046875 0.27399373437499996 0 0.254718096875 0
2 0.1446721859375 0 0.13508646562499999 0.0278389546875 0.1515548046875 0.048583859374999996 0.176226209375 0.0225310640625 0.15283161875 0 0.1446721859375 0
2 0 0.8566465328125 0.0158681390625 0.862110371875 0.027125315625 0.7783477828125 0 0.7729812296875 0 0.8566465328125
2 0.19317766249999999 0.8669305671875 0.17013588125 0.8991977984374999 0.22494655937500002 0.9196587125000001 0.24428520625 0.88264441875 0.19317766249999999 0.8669305671875
2 0.0486704015625 0.7832545 0.045703307812499996 0.8174086515625 0.0794157921875 0.8252771125 0.0872903703125 0.7896415343750001 0.0486704015625 0.7832545
2 0.044403421875 0.7591720093750001 0.0843019578125 0.7691407531250001 0.094854178125 0.72754766875 0.060148459375 0.7243923078125001 0.044403421875 0.7591720093750001
2 0.68975553125 0.8381678499999999 0.6804481484375 0.848784840625 0.7108273234375 0.859950859375 0.7170903921875 0.846325725 0.68975553125 0.8381678499999999
2 0.6660132671875 0.808638709375 0.6593020859375 0.8226581890625001 0.7214447109375 0.840058134375 0.72718753125 0.8315865859375 0.6660132671875 0.808638709375
2 0.6537184890625001 0.7987519640625 0.7358954609375 0.8245342640625 0.7356209671875 0.8143890468749999 0.6609730625 0.7868018250000001 0.6537184890625001 0.7987519640625
2 0.667179409375 0.76695355 0.6638361296874999 0.7821343453125 0.7361493015625 0.8055597078125001 0.7427753265625 0.7936112750000001 0.667179409375 0.76695355
2 0.677165909375 0.7634829421875 0.7430432078125 0.785538353125 0.7471411953125 0.7699894625 0.6774898484375 0.7497760078125 0.677165909375 0.7634829421875
2 0.8345994515624999 0.9445747421874999 0.8601798531249999 0.921348440625 0.8353366578125 0.8868098249999999 0.8039460875 0.9114083421875 0.8345994515624999 0.9445747421874999