2 0.1772378078125 0.6402785203125 0.1246314484375 0.6348143265624999 0.119512140625 0.6910003375 0.172323809375 0.692610090625 0.1772378078125 0.6402785203125
2 0.314281378125 0.7153335281250001 0.3046273359375 0.6831128578125 0.2685255078125 0.69576596875 0.28032853593749996 0.7326009109375 0.314281378125 0.7153335281250001
2 0.0873562171875 0.27389433125 0.0682611171875 0.266011871875 0.04958453125 0.3117266671875 0.0654146140625 0.3190832140625 0.0873562171875 0.27389433125
2 0.2323387984375 0.33760205625 0.1935117609375 0.32238780624999996 0.1623683375 0.4008580640625 0.19348618906249998 0.4164275984375 0.2323387984375 0.33760205625
2 0.2667721453125 0.330486671875 0.2799907359375 0.28617424687500004 0.2318939296875 0.2673357953125 0.218006775 0.307433503125 0.2667721453125 0.330486671875
2 0.33362798437499996 0.498246453125 0.350593984375 0.46848243749999996 0.30569475 0.43796358281250003 0.2833552578125 0.47092304531250007 0.33362798437499996 0.498246453125
2 0.49834405468750004 0.347868590625 0.484430528125 0.325468465625 0.4429303953125 0.3338768578125 0.4642255390625 0.3675051859375 0.49834405468750004 0.347868590625
2 1 0.06535663124999999 0.9735491484375001 0.06163920625 0.9992388812499999 0.1067218265625 1 0.1061080546875 1 0.06535663124999999
2 1 0.11429027656249999 0.9776985671875 0.133785175 1 0.163715421875 1 0.11429027656249999
2 0.855460590625 0.39188700781249997 0.8714673093749999 0.4269342640625 0.92012311875 0.3952198171875 0.897058628125 0.3638454296875 0.855460590625 0.39188700781249997
2 0.7688485765624999 0.591771228125 0.7383888484375001 0.5676188828125001 0.7012231515625 0.6108519593749999 0.7351127749999999 0.6400041796875 0.7688485765624999 0.591771228125
2 0.494869175 0.4571439453125 0.46160798437499995 0.4560084984375 0.4589158203125 0.494508234375 0.490758384375 0.492568484375 0.494869175 0.4571439453125
2 0.9623769390625 0.131521815625 0.9332337578125 0.0559732484375 0.874174215625 0.0476729703125 0.8680605265624999 0.049931384375 0.9064752203124999 0.15618237968749998 0.9623769390625 0.131521815625
2 0.18607294531250002 0.91409464375 0.24546622187499997 0.848014240625 0.1827269875 0.8001759281249999 0.129068015625 0.877074878125 0.18607294531250002 0.91409464375