2 0.098963128125 0.0855314890625 0.0668928 0.0945890828125 0.07863567187500001 0.1332350359375 0.11451560000000001 0.12202664375000001 0.098963128125 0.0855314890625
2 0.21531937499999998 0.045977959375 0.1815914375 0.061002090625000005 0.1938958953125 0.09530643125 0.2224938171875 0.07563196562499999 0.21531937499999998 0.045977959375
2 0.300816909375 0.043472925 0.2984377609375 0.031233259375 0.238939221875 0.044208890625000004 0.24671560625 0.062457234375000004 0.300816909375 0.043472925
2 0.43524929375 0.23468989843750002 0.5078853984375 0.2530329140625 0.534394221875 0.16460958125 0.46421184687499994 0.14437932343749998 0.43524929375 0.23468989843750002
2 0.7433400984375 0.3258183125 0.8363495671875001 0.340201146875 0.8521116624999999 0.28350505625 0.74548346875 0.27882722968749996 0.7433400984375 0.3258183125
2 0.8731388609374999 0.9355572890625 0.87112314375 0.9106849296874999 0.8138481078125 0.9133499859375 0.81473204375 0.9469104234374999 0.8731388609374999 0.9355572890625
2 0.655814271875 0.9778009093750001 0.75904310625 0.95773525625 0.770492296875 0.9006088875 0.6690308125 0.893514878125 0.655814271875 0.9778009093750001
2 0.2929840359375 0.3512583296875 0.327698259375 0.35580240625 0.33735203125 0.3256994921875 0.3018447578125 0.3170755265625 0.2929840359375 0.3512583296875
2 0.296731040625 0.414042196875 0.3330310671875 0.4267445140625 0.34358792656250003 0.3795298921875 0.30943959374999996 0.370641778125 0.296731040625 0.414042196875
2 0.1480970609375 0.345550765625 0.1844328421875 0.35118992968749996 0.2039687828125 0.29940619687500003 0.1652165625 0.288590821875 0.1480970609375 0.345550765625
2 0.0597898296875 0.2610973703125 0.05991001875 0.290712296875 0.0897540734375 0.29196740625 0.0947324484375 0.2740635421875 0.0597898296875 0.2610973703125
2 0.045895521875 0.4289273515625 0.059588825 0.4050954375 0.0178558078125 0.39344759375 0.01307066875 0.42683977500000003 0.045895521875 0.4289273515625
2 0.055523690625 0.45669411406249993 0.050800849999999995 0.4251500984375 0.010317034375 0.43443123124999994 0.0226227265625 0.468733740625 0.055523690625 0.45669411406249993
2 0.13577993593749998 0.47073217031250003 0.1759623109375 0.4671555484375 0.17840558906249998 0.41446025156250005 0.14342721249999998 0.408557234375 0.13577993593749998 0.47073217031250003
2 0.1694094359375 1 0.16717975624999998 0.9586027953125 0.10522778749999999 0.973467203125 0.1100292109375 1 0.1694094359375 1
2 0.11051599375000001 1 0.10688693125 0.9675003703125 0.0843615765625 0.967644815625 0.0892050234375 1 0.11051599375000001 1
2 0.166389221875 0.74423064375 0.184073378125 0.6829284906249999 0.14800328125 0.67864796875 0.1303533484375 0.7328872640624999 0.166389221875 0.74423064375
2 0.27544345625 0.59459953125 0.3050248921875 0.5944954 0.3152442578125 0.5600469140625 0.2827177796875 0.55225541875 0.27544345625 0.59459953125
2 0.03570635625 0.3400765984375 0.0225479109375 0.38739420468749997 0.0915316 0.40211285781250006 0.101217215625 0.3600051796875 0.03570635625 0.3400765984375
2 0.5011149140625 0.30646905625 0.534566946875 0.31690121250000003 0.5578492296875 0.2697327515625 0.5149707296875 0.25961916406249996 0.5011149140625 0.30646905625