2 0.25520528750000004 0.469585165625 0.2547299796875 0.519896140625 0.3067193875 0.5254040171875001 0.31036678281249996 0.4759869640625 0.25520528750000004 0.469585165625
2 0.11418939218749999 0.1930732390625 0.2475420375 0.2340056921875 0.26284149375 0.18060590625 0.1295201625 0.1394506421875 0.11418939218749999 0.1930732390625
2 0.7488424124999999 0.045965096875 0.749589528125 0.0790567453125 0.8095626390625 0.087485415625 0.807436934375 0.055681625 0.7488424124999999 0.045965096875
2 0.9334849359374999 0.6818618109375 0.9724578812500001 0.6861399296874999 0.974208971875 0.6054199484375 0.9403640531249999 0.60306169375 0.9334849359374999 0.6818618109375
2 1 0.0972209296875 0.950606396875 0.09289095625 0.9500894140625 0.10723516562499999 1 0.11269428906250001 1 0.0972209296875
2 0.48057205 0.653595621875 0.4273240625 0.648510446875 0.4279043640625 0.682777821875 0.4790485828125 0.6857669984375 0.48057205 0.653595621875
2 0.3850019375 0.49742341406249996 0.370424625 0.5499511515625 0.40637198437500005 0.5544036390625 0.4160069375 0.5071787265625 0.3850019375 0.49742341406249996
2 0.6760206390625 0.713449615625 0.6766835734375001 0.74712901875 0.7089300640625 0.7480618796875 0.70930520625 0.7155287265625 0.6760206390625 0.713449615625
2 0.75625909375 0.28331025 0.7528250765625 0.324809634375 0.7927978328124999 0.326228765625 0.7954944671875 0.287842996875 0.75625909375 0.28331025
2 0.954663653125 0.5013147453125 0.958809265625 0.552876309375 0.988878453125 0.5565026734375 0.9939933875 0.507309225 0.954663653125 0.5013147453125
2 0 0.7721634125 0.1296240796875 0.7871954765625 0.13301906875 0.728897490625 0 0.7159513578125 0 0.7721634125
2 0.041090003125 0.8497230531250001 0.038813078125 0.8829892859375 0.103491509375 0.892079246875 0.10578568125000001 0.8501577453125 0.041090003125 0.8497230531250001
2 0.29729309531250003 0.1018545515625 0.2912609328125 0.1831720390625 0.3373066234375 0.1968415171875 0.3446919375 0.11656151249999999 0.29729309531250003 0.1018545515625