2 1 0.3010648546875 0.9811957281250001 0.195812453125 0.9512049828125001 0.1939414859375 0.9919486 0.4736008421875 1 0.47250682343749995 1 0.3010648546875
2 0.90579465 0.2191403609375 0.9453752546875 0.450941709375 0.9676669703125 0.4465001671875 0.931283203125 0.21471135000000002 0.90579465 0.2191403609375
2 0.67967765 0.720138034375 0.7168989671875 0.73581680625 0.7426514015625 0.6889074515625 0.705318459375 0.6709439390624999 0.67967765 0.720138034375
2 0.6275107140625 0.6875360703125 0.651963059375 0.6967750796875001 0.6653451515625 0.6615176640625 0.639755628125 0.654058853125 0.6275107140625 0.6875360703125
2 0.607143865625 0.74270495 0.63247481875 0.7529393203125 0.64831319375 0.7084282281250001 0.6258273703125 0.6964616546875 0.607143865625 0.74270495
2 0.839758315625 0.309651175 0.858887909375 0.42560425156250004 0.8829175734374999 0.429549446875 0.864147871875 0.3047764546875 0.839758315625 0.309651175
2 0.83294284375 0.434333165625 0.8509235734375 0.432632534375 0.829041403125 0.315567340625 0.8129337781249999 0.31738269375 0.83294284375 0.434333165625
2 0.83190249375 0.2847026125 0.830304325 0.2680490953125 0.8084150953125 0.2764955328125 0.810499884375 0.286943540625 0.83190249375 0.2847026125
2 0.8131039109374999 0.299522475 0.8098270515625 0.29915742500000003 0.8117486578124999 0.309221 0.8348133109375 0.3044513640625 0.8330878921875 0.2928677890625 0.8131039109374999 0.299522475
2 0.8676120468749999 0.2914473328125 0.869095134375 0.27667741874999996 0.8479289812499999 0.280931653125 0.8487401765625 0.2953494421875 0.8676120468749999 0.2914473328125
2 0.3146442625 0.7833416796875 0.31243563124999996 0.7190517140625 0.29334798906250004 0.7215858859375001 0.29898234375 0.784058034375 0.3146442625 0.7833416796875
2 0.4227782203125 0.7994942953125 0.444618521875 0.7327535078125 0.42811524375000004 0.7280068921875 0.4069160453125 0.7943663203125 0.4227782203125 0.7994942953125