2 0.8984404093749999 0.0312744515625 0.8257578390625 0.065918275 0.8420002249999999 0.1065392546875 0.9067594671875 0.064692034375 0.8984404093749999 0.0312744515625
2 0.7181591625 0.184534665625 0.7700402125 0.158748803125 0.7471793328125 0.1210018546875 0.69897015 0.1532153390625 0.7181591625 0.184534665625
2 0.7132486328125001 0.0658213375 0.67913835 0.0908480109375 0.7028688843750001 0.11491573906250001 0.7352476984375 0.0976638921875 0.7132486328125001 0.0658213375
2 0.9396516531250001 0.44781991562499995 0.9114916093750001 0.458818528125 0.928016565625 0.51283144375 0.9632701921875 0.4997598484375 0.9396516531250001 0.44781991562499995
2 0.794514053125 0.8355619765625001 0.7645352046875 0.8522154453124999 0.7824058671875 0.89243045 0.8172281609375001 0.880076715625 0.794514053125 0.8355619765625001
2 0.73906651875 0.8824306484375001 0.7085972640625 0.895534828125 0.7232611796875 0.9249227546875 0.7563566828125 0.91055185 0.73906651875 0.8824306484375001
2 0.6922735203125 0.7025627421875 0.660800665625 0.72662586875 0.6941161640625 0.7712526640624999 0.7226099953125 0.7555797656250001 0.6922735203125 0.7025627421875
2 0.5403580859375 0.6621128781250001 0.493817228125 0.68932095 0.5145805046875 0.7205537328125 0.560919128125 0.6955378265625 0.5403580859375 0.6621128781250001
2 0.516888053125 0.10162310000000001 0.5459161781249999 0.08122753906249999 0.5114050984375 0.033536459375 0.484490528125 0.0579912828125 0.516888053125 0.10162310000000001
2 0.53908535 0.175945146875 0.5123447328124999 0.20158206406249998 0.5488719125 0.24265281718749998 0.573192690625 0.2298577703125 0.53908535 0.175945146875
2 0.46165933593749997 0.08234750625000001 0.4313850265625 0.0999925328125 0.4634487390625 0.1501328140625 0.49237390625 0.1337420546875 0.46165933593749997 0.08234750625000001
2 0.34298148125 0.11744617187499999 0.32072946562500004 0.139210284375 0.3448894078125 0.16500672968750002 0.3640313296875 0.14615979375000002 0.34298148125 0.11744617187499999
2 0.270884759375 0.21803202812500003 0.2419900578125 0.237780784375 0.2726232375 0.26747061250000004 0.30270224687499997 0.24344905 0.270884759375 0.21803202812500003
2 0 0.120023084375 0.0403152015625 0.1473208 0.0587404671875 0.1231452078125 0.029618884374999998 0.10197236875 0 0.11489888749999999 0 0.120023084375
2 0.14389946874999998 0.871719871875 0.1067714546875 0.8944409265625 0.1414281984375 0.9329183984375 0.1684844203125 0.9163816953125 0.14389946874999998 0.871719871875
2 0.2832183953125 0.7513140046875 0.2553787125 0.7698818265625 0.27874079687500003 0.797102665625 0.3042134890625 0.7791233890625 0.2832183953125 0.7513140046875
2 0.412789878125 0.9007520890625 0.38780266406249997 0.9222802703124999 0.41104266406249995 0.952589571875 0.4357959796875 0.934179340625 0.412789878125 0.9007520890625
2 0.47049970312499995 0.8600505578125001 0.43625001562500004 0.8796030375000001 0.45451162656250005 0.9062597859375 0.4840113921875 0.8897257656249999 0.47049970312499995 0.8600505578125001
2 0.8010029734374999 0.0867766015625 0.8193692515625 0.12350243593750002 0.8325011 0.11502691875 0.8181244984375 0.08434350625 0.8010029734374999 0.0867766015625
2 0.05120551250000001 0.6102850890625 0.03510670625 0.5751356546874999 0.0072072515625 0.585151403125 0.018682648437499998 0.629407021875 0.05120551250000001 0.6102850890625
2 0.0913811171875 0.1682430046875 0.0808141484375 0.1873996703125 0.124597053125 0.21809599999999998 0.13855847500000001 0.20298841875 0.0913811171875 0.1682430046875
2 0.0972895921875 0.14535402656250002 0.08751162812499999 0.15911098125 0.1351095390625 0.191609796875 0.1410140953125 0.1785094046875 0.0972895921875 0.14535402656250002