2 0.8702171875 0.166546875 0.9177296875 0.19267343750000002 0.9284531250000001 0.154078125 0.87734375 0.135078125 0.8702171875 0.166546875
2 0.8583375 0.22414218749999998 0.87971875 0.24373593750000003 0.899953125 0.21642343749999998 0.8779375 0.1980171875 0.8583375 0.22414218749999998
2 0.795978125 0.2651109375 0.8458671875 0.2912359375 0.8634359375 0.2645171875 0.8191390625 0.2372046875 0.795978125 0.2651109375
2 1 0.6664890625 0.9486140625000001 0.6326453125 0.9302015625 0.6605515625 1 0.7104265625 1 0.6664890625
2 0.7449 0.8000828125 0.7876624999999999 0.8315531249999999 0.8278125 0.7695046875 0.7841 0.7389265625 0.7449 0.8000828125
2 0.6795703125 0.9408031250000001 0.707484375 0.959209375 0.7298421875 0.930709375 0.7009515625 0.9081453125 0.6795703125 0.9408031250000001
2 0.2400734375 0.6439265625 0.24957656250000002 0.6557999999999999 0.2925421875 0.5753484375 0.279271875 0.56733125 0.2400734375 0.6439265625
2 0.21275312500000002 0.61483125 0.22463125 0.6273 0.2578078125 0.5610968749999999 0.2472 0.55605 0.21275312500000002 0.61483125
2 0.1949359375 0.58276875 0.20800156250000001 0.5928625000000001 0.22040156249999998 0.56020625 0.210378125 0.55189375 0.1949359375 0.58276875
2 0.3410390625 0.5109250000000001 0.36123125 0.46045625 0.3434140625 0.4563 0.325596875 0.5038 0.3410390625 0.5109250000000001
2 0.07496562500000001 0.1617984375 0.1135703125 0.1701109375 0.1259953125 0.0988609375 0.08921875 0.091734375 0.07496562500000001 0.1617984375
2 0.2786765625 0.21820468750000002 0.2970890625 0.2211734375 0.3121359375 0.1674390625 0.29055624999999996 0.1623921875 0.2786765625 0.21820468750000002
2 0.1135703125 0.3713921875 0.1634578125 0.38742343749999997 0.17587031250000001 0.3393296875 0.121884375 0.3310171875 0.1135703125 0.3713921875
2 0.08625000000000001 0.45689375 0.121884375 0.45808125000000005 0.125103125 0.416815625 0.088625 0.41473750000000004 0.08625000000000001 0.45689375
2 0.24660625 0.44858125 0.25789062500000004 0.45451874999999997 0.2676046875 0.427503125 0.2519515625 0.42482968750000005 0.24660625 0.44858125
2 0.281053125 0.46401875 0.2893671875 0.43076875000000003 0.277490625 0.43136093750000004 0.2703625 0.45570625 0.281053125 0.46401875