2 0.4790025578125 0.587727290625 0.44514347499999996 0.5900842890625 0.45481714687499997 0.62462278125 0.48349578437499996 0.6236874390625 0.4790025578125 0.587727290625
2 0.5269850546875 0.717191659375 0.49434949218749996 0.71875371875 0.49920040468750004 0.7835108859375 0.5323801640625 0.7806603328125 0.5269850546875 0.717191659375
2 0.50367383125 0.9330917390625 0.5102596421875 0.999946496875 0.53778741875 0.9989852062500001 0.5656606421875 0.994570521875 0.559888909375 0.9277950515625 0.50367383125 0.9330917390625
2 0.8623048859375 0.6568684015625 0.869642640625 0.7031971593749999 0.9130904109375001 0.696916859375 0.90717504375 0.655773178125 0.8623048859375 0.6568684015625
2 0.8729226875 0.7201110328125 0.883889875 0.8007317125 0.9242865078125 0.7979404203125 0.9117764515625 0.715159503125 0.8729226875 0.7201110328125
2 0.9385788843749999 0.8025899687500001 0.903165590625 0.804892553125 0.90593848125 0.84893855625 0.9432496218749999 0.8418283328125 0.9385788843749999 0.8025899687500001
2 0.9816653515624999 0.8471657499999999 0.9289449 0.8501054890624999 0.9371024484375001 0.9357399187500001 0.9880733375 0.9276669234374999 0.9816653515624999 0.8471657499999999
2 0.8580286062500001 0.0551874796875 0.81477660625 0.05723029843750001 0.8216569453125 0.11204761875 0.867206425 0.11144595312500001 0.8580286062500001 0.0551874796875
2 0.7307479375 0.410191125 0.7681282781250001 0.40306835625000004 0.7639925796875 0.36224395625 0.7249528046875 0.3660210625 0.7307479375 0.410191125
2 0.6989217046875 0.5745369640625 0.6633444609375 0.5723584625 0.6689174390625 0.6075448578125 0.7017615640625 0.61015624375 0.6989217046875 0.5745369640625
2 0.146782240625 0.13627740156249998 0.113529515625 0.1382377859375 0.119725075 0.181140540625 0.154633471875 0.18162310625 0.146782240625 0.13627740156249998
2 0.0440262171875 0.146843003125 0.050591520312500006 0.1920902203125 0.083865709375 0.1898258625 0.0745844109375 0.14260263125 0.0440262171875 0.146843003125
2 0.179554628125 0.3204509671875 0.1230547640625 0.3272956359375 0.128906390625 0.364241353125 0.1817279421875 0.35647639375 0.179554628125 0.3204509671875
2 0.1290750453125 1 0.12287142031250001 0.963345775 0.08885459531249999 0.9645270343749999 0.09160313125 1 0.1290750453125 1
2 0.37240738281249997 0.3166573171875 0.377887478125 0.351257275 0.39525033593750003 0.35091187343749997 0.38804185156250004 0.31298034218750004 0.37240738281249997 0.3166573171875
2 0.8182515109375 0.668354403125 0.8005739703125 0.6690502234375 0.8059611828125 0.7030637390625001 0.8207011765625 0.70133030625 0.8182515109375 0.668354403125
2 0.8376699593750001 0.664377096875 0.8432429359375 0.69956349375 0.8596186796874999 0.7005767390625001 0.8546612843749999 0.6616859359375 0.8376699593750001 0.664377096875
2 0.70552146875 0.8007283875000001 0.6901024 0.80196980625 0.6931245500000001 0.8513851109375 0.708207178125 0.8556105031250001 0.70552146875 0.8007283875000001