2 0.8681875 0.8840656250000001 0.8963906234374999 0.8641500000000001 0.8601703125 0.8119515625 0.8310765609375 0.83211875 0.8681875 0.8840656250000001
2 0.7675453125 0.9525328140625 0.7455765609375 0.9157578140625 0.7046078125 0.9448218734375 0.7295453125 0.9756671875 0.7675453125 0.9525328140625
2 0.7247953125000001 0.735515625 0.7028265625000001 0.7034 0.6565140625 0.7366171859375 0.6761078140625 0.7639046875 0.7247953125000001 0.735515625
2 0.6784828140625 0.687978125 0.6386999999999999 0.6998406234375001 0.6381078140625001 0.7152624999999999 0.6814515625 0.7016203125 0.6784828140625 0.687978125
2 0.6669046875 0.6759171859374999 0.6654203125 0.66425 0.6398875 0.6672171875 0.6398875 0.68323125 0.6669046875 0.6759171859374999
2 0.6577 0.6245078125 0.5989187499999999 0.6695890609374999 0.60723125 0.6820453125 0.6683890640625 0.636371875 0.6577 0.6245078125
2 0.948046875 0.44774062499999995 0.898765625 0.4851109359375 0.9183593765625 0.5153640625 0.9700156249999999 0.47799375 0.948046875 0.44774062499999995
2 0.911234375 0.2537734375 0.8827328140624999 0.2733468734375 0.9165765609375001 0.32614062499999996 0.947453125 0.3107171875 0.911234375 0.2537734375
2 0.95903125 0.20447031249999997 0.934390625 0.152340625 0.8851078125 0.18674531249999998 0.9142015609374999 0.2276734390625 0.95903125 0.20447031249999997
2 0.6535453125 0.48867031250000004 0.6758109375 0.5220296875 0.7057953125 0.49697500000000006 0.6719515625 0.46435000000000004 0.6535453125 0.48867031250000004
2 0.7951546875 0.6403359375 0.7823890625 0.6535734375 0.8376078124999999 0.705771875 0.8471078140625 0.687978125 0.7951546875 0.6403359375
2 0.5261843734375 0.898296875 0.5140125 0.8712687499999999 0.489075 0.8884703125 0.503325 0.9145703125000001 0.5261843734375 0.898296875
2 0.428215625 0.7897765609375 0.41663750000000005 0.7710218734375001 0.3709171875 0.8042390625 0.3798234390625 0.8226281249999999 0.428215625 0.7897765609375
2 0.7310296875 0.3983875 0.7230140625 0.3872375 0.6933265625 0.40859218750000004 0.7004515609374999 0.41926874999999997 0.7310296875 0.3983875
2 0.7141078125 0.37881718593749997 0.7040140640625 0.3635109359375 0.6772937515625 0.3860515625 0.6879828125 0.3979140625 0.7141078125 0.37881718593749997
2 0.796046875 0.6020875 0.7918890609375 0.5883234390625 0.7592328140625 0.601965625 0.7616078125 0.6144234375 0.796046875 0.6020875
2 0.37151093749999997 0.3623234375 0.394075 0.390203125 0.43029375 0.3611374984375 0.39941718593750003 0.338596875 0.37151093749999997 0.3623234375
2 0.42287187499999995 0.35124218749999997 0.4487 0.3338515625 0.43445 0.31487031249999997 0.40951249843750004 0.338003125 0.42287187499999995 0.35124218749999997
2 0.19932343749999998 0.62699375 0.1696359375 0.6239140625 0.166071875 0.6761140625000001 0.19754218750000002 0.6767078140625 0.19932343749999998 0.62699375
2 0.7728890640625 0.5834078125 0.7722953140625 0.5711218734375 0.7527015625 0.5740875 0.7568578140625 0.5889171875 0.7728890640625 0.5834078125
2 0.4460281265625 0.5780703125 0.4570124984375 0.5675625 0.42969999999999997 0.531971875 0.41782343906249997 0.5408687515625 0.4460281265625 0.5780703125
2 0.7737796875 0.193796875 0.7722953140625 0.1819984375 0.7360765625 0.1879296875 0.7384515625 0.20335312656250001 0.7737796875 0.193796875
2 0.7488421875 0.176896875 0.7443890640624999 0.1665765609375 0.7325140625000001 0.16835625 0.7325140625000001 0.1814062484375 0.7488421875 0.176896875
2 0.686496875 0.2471687515625 0.6862 0.23301250156250003 0.6672 0.23538437656250003 0.6713578124999999 0.24546874999999999 0.686496875 0.2471687515625
2 0.6811546875000001 0.226709375 0.6808578140625 0.21284375 0.664825 0.2122500015625 0.6618578125 0.22826718750000002 0.6811546875000001 0.226709375
2 0.7123265625 0.2480578125 0.7063890625 0.2341984375 0.6879828125 0.23894375 0.69273125 0.2531796875 0.7123265625 0.2480578125
2 0.8289984390624999 0.31744062500000003 0.8382015624999999 0.35342656250000004 0.886296875 0.33978281250000003 0.8684843750000001 0.3077515625 0.8289984390624999 0.31744062500000003