2 0.6664627859375 0.7030357515625 0.6998005375 0.685730965625 0.6782287578124999 0.6368490312499999 0.6426347984375 0.655110734375 0.6664627859375 0.7030357515625
2 1 0.5936412171875001 0.9756449765624999 0.6125866734375001 0.9964991671875 0.6417458578125 1 0.639065040625 1 0.5936412171875001
2 0.9479132937499999 0.5286081375 0.9954943484375001 0.496725415625 0.9590780000000001 0.42825102968750006 0.9146276125 0.4551292671875 0.9479132937499999 0.5286081375
2 0.8813994640624999 0.30228774999999997 0.913820053125 0.3741001828125 0.9655881562499999 0.34786796875000003 0.9311295984375001 0.274574865625 0.8813994640624999 0.30228774999999997
2 0.7894015265625 0.256743675 0.8422186984375 0.233349478125 0.806953090625 0.15116535 0.7580900765624999 0.180547515625 0.7894015265625 0.256743675
2 0.45312002968750004 0.8708842171875 0.40788537500000005 0.897285521875 0.41983145625 0.9302602156249999 0.46857268906250005 0.9039046765625001 0.45312002968750004 0.8708842171875
2 0.3573960578125 1 0.37342166718750003 0.9941190140625 0.3550657046875 0.9579499046875 0.3244161015625 0.9808404421875 0.3303224765625 1 0.3573960578125 1
2 0.19345139218750002 1 0.177900540625 0.963166365625 0.13949949374999998 0.9788669125 0.15145155625 1 0.19345139218750002 1
2 0.2871846140625 0.7799397453125 0.2700873046875 0.790162084375 0.3041275578125 0.8337660390625 0.320582946875 0.8275512734375001 0.2871846140625 0.7799397453125
2 0.11902569375000001 0.9027576890625 0.138778953125 0.894821453125 0.115109784375 0.8438639421874999 0.10097255624999998 0.8533184546875001 0.11902569375000001 0.9027576890625
2 0.1483400734375 0.7917109921875001 0.1848395359375 0.775710475 0.17011866874999998 0.7431752625 0.13403269375 0.7621160453125 0.1483400734375 0.7917109921875001
2 0.35784837812500003 0.47057514375 0.417017553125 0.43685546249999996 0.3778362125 0.3537902296875 0.32314006875 0.39190965625 0.35784837812500003 0.47057514375
2 0.301655471875 0.33219160937500003 0.35162230625 0.302936771875 0.3223031 0.2423555765625 0.2701345671875 0.2698550984375 0.301655471875 0.33219160937500003
2 0.083970671875 0.24102889843750003 0.10609607812499999 0.28200976718750004 0.1546806875 0.25086982343750003 0.1332070046875 0.2139937921875 0.083970671875 0.24102889843750003
2 0.212020771875 0.187682859375 0.249324809375 0.16945088125000002 0.2205066984375 0.1045822625 0.18454299375 0.1204995046875 0.212020771875 0.187682859375
2 0.046363215624999995 0.1706375546875 0.0996189890625 0.14086338437499998 0.0903054640625 0.11017691249999999 0.0297100765625 0.141414140625 0.046363215624999995 0.1706375546875
2 0.54192275 0 0.5283885296874999 0.005923021875 0.5533773015625 0.05095901093750001 0.6037059703125001 0.02585650625 0.5918451796875 0 0.54192275 0
2 0.5803602984375 0.231540890625 0.651791625 0.19407720312500001 0.636493146875 0.16073175 0.5618810125 0.1983986515625 0.5803602984375 0.231540890625
2 0.560141465625 0.1722235171875 0.6179220203125 0.1453380171875 0.599202853125 0.1113304640625 0.546169475 0.13716509062499999 0.560141465625 0.1722235171875
2 0.625054228125 0.12647442656250002 0.6592494234374999 0.10452520000000001 0.6432528109375 0.08571953125000001 0.609111678125 0.1055530015625 0.625054228125 0.12647442656250002
2 0.72221774375 0.052771992187500005 0.67497975 0.078590446875 0.6995560765625 0.1260963640625 0.7469095218749999 0.102365234375 0.72221774375 0.052771992187500005
2 0.5171693640624999 0.4020567125 0.5334936421875 0.3922573875 0.5101048046875001 0.3460662671875 0.49519512499999996 0.354439240625 0.5171693640624999 0.4020567125
2 0.1542111671875 0.6335800703125 0.18726043125 0.6160219828125 0.17592351875 0.6051918171875 0.14477620156249998 0.61733888125 0.1542111671875 0.6335800703125