2 0.3928887171875 0.9122124265625 0.4112846296875 0.8836193765625 0.3793537171875 0.859345471875 0.3640693203125 0.8904759421874999 0.3928887171875 0.9122124265625
2 0.2256428359375 0.92588340625 0.265670334375 0.8925358703124999 0.23008748125 0.8473628234374999 0.19031813749999998 0.88044526875 0.2256428359375 0.92588340625
2 0.367493090625 0.5686769625 0.33953814531250004 0.5203788515625 0.3113959171875 0.5416062937499999 0.33725762656249997 0.582714990625 0.367493090625 0.5686769625
2 0.07206106875 0.42462764374999995 0.091507659375 0.4567403546875 0.1177238015625 0.43644138750000006 0.0927326734375 0.401151103125 0.07206106875 0.42462764374999995
2 0.3812655265625 0.26182463437500003 0.40455134062500003 0.2453109359375 0.3722944640625 0.18501611093749998 0.3494165046875 0.20218671718749998 0.3812655265625 0.26182463437500003
2 0.43484266875 0.40486065 0.48017457343750003 0.3806543703125 0.450357325 0.3242983453125 0.40434801875000004 0.361003865625 0.43484266875 0.40486065
2 0.52635350625 0.8320381343750001 0.5425438046875 0.831915190625 0.555736721875 0.763617875 0.537144940625 0.7583068390625 0.52635350625 0.8320381343750001
2 0.8289264796875001 0.7462507765625 0.87487384375 0.7347191265624999 0.8727013296875 0.699038275 0.8213559671875 0.7110088796875 0.8289264796875001 0.7462507765625
2 0.8579110953125 0.7659135109374999 0.85414000625 0.7671822734375 0.8339466874999999 0.7787343328125 0.8377909499999999 0.81105261875 0.8685473937499999 0.7967880171874999 0.8579110953125 0.7659135109374999
2 0.6453918390625 0.7138612281250001 0.679617653125 0.713273509375 0.672415253125 0.679285675 0.6418928296875 0.677694159375 0.6453918390625 0.7138612281250001
2 0.6122024203125 0.728383484375 0.6157907953125 0.75826746875 0.6398553578125 0.7532553296875 0.637073040625 0.71838815625 0.6122024203125 0.728383484375
2 0.75354805625 0.7242649125 0.7202489515625 0.7267800484375 0.720559990625 0.7571028125 0.753702315625 0.757263771875 0.75354805625 0.7242649125
2 0.934228246875 0.59796124375 0.9224922 0.5621354968750001 0.8932555375 0.5637226109375 0.902966465625 0.6115552390625 0.934228246875 0.59796124375
2 0.904503809375 0.860600703125 0.8993023625 0.8208966546875001 0.867384825 0.8245053359375 0.8734721953125 0.864035678125 0.904503809375 0.860600703125