2 0.7025151890625 0.261044853125 0.7017173140625 0.2153346296875 0.6503589765625 0.20653117812500002 0.6443858171875 0.26067491875000004 0.7025151890625 0.261044853125
2 0.9891710093749999 0.905904296875 0.9922565171875 0.8448833406249999 0.9603396390625001 0.8398974203125 0.9531999265625 0.906532175 0.9891710093749999 0.905904296875
2 0.75810391875 0.9085530015625001 0.7582292109375001 0.8364976546875 0.6543959171875 0.8341531874999999 0.6457995046875 0.8966564859374999 0.75810391875 0.9085530015625001
2 0.54989785625 0.952369934375 0.546542428125 0.9980166984375 0.610182734375 0.9969058531250001 0.6068139140625 0.962462525 0.54989785625 0.952369934375
2 0.3514192703125 0.364167715625 0.3623472296875 0.27668242187500003 0.3067896125 0.265181534375 0.2973909171875 0.3609554640625 0.3514192703125 0.364167715625
2 0.3631288140625 0.5593383937499999 0.37532002656249996 0.46490187031249997 0.3545185890625 0.46249422500000004 0.33533870625 0.5528958546875 0.3631288140625 0.5593383937499999
2 0.31873654687499997 0.553185646875 0.33476435625 0.44066847343750004 0.3139871078125 0.43964655468749997 0.29924673749999997 0.546598225 0.31873654687499997 0.553185646875
2 0.280655934375 0.5122815140625 0.29602650625 0.4413446453125 0.2752250703125 0.43893700156250004 0.26538959218749997 0.5097772546875 0.280655934375 0.5122815140625
2 0.17807554375 0.6609491203125 0.189583796875 0.6067087609375 0.170189121875 0.60566115 0.1628333609375 0.6598290234374999 0.17807554375 0.6609491203125
2 0.20860825625 0.6659592015625 0.2187323453125 0.611743003125 0.20346597656249998 0.6092371828124999 0.19198190937499998 0.664863265625 0.20860825625 0.6659592015625
2 0.3766819015625 0.780802778125 0.39103542812500003 0.651688859375 0.3660362734375 0.646583753125 0.350298584375 0.77572183125 0.3766819015625 0.780802778125
2 0.8594443093749999 0.8389862734375001 0.8497819078125 0.9312017625 0.8633909296875 0.9291826953125 0.8773716484375 0.8463948390624999 0.8594443093749999 0.8389862734375001
2 0.8915536062499999 0.8431780906249999 0.8832264265624999 0.875983103125 0.8963366140625 0.8793173062499999 0.9011774703125001 0.8507284671875001 0.8915536062499999 0.8431780906249999
2 0.332392984375 0.746639271875 0.31377155156250003 0.7445889484375 0.306058784375 0.77857248125 0.3262659125 0.7805951265625 0.332392984375 0.746639271875