2 0.3007973328125 0.9287293625 0.2808223640625 0.8944368140625001 0.246573940625 0.9144328890625 0.2680282359375 0.9542426484375 0.3007973328125 0.9287293625
2 0.141342671875 0.7527651171875 0.185349628125 0.736754028125 0.158118471875 0.68318986875 0.1238474484375 0.7018017515625 0.141342671875 0.7527651171875
2 0.3927596890625 0.9645361031249999 0.42557713750000004 0.9417927078125 0.39720517499999997 0.902105259375 0.36443763749999997 0.9276185187499999 0.3927596890625 0.9645361031249999
2 0.5700712734375 0.4986378171875 0.5319379046875 0.5339446515625 0.5599955609375 0.5556254671875 0.59135474375 0.52875064375 0.5700712734375 0.4986378171875
2 0.5713009609374999 0.2519741015625 0.595352759375 0.28203860625 0.6374677984375 0.23696235781250002 0.60931344375 0.209741759375 0.5713009609374999 0.2519741015625
2 0.1323298640625 0.157098878125 0.108302253125 0.12842009999999998 0.0809473671875 0.1469112609375 0.10771599218750001 0.174156046875 0.1323298640625 0.157098878125
2 0.8244287265624999 0.6410766109375 0.8026798796874999 0.6636252421875 0.825323353125 0.6923297421875 0.8430905031249999 0.6795489671875 0.8244287265624999 0.6410766109375
2 0.2076373078125 0.26940637500000003 0.2377831484375 0.25225264375 0.21662059218750002 0.2290668875 0.1864731875 0.24622064531249999 0.2076373078125 0.26940637500000003
2 0.5908253078125 0.1019839484375 0.6086166468750001 0.090588896875 0.5939123515625 0.0409614015625 0.57869435625 0.041227034375 0.5908253078125 0.1019839484375
2 0.72572828125 0.45712428125000004 0.7186186984375 0.4461623140625 0.6829619499999999 0.46479838593749995 0.6971342765624999 0.48394927499999996 0.72572828125 0.45712428125000004
2 0.7425722109375 0.4706855046875 0.7299033734375 0.45843599062499996 0.69177000625 0.493742825 0.701647915625 0.5046564671875 0.7425722109375 0.4706855046875
2 0.764611178125 0.4647577796875 0.7071814484375001 0.5045598796874999 0.7198518484374999 0.5168093671875 0.7744649 0.4742856984375 0.764611178125 0.4647577796875