2 0.7307629734375001 0.48741663749999997 0.850093371875 0.524800509375 0.8577313921874999 0.48206908593750003 0.745891575 0.44381031562500006 0.7307629734375001 0.48741663749999997
2 0.5986926296874999 0.31386990937500003 0.6307995546875 0.323495128125 0.6532040921875 0.273902775 0.6153693953125 0.2656680046875 0.5986926296874999 0.31386990937500003
2 0.488761609375 0.308747 0.5253957078125 0.3060665953125 0.524514559375 0.270664075 0.48668875468749995 0.26721606875 0.488761609375 0.308747
2 0.1474360203125 0.055967257812500004 0.15568794375 0.09616315156250001 0.19084748125 0.0921068484375 0.1844280375 0.047051176562500005 0.1474360203125 0.055967257812500004
2 0.602509190625 0.7013828671875 0.590256653125 0.73397635625 0.6201872984375 0.7472227203124999 0.6313863984375 0.7192855578125 0.602509190625 0.7013828671875
2 0.7652674140625 0.9071125203125 0.760552471875 0.952295009375 0.8016290250000001 0.963320665625 0.8057765859374999 0.90520701875 0.7652674140625 0.9071125203125
2 0.8833209984374999 0.1179076453125 0.9158773218749999 0.13506565625 0.92971096875 0.10027504218750001 0.8993658640625 0.084583378125 0.8833209984374999 0.1179076453125
2 0.9201025390625001 0.22232632031250002 0.9046962484375 0.2386800390625 0.9706279625 0.2829670765625 0.9823722578125 0.27005208125 0.9201025390625001 0.22232632031250002
2 0.9659641015625 0.3090147265625 0.9589184453125 0.34912694218749996 0.9735652359375001 0.35152355 0.9799522484375001 0.30923673125 0.9659641015625 0.3090147265625
2 0.6691922453125 0.97427955625 0.6647520734375 0.9148092140624999 0.6106165625 0.9225207984375 0.6171188109375 0.9717740984375001 0.6691922453125 0.97427955625
2 0.6045974843749999 0.7865849500000001 0.6761358171875 0.7977615874999999 0.68547679375 0.7606231421875 0.608494475 0.7499744859375 0.6045974843749999 0.7865849500000001
2 0.7864704171875 0.8190856890625 0.8644023109375001 0.8268598968750001 0.87366048125 0.785523821875 0.794643190625 0.786589478125 0.7864704171875 0.8190856890625