2 0.07748437500000001 0.3988015625 0.066203125 0.3695609375 0.029390624999999997 0.3820171875 0.038890625 0.4152359375 0.07748437500000001 0.3988015625
2 0.2419546875 0.2823640625 0.1813921875 0.30965 0.2045484375 0.34286875 0.2556109375 0.316175 0.2419546875 0.2823640625
2 0.37050312500000004 0.264484375 0.40464374999999997 0.248553125 0.38564375 0.19694687500000002 0.3500171875 0.20703125 0.37050312500000004 0.264484375
2 0.50855 0.1550734375 0.548925 0.138815625 0.5311125 0.08958125 0.491925 0.10322499999999998 0.50855 0.1550734375
2 0.52755 0.0314515625 0.545065625 0.0661203125 0.5726765625 0.049246875 0.5613937499999999 0.01899375 0.52755 0.0314515625
2 0.5878171875 0.0492203125 0.5982062499999999 0.068228125 0.624925 0.051618750000000005 0.6106765625 0.035009374999999995 0.5878171875 0.0492203125
2 0.6038484375000001 0.0767953125 0.6124562499999999 0.0883953125 0.6439265625 0.07653125 0.63739375 0.059923437499999996 0.6038484375000001 0.0767953125
2 0.7383328125 0 0.7178484375 0.016307812499999998 0.7401140625 0.049246875 0.8291765625 0 0.7383328125 0
2 0.6483796875000001 0.2778265625 0.6540203124999999 0.312021875 0.7128015624999999 0.29126093750000004 0.7044890625 0.261009375 0.6483796875000001 0.2778265625
2 0.8318484375 0.2635953125 0.8458015624999999 0.2977875 0.9045828124999999 0.2705 0.8861765625 0.23846875 0.8318484375 0.2635953125
2 0.8066140624999999 0.5451406249999999 0.8339281250000001 0.5237859375 0.7953328125 0.48760312499999997 0.7668328125 0.51014375 0.8066140624999999 0.5451406249999999
2 0.8826140625000001 0.7729203124999999 0.8576765625 0.8044234375 0.9265531250000001 0.8524046875 0.946740625 0.8215609374999999 0.8826140625000001 0.7729203124999999
2 0.45808125000000005 0.6388625 0.41414375000000003 0.6131765625 0.38505 0.6625890625 0.4337375 0.6886890625000001 0.45808125000000005 0.6388625
2 0.4693625 0.7617265625 0.49964375 0.7812234375 0.51270625 0.7628359375 0.5168625 0.770546875 0.53883125 0.739703125 0.49964375 0.7153828125 0.4693625 0.7617265625
2 0.6572859375 0.0767953125 0.6825203125 0.10322499999999998 0.7151765625000001 0.0824640625 0.6955828125 0.051618750000000005 0.6572859375 0.0767953125
2 0.54655 0.6886890625000001 0.566440625 0.712803125 0.5993937500000001 0.6922484375 0.5821765625 0.6631812499999999 0.54655 0.6886890625000001
2 0.5913796875 0.77418125 0.5821765625 0.7847828125 0.63026875 0.81859375 0.63739375 0.809696875 0.5913796875 0.77418125
2 0.594940625 0.76350625 0.6362062500000001 0.796646875 0.6516453125 0.7859703125 0.6059249999999999 0.7527515625000001 0.594940625 0.76350625
2 0.8701453125 0.9423 0.9016140625 0.963328125 0.9271453125000001 0.9295187500000001 0.8986453125 0.9075703125000001 0.8701453125 0.9423
2 0.6857859375 0.7394890625 0.7021140625 0.7207203125 0.6712374999999999 0.689875 0.6486765625 0.712415625 0.6857859375 0.7394890625
2 0.520128125 0.6709968749999999 0.5459562499999999 0.641828125 0.5263625000000001 0.6281859375 0.49964375 0.660809375 0.520128125 0.6709968749999999
2 0.427503125 0.8586843749999999 0.44976874999999994 0.8233406249999999 0.42126875 0.803171875 0.3963296875 0.835796875 0.427503125 0.8586843749999999
2 0.3660484375 0.783596875 0.3411109375 0.8222140625 0.39276875 0.8387625 0.41355000000000003 0.8073234375 0.3660484375 0.783596875
2 0.45689375 0.8387625 0.44353437500000004 0.8702484374999999 0.4646125 0.8850296875 0.48658124999999997 0.8518125 0.45689375 0.8387625