2 0.1242272984375 0.4109095421875 0.22457425468749997 0.41160156875 0.21956937031249998 0.3581201390625 0.122833921875 0.35465165625 0.1242272984375 0.4109095421875
2 0.10640005781249999 0.9559361125000001 0.1187200109375 0.98699018125 0.15214905625 0.98815755 0.1878592359375 0.9840542421875 0.1814703125 0.9418222453125 0.10640005781249999 0.9559361125000001
2 0.2144871265625 0.8534084390625001 0.22778217343749999 0.8061785890625 0.1941609703125 0.7931335796875 0.1802929875 0.83916575 0.2144871265625 0.8534084390625001
2 0.2957639984375 0.8409390796875 0.3495309625 0.8735620984375 0.36193211718749996 0.8435223921875 0.307230603125 0.81349751875 0.2957639984375 0.8409390796875
2 0.35697660625 0.651217553125 0.35297135 0.6764624343750001 0.4061296875 0.6930114453125 0.416677409375 0.6670915828124999 0.35697660625 0.651217553125
2 0.3337376484375 0.6556642171875 0.34417332031250003 0.6361636890625 0.289960390625 0.6120794984375 0.285288709375 0.6416618484375001 0.3337376484375 0.6556642171875
2 0.3721311078125 0.3613753921875 0.40365061406249997 0.37575267343749996 0.415623528125 0.3532363234375 0.382604784375 0.33960799218750004 0.3721311078125 0.3613753921875
2 0.40214018749999997 0.3091005375 0.3946865671875 0.327954575 0.42653715468750003 0.340374834375 0.4338975953125 0.3268590453125 0.40214018749999997 0.3091005375
2 0.44493702500000004 0.30687991718749996 0.4084407 0.2884448484375 0.39983803125 0.30490659375 0.435804378125 0.31977249531249996 0.44493702500000004 0.30687991718749996
2 0.013440621875 0.10638339687500001 0.040799481250000005 0.1212531609375 0.05930289062500001 0.08182633593750001 0.015034610937500002 0.06073754218750001 0.013440621875 0.10638339687500001
2 0.28928521875 0.038380339062500005 0.2937514046875 0.0206602734375 0.2569962703125 0.01705263125 0.25793513749999997 0.031307128125 0.28928521875 0.038380339062500005
2 0.2695862390625 0 0.2666501234375 0.008321348437499999 0.3016760375 0.008932728125 0.3035396265625 0 0.2695862390625 0