2 0.235446540625 0.9243642828124999 0.24841745624999997 0.9513698015625 0.2832320578125 0.9422702515625 0.2610323328125 0.901376421875 0.235446540625 0.9243642828124999
2 0.813687725 0.7272197421875 0.78180803125 0.73533063125 0.7822539109375 0.76197700625 0.82274169375 0.7522767906250001 0.813687725 0.7272197421875
2 0.8134816359375 0.62925959375 0.759871221875 0.6329168703125 0.74496395 0.7091686328125 0.8077807031249999 0.7096011812499999 0.8134816359375 0.62925959375
2 0.153665784375 0.372840209375 0.12236319843750001 0.3768335296875 0.1303842625 0.4689005234375 0.154255878125 0.4680567875 0.153665784375 0.372840209375
2 0.46975000937500005 0.30114224375 0.438063203125 0.307880684375 0.4477365625 0.3484136078125 0.47608508125000004 0.3356093484375 0.46975000937500005 0.30114224375
2 0.5744038734375 0.2822736203125 0.5415601875 0.2972436625 0.5559231484375 0.33423857031250004 0.5862210078125 0.3175111765625 0.5744038734375 0.2822736203125
2 0.4130087359375 0.118287734375 0.3852600140625 0.13677136406249998 0.41334385312500005 0.1854883640625 0.44597660625 0.1620944859375 0.4130087359375 0.118287734375
2 0.509469578125 0.0185228328125 0.47763083437500004 0.046225398437499995 0.4970478046875 0.067142215625 0.5279225546874999 0.0462988046875 0.509469578125 0.0185228328125
2 0.6942296890625 0.125631975 0.7485916171875 0.10669149062500001 0.7395180531250001 0.0718379375 0.6826085359375 0.08902240312500001 0.6942296890625 0.125631975
2 0.211704603125 0.8944438625 0.200081684375 0.8578356203125 0.1672380015625 0.8728056625 0.1751350953125 0.9060943124999999 0.211704603125 0.8944438625
2 0.1907108625 0.7753726796875 0.18846053125 0.8212260484374999 0.22113114218750002 0.8174234109375 0.2241556734375 0.7660837734375 0.1907108625 0.7753726796875
2 0.122843465625 0.045328876562499995 0.0884146359375 0.051683528125 0.096372275 0.114360359375 0.1327504453125 0.104082575 0.122843465625 0.045328876562499995
2 0.8232140234375 0.5103080140625 0.8568501718749999 0.49964644218750004 0.8505151015625 0.46517933906250003 0.810991525 0.4680188546875 0.8232140234375 0.5103080140625
2 0.4436956078125 0.754967140625 0.4585553171875 0.7486613453125 0.4290580765625 0.6801597828125 0.412250571875 0.6903889296875 0.4436956078125 0.754967140625
2 0.459478575 0.7222089671874999 0.4798188 0.716673409375 0.46057335781250003 0.6845889671875 0.44395873906250005 0.6934456640625 0.459478575 0.7222089671874999