2 0.3932818234375 0 0.39292707031249996 0.020323887500000002 0.44157976562499995 0.0235484859375 0.4401649890625 0 0.3932818234375 0
2 0.0592044140625 0.184338665625 0.031273878125 0.18503881718749998 0.0335375359375 0.22545947968750002 0.06287746875 0.2274562125 0.0638235484375 0.22598812499999998 0.0592044140625 0.184338665625
2 0.09308008125 0.9319859359375 0.1514106125 0.925284175 0.14659161874999999 0.8610637265625 0.0872745171875 0.8710159546874999 0.08639564375 0.872483653125 0.09308008125 0.9319859359375
2 0.1283145265625 0.9752301687499999 0.12116905625 0.95622985 0.110669409375 0.9596096203125001 0.1121593921875 0.9741004921874999 0.1283145265625 0.9752301687499999
2 0.17380695468750001 0.978411309375 0.1748731 0.9423212453125 0.1540576765625 0.9437394328125001 0.154686125 0.97707425 0.17380695468750001 0.978411309375
2 0.154744103125 0.5981347125 0.13400124687499998 0.595395721875 0.1582618484375 0.668861565625 0.17549424375 0.6650070375 0.154744103125 0.5981347125
2 0.19666374375 0.6808164046875 0.20933063125 0.6697529734375001 0.1843904390625 0.5671786484375 0.1717367765625 0.5740822999999999 0.19666374375 0.6808164046875
2 0.23144733281250002 0.6618268203125 0.2451564375 0.6590969109375 0.21547738593750002 0.5558429 0.2029540359375 0.5585935078125 0.23144733281250002 0.6618268203125
2 0.831641525 0.7156536 0.932390346875 0.6948446781250001 0.929146590625 0.6425316609375 0.824960996875 0.6594190703125 0.831641525 0.7156536
2 0.8982682953125 0.539850559375 0.9142914281250001 0.5407240843750001 0.9180887156249999 0.49328313125 0.8982629578125 0.4914524703125 0.8982682953125 0.539850559375
2 0.938054421875 0.5405450296875001 0.9547214640625 0.5384605921875 0.9584788640624999 0.493394303125 0.9365213499999999 0.4939017953125 0.938054421875 0.5405450296875001
2 0.9572798062500001 0.5961093328125 0.9709801406249999 0.59397155 0.9697690921875 0.5612891859375 0.9513704109375001 0.561858796875 0.9572798062500001 0.5961093328125
2 0.958692334375 0.6513595875 0.9717766671874999 0.6504018578124999 0.969658109375 0.6016683984375 0.9559050546875 0.608259065625 0.958692334375 0.6513595875
2 0.9631516515625 0.770207078125 0.9825897609375 0.7664384 0.9826997203125 0.764865903125 0.9779503703125 0.7051429406249999 0.9568356453125 0.7080405046875 0.9631516515625 0.770207078125
2 0.9798598625 0.5276164171875 0.9982585234375 0.5326882875 0.9991496874999999 0.481633565625 0.9794840125000001 0.4821810609375 0.9798598625 0.5276164171875
2 0.30299324843750003 0.17018496249999998 0.31477633125 0.1757336390625 0.3121780453125 0.1204626875 0.2998645328125 0.1229200359375 0.30299324843750003 0.17018496249999998