2 0.22266324062499998 0.2326222203125 0.257142 0.12724648125 0.2230048796875 0.1128728234375 0.191191053125 0.225763728125 0.22266324062499998 0.2326222203125
2 0.19999910781250002 0.28075171875 0.16471439375000002 0.270429340625 0.1355920171875 0.34232234687499996 0.1730394890625 0.35410826875 0.19999910781250002 0.28075171875
2 0.4312597921875 0.468470471875 0.396967075 0.45437681406249997 0.3747469984375 0.4998641734375 0.40903870937500003 0.5178507906250001 0.4312597921875 0.468470471875
2 0.6603725734375 0.186339334375 0.625959421875 0.17522665625 0.59787004375 0.2421554234375 0.6292762625 0.2543975671875 0.6603725734375 0.186339334375
2 0.6700937765625 0.0189913359375 0.6673557609375 0.0368589796875 0.700822703125 0.0478570515625 0.7090126531250001 0.0244610265625 0.6700937765625 0.0189913359375
2 0.7806145859375 0.230453215625 0.7707755734374999 0.2235558546875 0.7452720375 0.27463001875000004 0.7594287953125 0.2811586453125 0.7806145859375 0.230453215625
2 0.788095978125 0.2864763078125 0.8100885546875001 0.2340721640625 0.7974101390625 0.23011946718749998 0.7706290578125 0.28253386406250003 0.788095978125 0.2864763078125
2 0.883870553125 0.21797519531249998 0.8500131937500001 0.3036611484375 0.8828894328124999 0.3136878046875 0.9236126468749999 0.2354330390625 0.883870553125 0.21797519531249998
2 0.9644519953125 0.7849026421875 0.96566938125 0.7792384484375 0.969662615625 0.7508251171875 0.9231622265625001 0.7313165749999999 0.90886604375 0.7648996328125001 0.9644519953125 0.7849026421875
2 0.8631828718750001 1 0.8644040265624999 0.9954306703125001 0.833737546875 0.982382040625 0.8292175921875 1 0.8631828718750001 1
2 0.93464336875 1 0.939260434375 0.96714786875 0.9090436390625 0.958385365625 0.8977679890625 0.9917410875 0.9267854609375 1 0.93464336875 1
2 0.7370518781250001 0.6827090546875 0.723864784375 0.6786938984375 0.696215640625 0.7423834234375 0.7143444359375 0.7458073515625 0.7370518781250001 0.6827090546875
2 0.70962583125 0.67215518125 0.689592059375 0.6655015828125 0.6784520515625 0.7018681531250001 0.7006351171875 0.7063896671875 0.70962583125 0.67215518125
2 0.45413703906249997 0.7743525671875 0.39204349843749997 0.7502572296875 0.3847424421875 0.7742179296875 0.44703984375 0.7980376203125 0.45413703906249997 0.7743525671875
2 0.44239605937500004 0.7968692265625 0.3929857765625 0.7791231640625 0.385380371875 0.798254525 0.4316081328125 0.8165087109375 0.44239605937500004 0.7968692265625
2 0.4274911859375 0.820793609375 0.37146063281249997 0.7995395890625 0.3600915140625 0.82389968125 0.41627821249999997 0.8487668484374999 0.4274911859375 0.820793609375