2 0.7446619125 0.9021505937500001 0.71299591875 0.9250991234375 0.7384025875 0.95318369375 0.765954490625 0.9324563546875 0.7446619125 0.9021505937500001
2 0.5829967609375 0.6964485640625 0.5588194875 0.7219752515625 0.5988457203124999 0.75582581875 0.628249921875 0.7316607671875001 0.5829967609375 0.6964485640625
2 0.4789219765625 0.7607548765625001 0.45322301875 0.783733546875 0.4685092125 0.8030229953125 0.49844160625 0.7795277609375 0.4789219765625 0.7607548765625001
2 0.40520071562500004 0.7350911296875 0.343641675 0.792521065625 0.3665564390625 0.81021794375 0.42689597968750004 0.7558853156249999 0.40520071562500004 0.7350911296875
2 0.352270990625 0.7104186218749999 0.32191028125 0.7323087296875 0.3610956328125 0.768449571875 0.392644121875 0.7409387671875 0.352270990625 0.7104186218749999
2 0.2562060109375 0.70987725625 0.30351223437499997 0.7482919171875 0.327936371875 0.7204015234375001 0.2818732078125 0.6815204921875 0.2562060109375 0.70987725625
2 0.062598109375 0.8023949781249999 0.0374275859375 0.826026209375 0.0588458453125 0.8551511390625001 0.0914682671875 0.82876814375 0.062598109375 0.8023949781249999
2 0.141549590625 0.40341355625 0.166221984375 0.3731611734375 0.10826525468749999 0.3281392234375 0.0850105140625 0.3562640734375 0.141549590625 0.40341355625
2 0.1685579421875 0.4247645984375 0.1989506703125 0.39690450781250003 0.1737706015625 0.378009590625 0.14916260312500002 0.40480916562499997 0.1685579421875 0.4247645984375
2 0.3143616546875 0.2872095078125 0.28679900156250004 0.316559521875 0.3296596671875 0.360364021875 0.35902716562500003 0.3337080484375 0.3143616546875 0.2872095078125
2 0.30110935 0.186085925 0.2738265484375 0.21845359531250003 0.3043476765625 0.234799090625 0.32371327031249997 0.203915096875 0.30110935 0.186085925
2 0.692162946875 0.12924923593749998 0.6988751734374999 0.11084377812499999 0.6415822109375 0.0850826609375 0.634291290625 0.10047361562499998 0.692162946875 0.12924923593749998
2 0.929186840625 0.5041128968749999 0.8763293734375001 0.5582766890624999 0.905827015625 0.5900402875 0.98680663125 0.5154039078125 0.9289630640625001 0.455119553125 0.9030779156250001 0.4798697140625 0.929186840625 0.5041128968749999
2 0.49589298125000003 0.5368035640625 0.5211631531250001 0.563346671875 0.548135471875 0.533933040625 0.520036940625 0.5058986187500001 0.49589298125000003 0.5368035640625
2 0.56704605 0.638039415625 0.5996734671875 0.6002632796875 0.5735048843749999 0.5794278421875 0.5402207828125001 0.6149165546875001 0.56704605 0.638039415625
2 0.4235953078125 0.46351365937500005 0.43005173750000003 0.4020848390625 0.38103673437499996 0.3997941390625 0.3741783296875 0.45652709218750004 0.4235953078125 0.46351365937500005