2 0.6104144265625 0.948143203125 0.6614647828125 0.9307635078125 0.65002475625 0.9021824921875 0.6027437296875 0.9186899203125 0.6104144265625 0.948143203125
2 0.1383495078125 0.542912296875 0.129107471875 0.5054357359375 0.0639244 0.5265851859375 0.071873503125 0.5577962453125 0.1383495078125 0.542912296875
2 0.09927145781249999 0.4499117109375 0.0985941734375 0.41526136874999997 0.039206870312499996 0.4198566046875 0.038330475 0.456073971875 0.09927145781249999 0.4499117109375
2 0.9498553984375 0.593827596875 0.9439234875 0.5525694703124999 0.9011466703125001 0.5671612015624999 0.9053916109375001 0.5977582203125 0.9498553984375 0.593827596875
2 0.87889950625 0.6411349765625001 0.8694967484375 0.6064491640624999 0.8461335765625 0.610750678125 0.857944196875 0.6473648078124999 0.87889950625 0.6411349765625001
2 0.12230803750000001 0.498563225 0.114492621875 0.47768503124999995 0.082701540625 0.48572758125000004 0.084845825 0.5106426359375 0.12230803750000001 0.498563225
2 0.371186378125 0.6124399 0.368411471875 0.596817590625 0.3326097375 0.6060965171875 0.33530407812499996 0.62310790625 0.371186378125 0.6124399
2 0.36696423125 0.591465596875 0.362041625 0.5755775546875 0.32975852968749997 0.5842991828125 0.33168066406249996 0.600230575 0.36696423125 0.591465596875
2 0.352462215625 0.573926084375 0.34774051250000004 0.55739874375 0.3359203734375 0.5586697171874999 0.3325630046875 0.5754373 0.352462215625 0.573926084375
2 0.2529210140625 0.29843095625 0.2507668453125 0.28292231874999996 0.199681040625 0.28680387500000004 0.20030826875000002 0.30594611562499996 0.2529210140625 0.29843095625
2 0.2279354359375 0.23746395781250001 0.2206991671875 0.2221401109375 0.1683842296875 0.2334333203125 0.17079992187499998 0.2486853875 0.2279354359375 0.23746395781250001
2 0 0.28520235625 0.036263639062500005 0.274133875 0.0143290453125 0.2476121125 0 0.251961003125 0 0.28520235625
2 0.009818759375 0.35956949531250004 0.0224433328125 0.3557665046875 0.0158281375 0.340578421875 0.0056437484375 0.344596075 0.009818759375 0.35956949531250004
2 0.030660528124999996 0.3697026296875 0.051125253125000006 0.3698641671875 0.047631109375 0.35538406093749997 0.034913651562499995 0.358600609375 0.030660528124999996 0.3697026296875
2 0 0.31609996875 0.016431584375 0.31402428437499996 0.011699275 0.295532225 0 0.2973852078125 0 0.31609996875
2 0.80782538125 0.907855946875 0.7989279671875 0.916203709375 0.810490821875 0.9284804015624999 0.818880803125 0.916928825 0.80782538125 0.907855946875
2 0.82314275 0.9210645906250001 0.8135682515625 0.9346262125000001 0.8295123515625 0.942303084375 0.835742584375 0.9322974625 0.82314275 0.9210645906250001
2 0.846559315625 0.89811260625 0.8353084453124999 0.8897034749999999 0.8250179046874999 0.9063352218749999 0.838047309375 0.9126892640625 0.846559315625 0.89811260625
2 0.8632174953125 0.878036078125 0.851838946875 0.8915939328125001 0.8681997984375001 0.9019020687499999 0.8739669125 0.888962459375 0.8632174953125 0.878036078125
2 0.8111695609374999 0.8682419640625 0.8032661828125001 0.886661346875 0.8211506859375 0.8895095984375001 0.83290268125 0.8726163218749999 0.8111695609374999 0.8682419640625