2 0.323433125 0.48183896875 0.29690484375000004 0.5272699640625 0.33036923125 0.5432010546875 0.3581603375 0.5015033609375 0.323433125 0.48183896875
2 0.17166904375 0.8199184140625 0.13137749999999998 0.81828529375 0.123710125 0.8874225515624999 0.1590579953125 0.8926537203124999 0.17166904375 0.8199184140625
2 0.36385644687499996 0.9231426421875 0.3171976578125 0.8971665453125001 0.29649970468750003 0.9350022640625 0.335320853125 0.968521 0.36385644687499996 0.9231426421875
2 0.17953124375 0.9838911171875001 0.1781472328125 0.9555162078125001 0.1455174171875 0.9532414546875 0.14780202343749999 0.982228259375 0.17953124375 0.9838911171875001
2 0.4993434 0.018758543750000002 0.45128820156250005 0.0452971890625 0.46790065937499997 0.079449078125 0.5162190718749999 0.04898975625 0.4993434 0.018758543750000002
2 0.3827496796875 0.175448184375 0.4090728875 0.13153946562500002 0.3806744375 0.11468567968750001 0.35081566406250003 0.1590316578125 0.3827496796875 0.175448184375
2 0.4428958359375 0.2266892171875 0.409287809375 0.20748561406250002 0.3949929984375 0.2361602 0.4265429625 0.25920575625 0.4428958359375 0.2266892171875
2 0.59222315625 0.390211225 0.6139230875 0.337893890625 0.5852251328125 0.32347286249999996 0.5607939203125001 0.377918609375 0.59222315625 0.390211225
2 0.54939680625 0.202246571875 0.5183750921875 0.18242630625 0.4829494078125 0.23612827187500002 0.5132603625 0.2539420765625 0.54939680625 0.202246571875
2 0.8326856421875 0.0825158296875 0.8198369546875 0.016075771875 0.81291278125 0.015712890625 0.7702048203125 0.021991690624999997 0.777378896875 0.0755478375 0.8326856421875 0.0825158296875
2 0.7201635546875 0.5306346578125 0.7093871843749999 0.5322569359375 0.70499088125 0.5630062859375 0.7152280234374999 0.5635439484375 0.7201635546875 0.5306346578125
2 0.7580516937499999 0.42009959375 0.7178108187500001 0.41816114843749996 0.7165791984375 0.4527093875 0.752454478125 0.452491921875 0.7580516937499999 0.42009959375
2 0.743313178125 0.456007165625 0.7041470671875001 0.45303944375 0.6981577140625 0.5219706656249999 0.7318084218750001 0.52800843125 0.743313178125 0.456007165625
2 0.7395225625 0.737034171875 0.6756936265625 0.7191483937500001 0.654438109375 0.7702131703124999 0.7169332328125 0.791851971875 0.7395225625 0.737034171875
2 0.901190075 0.8499878593749999 0.8611623578125001 0.8402465265625001 0.8528490328125 0.8900197296875 0.88530194375 0.9057774843749999 0.901190075 0.8499878593749999
2 0.9772572484375001 0.4314699109375 0.9388391765625 0.42781213124999995 0.933736234375 0.457152721875 0.9730662062500001 0.46069853437499997 0.9772572484375001 0.4314699109375
2 0.9943298828125 0.62128525 0.9672450625 0.6226321703125001 0.9642022578124999 0.6711616015625 0.9918095140625001 0.669376740625 0.9943298828125 0.62128525
2 0.74532373125 0.3797877640625 0.7539292921875 0.3524083640625 0.7237526140625 0.3405601625 0.71109259375 0.36903559375 0.74532373125 0.3797877640625
2 0.47254115468749996 0.4778878203125 0.45071848125 0.508384025 0.4822187984375 0.5323329890624999 0.49651425937500004 0.49767623437499997 0.47254115468749996 0.4778878203125