2 0.6945425796875 0.8401471953125 0.7029235359375 0.87801763125 0.7473192640625 0.8698650156250001 0.7400781515625 0.82925395625 0.6945425796875 0.8401471953125
2 0.791171509375 0.8645973234375001 0.8007294234375 0.901853378125 0.8493635046874999 0.8983681265625 0.8426866890625 0.8559750718749999 0.791171509375 0.8645973234375001
2 0.8109189046875 0.3629122125 0.8122871203124999 0.44129714687500005 0.885070246875 0.44345536093750004 0.8845342546875001 0.3616272515625 0.8109189046875 0.3629122125
2 0.7029746765625 0.26856766875 0.700255128125 0.28287043437500003 0.7746164296875 0.29038942031250004 0.7755358796875 0.2750225953125 0.7029746765625 0.26856766875
2 0.9037427812500001 0.30545533593749996 0.957132228125 0.30214649531250004 0.9589056859375 0.26766341875 0.9025494765625 0.27102248125 0.9037427812500001 0.30545533593749996
2 0.8953392609374999 0.16422892656250002 0.8970256734375001 0.19271164375 0.933336175 0.197652128125 0.9356681968749999 0.1611480578125 0.8953392609374999 0.16422892656250002
2 0.10895501249999999 0.666821959375 0.1078078625 0.7030756265625 0.168154053125 0.70716525 0.174871921875 0.66685749375 0.10895501249999999 0.666821959375
2 0.1834005703125 0.5770152765625001 0.1873017265625 0.6304068859374999 0.23258914375 0.622307465625 0.234424178125 0.574341571875 0.1834005703125 0.5770152765625001
2 0.26519466875000003 0.3979792546875 0.2272004546875 0.39864244531250004 0.2260206578125 0.43311516250000004 0.261320440625 0.43118317656249994 0.26519466875000003 0.3979792546875
2 0.00011371249999999999 0.4394337453125 0.000849659375 0.48159607187500003 0.017211484375 0.47998214843750003 0.0176342234375 0.43615872031249997 0.00011371249999999999 0.4394337453125
2 0 0.432919165625 0.0000515375 0.4358717875 0.0208245796875 0.4318180046875 0.0272110234375 0.37243343906250004 0 0.371765578125 0 0.432919165625
2 0.9008842125 0.753978225 0.9547414078124999 0.743535134375 0.9505264312499999 0.7061858203125 0.8937113265625 0.7172759453124999 0.9008842125 0.753978225
2 0.9098673515625 0.69026330625 0.9619124546875 0.6780687624999999 0.9530622140625 0.6473341640625 0.9086207 0.6528637421875 0.9098673515625 0.69026330625
2 0.7582856609374999 0.6816230812499999 0.76600039375 0.7153467015625 0.8006222281250001 0.7085961265625 0.7943848796874999 0.6744591578125 0.7582856609374999 0.6816230812499999
2 0.8457992765625001 0.62604198125 0.8843129968750001 0.6212097109375 0.8772023125 0.5880709515625 0.8435088171875 0.5969744015625 0.8457992765625001 0.62604198125
2 0.7021463046875 0.4592580421875 0.6916366203125001 0.46953834062500005 0.7075630296875 0.48040266562499995 0.715424453125 0.4714984828125 0.7021463046875 0.4592580421875
2 0.8464043015625 0.4905982921875 0.84693291875 0.5208827406250001 0.8864225343750001 0.520927934375 0.8860965390625 0.4851516125 0.8464043015625 0.4905982921875
2 0.8379333390625 0.1414710828125 0.8400993953125001 0.163411621875 0.8746927343750001 0.15502848125 0.87168018125 0.1355343390625 0.8379333390625 0.1414710828125
2 0.7088707953125 0.1300608578125 0.7067863859375 0.14672946250000002 0.7418527953125 0.148438040625 0.7433030515625 0.129459840625 0.7088707953125 0.1300608578125
2 0.7171019453125 0.091306615625 0.7155904703125 0.1067775375 0.7492143703125 0.110897596875 0.7485970171874999 0.0925399515625 0.7171019453125 0.091306615625
2 0.0942282328125 0.43541560781250005 0.1714247296875 0.43525738125 0.17278199375 0.3770201375 0.10031407656249999 0.37590970625 0.0942282328125 0.43541560781250005
2 0.2918453359375 0.29178233750000004 0.334642196875 0.2940045171875 0.338374128125 0.23572738593749998 0.300379915625 0.2363905765625 0.2918453359375 0.29178233750000004