2 0.45106307812499996 0.4562726515625 0.43656704218750003 0.404345696875 0.3673124734375 0.42367215468749997 0.38206594531250004 0.4731645875 0.45106307812499996 0.4562726515625
2 0.5269882140625 0.48127738437499995 0.55978941875 0.4745689265625 0.5528386296875001 0.42937774375000004 0.5174573312499999 0.43794777187499995 0.5269882140625 0.48127738437499995
2 0.563730390625 0.774708575 0.613817834375 0.7565769203125 0.59321191875 0.6953172859375 0.53984830625 0.70821331875 0.563730390625 0.774708575
2 0.88240139375 0.6615695828125 0.9348272218749999 0.6509038953124999 0.9010298953125 0.5555215078125 0.8484195234374999 0.5695108484375 0.88240139375 0.6615695828125
2 0.8958449937499999 0.39885910468749997 0.9360789015625001 0.3995002421875 0.9277137984375001 0.3485119734375 0.8921783124999999 0.3517074046875 0.8958449937499999 0.39885910468749997
2 1 0.48352742343750005 0.93879794375 0.4956513078125 0.9596179515625 0.6030504875 0.9984010078125 0.5959696296875 1 0.5043634515625001 1 0.48352742343750005
2 0.8410676 0.8799331734375 0.8632226953125001 0.9538661656249999 0.9052054203125 0.9479658796875 0.87284641875 0.867072759375 0.8410676 0.8799331734375
2 0.9418297671875001 0.8924535125 0.9721621203125 0.886691615625 0.9672676453125 0.860398159375 0.9317226249999999 0.867792025 0.9418297671875001 0.8924535125
2 0.8706293453124999 0.852992728125 0.90128973125 0.843289003125 0.8919569046875001 0.8110238781250001 0.8627982703124999 0.8169190375 0.8706293453124999 0.852992728125
2 0.569560259375 0.259442053125 0.6039516296875 0.26390222812499997 0.5997655703125 0.148769034375 0.5655712984375 0.1529751421875 0.569560259375 0.259442053125
2 0.074274234375 0.77334569375 0.10278203593749999 0.7690393921875 0.097741359375 0.7331731203125 0.063793440625 0.7391433593750001 0.074274234375 0.77334569375
2 0.0716980546875 0.1894088953125 0.0646644125 0.1436281921875 0.028798607812499998 0.144473284375 0.043457928125 0.19757330625 0.0716980546875 0.1894088953125
2 0.3279849078125 0.14679469218750002 0.40222121718750004 0.1471524125 0.397976734375 0.1297613828125 0.327255365625 0.1301072609375 0.3279849078125 0.14679469218750002
2 0.331669821875 0.0770231515625 0.3672722703125 0.0777171890625 0.3671019640625 0.042364025 0.3339279 0.041030484374999995 0.331669821875 0.0770231515625
2 0.513267484375 0.0892767046875 0.5723614296874999 0.0860664890625 0.5708405984375 0.05390263125 0.5156654781250001 0.0496652875 0.513267484375 0.0892767046875
2 0.9468472609375 0.095794365625 0.9126543234375 0.0961029828125 0.902213084375 0.18840755 0.9596669921875 0.18752795 0.9468472609375 0.095794365625