2 0.8197132406250001 0.4965722140625 0.7976594015625 0.5774736046875 0.8699719328125 0.6086264890625 0.8968318796875 0.525104584375 0.8197132406250001 0.4965722140625
2 0.8438929984374999 0.39882278437499996 0.7988210921875 0.38347421718749997 0.767463128125 0.48243103749999994 0.81441028125 0.501515184375 0.8438929984374999 0.39882278437499996
2 0.7043893296875 0.33547945156250003 0.671500428125 0.3254536234375 0.65262129375 0.39428250781249996 0.6823856484374999 0.4085019046875 0.7043893296875 0.33547945156250003
2 0.9757624265624999 0.28389893125 0.9194442265625 0.2616088765625 0.9011458671874999 0.3305612078125 0.9568046484374999 0.35149706875 0.9757624265624999 0.28389893125
2 1 0.123144390625 0.99137820625 0.12028752031250001 0.97088019375 0.1881652875 1 0.196114975 1 0.123144390625
2 0.7905497171875 0.1143244984375 0.73934725 0.0976744390625 0.7258546765625 0.1640077796875 0.773083984375 0.17890119843750002 0.7905497171875 0.1143244984375
2 0.6781675921875 0.1969680234375 0.6262525625 0.184113696875 0.6139947921875 0.24463775937499999 0.66305614375 0.2623502484375 0.6781675921875 0.1969680234375
2 0.54462413125 0.2110751140625 0.554152078125 0.17698136874999998 0.5228470796875 0.1621341828125 0.51026224375 0.20134321093750002 0.54462413125 0.2110751140625
2 0.6158189546874999 0.07323873125 0.5756097953125 0.0652990265625 0.5663284984375 0.12038720781250001 0.5996541375 0.1292902375 0.6158189546874999 0.07323873125
2 0.35934221875 0.265779509375 0.34462198437499997 0.3178905671875 0.378192665625 0.32563325 0.3868567234375 0.2734489453125 0.35934221875 0.265779509375
2 0.688957571875 0.7464900734375 0.6563536625 0.7337932609375 0.6426874453125 0.7952319765625 0.6790020906249999 0.8071999968749999 0.688957571875 0.7464900734375
2 0.532730225 0.9211854718750001 0.5239510640625 0.9539208406249999 0.550092059375 0.9594772796875001 0.5557565859375 0.9242604296874999 0.532730225 0.9211854718750001
2 0.276718975 0.900156009375 0.265695678125 0.95487231875 0.303558190625 0.9681405703125 0.3171370375 0.9099611609375 0.276718975 0.900156009375
2 0.2439749546875 0.357198853125 0.233751209375 0.3938746703125 0.2485725890625 0.40127415468749994 0.256386575 0.3616564703125 0.2439749546875 0.357198853125
2 0.2863082640625 0.3704461765625 0.27219368125 0.3644109578125 0.263378384375 0.40017212031250005 0.2752578984375 0.4099813671875 0.2863082640625 0.3704461765625
2 0.2627875609375 0 0.2583602625 0.0124355078125 0.274800846875 0.02078458125 0.2816139421875 0 0.2627875609375 0
2 0.3332735828125 0.8220353749999999 0.34110826875 0.7857622671875 0.3069571390625 0.777894609375 0.2980530015625 0.8112104265625 0.3332735828125 0.8220353749999999