2 0 0.296597496875 0.0220396296875 0.2968683890625 0.026047140625 0.263183115625 0 0.26397159062500003 0 0.296597496875
2 0.05037963125 0.33467036875 0.050125915624999996 0.2999666734375 0.0118973015625 0.2922002125 0.012512715625 0.331038115625 0.05037963125 0.33467036875
2 0.2592795796875 0.21082978749999998 0.22117006562500002 0.2044425703125 0.2159580953125 0.2243428625 0.254669196875 0.23762419375000002 0.2592795796875 0.21082978749999998
2 0.3156903484375 0.21978484062499998 0.267560446875 0.21010530468750002 0.26433072812499997 0.2367789203125 0.31359998125 0.24357945 0.3156903484375 0.21978484062499998
2 0.7028032453125 0.6387274328125 0.6225671453125 0.627689403125 0.620074915625 0.6945783359375 0.6881864359375001 0.694174865625 0.7028032453125 0.6387274328125
2 0.8636260218749999 0.6329889671875 0.7918564203125 0.63926799375 0.795353815625 0.6792434187499999 0.8579442390625 0.6793229828125 0.8636260218749999 0.6329889671875
2 0.3261701203125 0.3021003296875 0.32201754843749997 0.319337215625 0.3570675125 0.321427865625 0.3620001453125 0.309682953125 0.3261701203125 0.3021003296875
2 0.3344216265625 0.277178515625 0.3295365609375 0.2928733765625 0.359885084375 0.2991506515625 0.3624517546875 0.287612734375 0.3344216265625 0.277178515625
2 0.41464331874999993 0.325520690625 0.41182982968750004 0.341049996875 0.44487875624999995 0.344112496875 0.4501961578125 0.3299529859375 0.41464331874999993 0.325520690625
2 0.4159581 0.31329865468749996 0.45029336875 0.31743908125 0.4519583296875 0.30240708125000004 0.42047715312499995 0.2968264859375 0.4159581 0.31329865468749996
2 0.4232227046875 0.27030188593750004 0.4213727140625 0.28662523906250004 0.44979321250000004 0.29128471093749997 0.45559860625 0.27589046875 0.4232227046875 0.27030188593750004
2 0.4235585796875 0.243484628125 0.4239849828125 0.2619834828125 0.45880838125 0.2648907375 0.45831423750000005 0.2524301375 0.4235585796875 0.243484628125
2 0.42979502187499996 0.212579734375 0.426928715625 0.234335775 0.4622418 0.23600971875 0.46084594531249995 0.22005503750000002 0.42979502187499996 0.212579734375
2 0.43444622656250004 0.190805559375 0.431983053125 0.203526459375 0.462694965625 0.21393936406249997 0.4629700859375 0.1966464546875 0.43444622656250004 0.190805559375