2 0.20200931406249997 0.0746535796875 0.238067915625 0.0822784328125 0.24659961406250003 0.046073309374999996 0.20953194375 0.04044466875 0.20200931406249997 0.0746535796875
2 0 0.8177646484375 0.019469221875 0.8159290015625 0.011938678125000001 0.752092253125 0 0.7533907859375 0 0.8177646484375
2 0.8008945671875001 0.8246930578124999 0.8357533406250001 0.8220806328125001 0.8394760124999999 0.785751215625 0.8049547796875001 0.785115071875 0.8008945671875001 0.8246930578124999
2 0.8882525156250001 0.4258500234375 0.92449320625 0.43110673593750004 0.9288098796875 0.3984038265625 0.8940577046874999 0.39357691875 0.8882525156250001 0.4258500234375
2 0.2242964765625 0.09657005625000001 0.1859838296875 0.10454404531249999 0.1916242546875 0.1497373015625 0.2297786515625 0.1429446421875 0.2242964765625 0.09657005625000001
2 0.0797980765625 0.4394559765625 0.13173707968749998 0.4526423109375 0.145918859375 0.3859370015625 0.0898686265625 0.37924361875 0.0797980765625 0.4394559765625
2 0.8257716515625001 0.946372703125 0.8239383359374999 0.9906156515625 0.83975800625 0.993787746875 0.84734335 0.9479619734375 0.8257716515625001 0.946372703125
2 0.8981976890625001 1 0.89938073125 0.9596653015625 0.8872588734375 0.9589027859374999 0.8803747578125 0.999725325 0.88546871875 1 0.8981976890625001 1
2 0.80307830625 0.6770716390625 0.8447793375 0.678037925 0.8466743671874999 0.642143059375 0.8066727796875 0.64281706875 0.80307830625 0.6770716390625
2 0.8244335640625 0.266790378125 0.8145371890625 0.3007916109375 0.8610926593749999 0.3138049578125 0.8746405312500001 0.2816132328125 0.8244335640625 0.266790378125
2 0.0986135765625 0.7358346015625 0.10405535625 0.6731327859375 0.0588242671875 0.6727516859375 0.0483466765625 0.7379930171875 0.0986135765625 0.7358346015625