2 0.027405465624999997 0.270036575 0.0322684515625 0.2746847765625 0.056366184374999996 0.2230994671875 0.0355964359375 0.21175479218749999 0.027405465624999997 0.270036575
2 0.3473934234375 0.43659400000000004 0.3243226890625 0.4093855765625 0.296339515625 0.4354047625 0.32363620625 0.46171672812500003 0.3473934234375 0.43659400000000004
2 0.6104253890625 0.60110855625 0.5714066015625 0.600463296875 0.5761041062500001 0.6353149359375 0.6103422578125001 0.6388979359375 0.6104253890625 0.60110855625
2 0.807341046875 0.85742375625 0.8618795312499999 0.8561782593749999 0.8593370124999999 0.7771364859375 0.8086088312499999 0.7968020203124999 0.807341046875 0.85742375625
2 0.82967354375 0.8696989953125 0.8339155609375 0.9110644156250001 0.8639706265625 0.9149532375 0.8615438234375 0.873119546875 0.82967354375 0.8696989953125
2 0.0710146375 0.3583429234375 0.08682692656249999 0.2975462734375 0.0586165859375 0.2890264171875 0.0379887140625 0.3459135625 0.0710146375 0.3583429234375
2 0.534341725 0.6689994203125 0.5423232171875 0.6252151484375 0.506724109375 0.6155818515625 0.49921524687499996 0.6549367390625 0.534341725 0.6689994203125
2 0.6318329390625 0.320479209375 0.6146593124999999 0.2880303203125 0.5811322078125001 0.3083034703125 0.591831015625 0.342382796875 0.6318329390625 0.320479209375
2 0.84560181875 0.599400096875 0.816808359375 0.620005825 0.8354893546875 0.6504753546875001 0.8662345140625 0.6359612359375 0.84560181875 0.599400096875
2 0.898113490625 0.911387175 0.9497133796874999 0.8927712968750001 0.956627215625 0.84357680625 0.9412314796875 0.7709591078125 0.8716511203125 0.7881159703125 0.898113490625 0.911387175
2 0.9846518453125 0.6347185843750001 0.9873838703125 0.624731828125 0.991593034375 0.5947820765625 0.9694915890625 0.5539001265625 0.9434785140624999 0.5687467125000001 0.9846518453125 0.6347185843750001