2 0.5451354187499999 0.9391018734375001 0.6143704765625 0.9292655859375 0.610524759375 0.8754756546875001 0.543278290625 0.890376346875 0.5451354187499999 0.9391018734375001
2 0.760968321875 0.7864944125 0.7654698 0.841934053125 0.8356204703125 0.8264176531249999 0.8299068234375 0.7766908109374999 0.760968321875 0.7864944125
2 0.8015836125 0.6748541609375 0.796982603125 0.6417849999999999 0.7521397953125 0.650711215625 0.7566356265625 0.6861413375 0.8015836125 0.6748541609375
2 0.8110347203125 0.5137019781250001 0.8067332328125 0.48204196093749996 0.774209825 0.488955025 0.77518519375 0.522101565625 0.8110347203125 0.5137019781250001
2 0.5616908234375 0.8227883953124999 0.5568809156250001 0.8001595609375001 0.5212067375 0.8065283125 0.5232004031249999 0.8273308921875 0.5616908234375 0.8227883953124999
2 0.1655027828125 1 0.20002709375 0.9918375812500001 0.19602764374999998 0.9787407281249999 0.1450440828125 0.990183034375 0.1480008140625 1 0.1655027828125 1
2 0.119766709375 0.9797894984375001 0.19213691093750002 0.9689960875000001 0.1838426046875 0.9528282015625 0.11610267031249999 0.9654073203125 0.119766709375 0.9797894984375001
2 0.163748009375 0.5912676359375 0.152517465625 0.55985043125 0.11418477812500001 0.567998296875 0.118594828125 0.6058731125000001 0.163748009375 0.5912676359375
2 0.19060147968750002 0.7076080546875 0.1312735765625 0.7226450484375 0.14815072499999998 0.7906151546875 0.2055758375 0.7723453109375 0.19060147968750002 0.7076080546875
2 0.08672616250000001 0.7957881421875 0.1474625671875 0.78024569375 0.12852863750000001 0.7268658 0.07164848593749999 0.7419879296875 0.08672616250000001 0.7957881421875
2 0.3716836921875 0.8198859234375 0.36528220624999996 0.786913528125 0.3186967484375 0.7962085562500001 0.318299809375 0.8314662390625 0.3716836921875 0.8198859234375
2 0.974226209375 0.770273003125 0.9739607140625001 0.757593309375 0.9381279250000001 0.7603600734375 0.938518071875 0.773618690625 0.974226209375 0.770273003125