2 0.08353218125 0.16042228125 0.11624446562499999 0.0545483421875 0.033993175 0.0675756671875 0.0102204375 0.1449819171875 0.08353218125 0.16042228125
2 0.34642575781249996 0.2997321125 0.3574644328125 0.29738260625 0.33342214375 0.21763051875 0.320533421875 0.22418052500000002 0.34642575781249996 0.2997321125
2 0.4117064265625 0.245508634375 0.4429573875 0.1660162234375 0.42662245781249997 0.1604863 0.39702471875 0.2400190234375 0.4117064265625 0.245508634375
2 0.7359873859375 0.4159739390625 0.76002341875 0.3857163546875 0.6851168765625 0.3374636859375 0.662756140625 0.3719661453125 0.7359873859375 0.4159739390625
2 0.71230620625 0 0.70089808125 0.0313812671875 0.7378805859375 0.04115374375 0.7492711671875 0 0.71230620625 0
2 1 0.5546365125 0.973275071875 0.5527266828124999 0.962034884375 0.6146220703124999 0.998859221875 0.6196103890625 1 0.6108671328125 1 0.5546365125
2 0.9992460328125 0.46384939062499997 0.993022875 0.4245579140625 0.9678578874999999 0.404798184375 0.95591170625 0.4394530125 0.9992460328125 0.46384939062499997
2 0.5756890609374999 0.609686609375 0.6044454375 0.63579075625 0.6344167921875 0.5823489328125 0.6086345640624999 0.559081640625 0.5756890609374999 0.609686609375
2 0.5417076093750001 0.7629519296875 0.5709796859375 0.7733444671874999 0.5901069203125 0.734847090625 0.5585193390625001 0.7203126609375 0.5417076093750001 0.7629519296875
2 0.576909696875 0.88662555 0.6064100375 0.8681250953124999 0.58773460625 0.8374201109375001 0.5524613921875 0.8583361921874999 0.576909696875 0.88662555
2 0.6880753359375 0.6784521406249999 0.7413904421875 0.67000785625 0.73445181875 0.6224135828125 0.6876250625 0.6313315078125 0.6880753359375 0.6784521406249999
2 0.9005115328125 0.760827728125 0.9214311421874999 0.7298614328124999 0.88388588125 0.7051493078125 0.8577566843750001 0.741148778125 0.9005115328125 0.760827728125
2 0.5797950671875001 0.47257338437499996 0.5145066 0.4167874328125 0.49108615 0.4433406125 0.5558258625 0.5070284421875 0.5797950671875001 0.47257338437499996
2 0.5882064625 0.556005046875 0.6322967703125 0.4931131875 0.5825966984375001 0.4637135328125 0.5477543828125 0.5272431015625 0.5882064625 0.556005046875
2 0.14488661249999998 0.6767167109375001 0.11324093125000001 0.670305440625 0.105246796875 0.7070395046875 0.13329035625000002 0.713720721875 0.14488661249999998 0.6767167109375001
2 0.0978503578125 0.6186394625 0.1305466484375 0.6278885078124999 0.1436920875 0.593344309375 0.1080044875 0.5803609859375001 0.0978503578125 0.6186394625
2 0.8435242890625 0.41998205781250003 0.8195449984375 0.4430168421875 0.8586708125 0.4776982 0.8861754546875 0.45200102812500004 0.8435242890625 0.41998205781250003
2 0.735953046875 0.9504059296875 0.7507497796875 0.9414496953124999 0.7122031625 0.8952531468749999 0.70126400625 0.9051028609375 0.735953046875 0.9504059296875