2 0.36973340781249997 0.9232163812499999 0.294469 0.920612784375 0.297549071875 0.9906991984375001 0.36993687343750004 0.99881089375 0.36973340781249997 0.9232163812499999
2 0.839399528125 0.23602073906249998 0.786014234375 0.23405733125 0.7820434546875 0.27176995625 0.833860721875 0.273220975 0.839399528125 0.23602073906249998
2 0.7591960421875 0.26701386562499996 0.7233289453125 0.2635362390625 0.7207893921874999 0.328558259375 0.755218428125 0.338660853125 0.7591960421875 0.26701386562499996
2 0.274696425 0.0968452171875 0.24700847812500001 0.0944269171875 0.2442183 0.1660116734375 0.27758606874999997 0.167238896875 0.274696425 0.0968452171875
2 0.0811366875 0.0501379046875 0.08320910312499999 0.15778165156249999 0.105340596875 0.1601923078125 0.1081084046875 0.0427709046875 0.0811366875 0.0501379046875
2 0.20846308281249998 0.6709233578125 0.1749265296875 0.670894109375 0.1715486890625 0.708575659375 0.2037305859375 0.70986503125 0.20846308281249998 0.6709233578125
2 0.713763859375 0.799817103125 0.6627719703125 0.79891895625 0.6641977578125 0.8601595140624999 0.7180116812499999 0.8656741078125 0.713763859375 0.799817103125
2 0.8886965890624999 0.1896819125 0.8479216796875001 0.18973629375 0.8508186312499999 0.23363859531250003 0.88659078125 0.23533437343750002 0.8886965890624999 0.1896819125
2 0.828838496875 0.40891822343750006 0.8116440140625001 0.4053538546875 0.8096333796874999 0.4804682734375 0.8257096531249999 0.4808180109375 0.828838496875 0.40891822343750006
2 0.9358539421875 0.37473468125 0.9205301453124999 0.37226296875 0.9223952000000001 0.419195303125 0.93731503125 0.420198646875 0.9358539421875 0.37473468125
2 0.19144712656250001 0.07828922031249999 0.19146935625 0.1354382515625 0.2290515546875 0.137636865625 0.23043452343749998 0.08458083749999999 0.19144712656250001 0.07828922031249999
2 0.434618153125 0.6102541703125001 0.43189712187499996 0.64909355625 0.51926706875 0.6593975890625 0.52582735625 0.6257159015625 0.434618153125 0.6102541703125001
2 0.3606552578125 0.59686768125 0.319498728125 0.5924765671875 0.31820549374999996 0.6699347796875 0.364186703125 0.6734769125 0.3606552578125 0.59686768125
2 0.3630087015625 0.8119486484375 0.3213665171875 0.8096655265624999 0.3172990890625 0.8569087703125 0.359596740625 0.858264128125 0.3630087015625 0.8119486484375
2 0.26961721875 1 0.273344121875 0.955949615625 0.23212602031250001 0.9566233515624999 0.233180290625 0.999429965625 0.2366856765625 1 0.26961721875 1
2 0.2140291625 1 0.21543952968750002 0.95719900625 0.1756258515625 0.9566068828125 0.17391498125 1 0.2140291625 1