2 0.586895384375 0.41227125156250005 0.6941004953125 0.4542893546875 0.71448766875 0.392623778125 0.6080724671875 0.35810247500000003 0.586895384375 0.41227125156250005
2 0.29809888125 0.41291019218749997 0.3325172765625 0.42305456093749993 0.3480941859375 0.3705742484375 0.309337159375 0.3657824609375 0.29809888125 0.41291019218749997
2 0.2963241953125 0.30207891875000004 0.310430909375 0.3131821875 0.336726165625 0.2691905390625 0.320099365625 0.26296868125 0.2963241953125 0.30207891875000004
2 0.10554014062499999 0.6464546906249999 0.1558336546875 0.6339011578125 0.152999 0.6063221796875 0.09879271875 0.618899703125 0.10554014062499999 0.6464546906249999
2 0.016172078125 0.2557032125 0.0924288390625 0.31460359375 0.1317577828125 0.2715249171875 0.042604040625 0.21826832343749997 0.016172078125 0.2557032125
2 0.197133696875 0.1880052984375 0.23227520625000003 0.14522744062499998 0.21465474843750001 0.13328013593750002 0.176428703125 0.1725702671875 0.197133696875 0.1880052984375
2 0.3455226703125 0.8245366359374999 0.362289971875 0.8316611187499999 0.3971731328125 0.7585084359375001 0.3788242 0.7509757546875 0.3455226703125 0.8245366359374999
2 0.5066362609375 0.11262868125 0.5531358390625 0.13730744374999998 0.571245028125 0.1082185671875 0.525798021875 0.07914940781249999 0.5066362609375 0.11262868125
2 0.6155211578124999 0.062508265625 0.6501341890625 0.0613574453125 0.655332275 0.0295801375 0.621659375 0.0233567 0.6155211578124999 0.062508265625
2 0.45675258906250005 0.059738884375 0.437955809375 0.08163728125 0.4668042984375 0.103296159375 0.481923003125 0.0829261671875 0.45675258906250005 0.059738884375
2 0.1426385734375 0 0.141315309375 0.015658965625 0.1549414109375 0.0166117953125 0.157293453125 0 0.1426385734375 0
2 0 0.7072549765625 0.05171097031250001 0.704888975 0.0530141171875 0.6653993078125 0 0.6692254625 0 0.7072549765625
2 0.20504085 0.4069981421875 0.22949470624999999 0.43192091718750003 0.255096753125 0.40633199375 0.225157628125 0.3822160484375 0.20504085 0.4069981421875