2 0.21549768593750002 0.051834679687499996 0.0006632578125 0.22660978125 0.0135666765625 0.2537473421875 0.23840936250000003 0.082530625 0.21549768593750002 0.051834679687499996
2 0.22647854375 0.1169064859375 0.0413906765625 0.26110189375 0.057621475 0.2812474578125 0.24117044375000002 0.13424995625 0.22647854375 0.1169064859375
2 0.547582446875 0.196188153125 0.549970575 0.2375491609375 0.6054276093750001 0.23612535 0.60109531875 0.19596963437499998 0.547582446875 0.196188153125
2 0.5611056125 0.27708055468750004 0.5669880359375 0.303077759375 0.6022043218750001 0.297557325 0.5984302078125 0.2716916625 0.5611056125 0.27708055468750004
2 0.6103917734375 0.2692343484375 0.6108269171875 0.2947024015625 0.6603301546875 0.28862416875 0.657000646875 0.261507496875 0.6103917734375 0.2692343484375
2 0.252740434375 0.19924785 0.15271125000000002 0.2761553484375 0.16879906718749998 0.2951236234375 0.260939703125 0.22217733750000002 0.252740434375 0.19924785
2 0.1791691234375 0.30162863125 0.1885659984375 0.314836578125 0.28115259843749996 0.24063753906250002 0.270947959375 0.22573572187500002 0.1791691234375 0.30162863125
2 0.15499598125 0.3386111953125 0.163123290625 0.331722503125 0.15078713906250002 0.3140897828125 0.136996453125 0.32356135625000004 0.15499598125 0.3386111953125
2 0.174131990625 0.3263895671875 0.1820021765625 0.319829975 0.16664859375000002 0.3019695390625 0.157353871875 0.30909445468749996 0.17286261875 0.3233465828125 0.174131990625 0.3263895671875
2 0.1397191890625 0.3019008984375 0.1519359953125 0.294201528125 0.13937387031249998 0.2795875984375 0.12573679843750002 0.2854510578125 0.1397191890625 0.3019008984375
2 0.7939902671875 0.5733149531249999 0.8458980484374999 0.538099934375 0.8376784625000001 0.524749009375 0.7825199578124999 0.5578491156250001 0.7939902671875 0.5733149531249999
2 0.7342697421875 0.4523318890625 0.8025865796874999 0.43870143749999996 0.7993814734375 0.422341975 0.730420278125 0.43559659218749996 0.7342697421875 0.4523318890625