2 0.9800172265624999 0.6947103078125 0.8666243828125 0.707396409375 0.8764498875 0.75427834375 0.9869070437499999 0.7421687421875001 0.9800172265624999 0.6947103078125
2 0.8523754671875 0 0.8571826203124999 0.0361323671875 0.9386728859375 0.0286715 0.93464336875 0 0.8523754671875 0
2 0.5984447203125 0.0982260171875 0.4657687015625 0.107503628125 0.4698498375 0.1488430796875 0.6038324609375 0.14120488125 0.5984447203125 0.0982260171875
2 0.6042132312499999 0.1977206765625 0.554115709375 0.20479190468750003 0.5535807828125 0.2482350453125 0.6117929906249999 0.242300534375 0.6042132312499999 0.1977206765625
2 0.6082301609375 0.44242405625 0.609384034375 0.40785466875000004 0.5306620625 0.4056296796875 0.5250707984375 0.43634609218750003 0.6082301609375 0.44242405625
2 0.7046051531249999 0.6800754953125 0.6968461593749999 0.6372107578125 0.610452553125 0.6444408203124999 0.6110609234375 0.6872103796875 0.7046051531249999 0.6800754953125
2 0.5710019390625 0.659092509375 0.49488436875 0.66857686875 0.49692719375000005 0.7148141875 0.5774868140625 0.7092717546875 0.5710019390625 0.659092509375
2 0.23962461406250002 0.8059456359375 0.18927724375 0.8094662671874999 0.191996771875 0.8568466671875001 0.24577226093750001 0.8513022843750001 0.23962461406250002 0.8059456359375
2 0.0032625812499999995 0.328341875 0.0545861296875 0.3217801171875 0.0540062234375 0.2964635875 0.0029291421875 0.298038190625 0.0032625812499999995 0.328341875
2 0.24123507187499998 0.6417176203125 0.16462091875 0.6441005718749999 0.1647781140625 0.7059308468750001 0.2437955 0.6996128578125 0.24123507187499998 0.6417176203125
2 0.4082863125 0.6984184609375 0.369785015625 0.7011107328125 0.36709097343749997 0.7476792875 0.4088962453125 0.7411879109374999 0.4082863125 0.6984184609375
2 0.40878627500000003 0.4587497640625 0.3997007921875 0.37138008125 0.3076195953125 0.386624853125 0.32155207343750003 0.46247054062500004 0.40878627500000003 0.4587497640625
2 0.1465095296875 0.21486053749999998 0.1488640765625 0.22301929375 0.199503021875 0.2194124875 0.19948573281249998 0.20639761562499997 0.1465095296875 0.21486053749999998
2 0.14884645000000002 0.180208425 0.146919396875 0.195209078125 0.19865410625 0.19450478124999998 0.1980919375 0.17795367812500001 0.14884645000000002 0.180208425
2 0.1397128484375 0.1517105078125 0.1442581609375 0.16566336875 0.1971226640625 0.159836534375 0.1896034984375 0.1416808796875 0.1397128484375 0.1517105078125
2 0.3515046375 0.08219545 0.3529260953125 0.093989084375 0.39241355 0.09267669375000001 0.38657625625 0.0815270375 0.3515046375 0.08219545