2 0.0878537875 0.7944950453125 0.0551752984375 0.786869471875 0.048475690625 0.8256189546874999 0.0816377203125 0.8315003453124999 0.0878537875 0.7944950453125
2 0.112029959375 0.164231921875 0.10095778124999999 0.1614751765625 0.09039396718750001 0.2240268828125 0.10381950468750001 0.23086363593749998 0.112029959375 0.164231921875
2 0.34927282656249997 0.8555114015624999 0.341051490625 0.854196109375 0.3349253015625 0.9195216984375 0.3524434875 0.9213507828124999 0.34927282656249997 0.8555114015624999
2 0.518045921875 0.7844505374999999 0.5043892765625 0.8452431796875001 0.5576978171875 0.8552712343750001 0.5700679828124999 0.795558078125 0.518045921875 0.7844505374999999
2 0.50568021875 0.374497175 0.4979400296875 0.4697804671875 0.5321620484375 0.473370525 0.541416409375 0.38119979531250003 0.50568021875 0.374497175
2 0.7308379671874999 1 0.7353235546875 0.98673698125 0.6977301625 0.9765937765625001 0.691928090625 1 0.7308379671874999 1
2 0.7325845390625 0.9116970859375 0.6993974953125 0.8962772156250001 0.68012958125 0.9541932953125001 0.7094752125 0.9716595890624999 0.7325845390625 0.9116970859375
2 0.764084140625 0.66054769375 0.7353673015625 0.648497440625 0.7213724375 0.686909815625 0.7529871296875 0.6989140218750001 0.764084140625 0.66054769375
2 0.9207863250000001 0.70703835 0.8555952187500001 0.6763021109375 0.8186389546875 0.779458075 0.87558011875 0.8085785109374999 0.9207863250000001 0.70703835
2 1 0.10308547812499999 0.9697746515624999 0.0926528546875 0.9548420171875 0.1408159140625 0.991936996875 0.1524071265625 1 0.12893839375 1 0.10308547812499999
2 0.6616806671875 0.3064909765625 0.6785595843750001 0.3109477796875 0.692903584375 0.25707105 0.6797523812499999 0.24966227968750002 0.6616806671875 0.3064909765625
2 0.5659832 0.0051145 0.5281636015625 0.0018057156250000002 0.52791405625 0.020022034375 0.562649028125 0.0296171484375 0.5659832 0.0051145
2 0.4884473265625 0.27881864375 0.4985952671875 0.2785144375 0.5084569140624999 0.2015968671875 0.49103903125 0.2015614765625 0.4884473265625 0.27881864375
2 0.7782724187500001 0.06278618281250001 0.7463113078125 0.0605859671875 0.7432515125 0.08982273125 0.7711869765625 0.096139315625 0.7782724187500001 0.06278618281250001
2 0.6951187828125 0.040014715625 0.6874609921875 0.0798739703125 0.7218605109375 0.0882477015625 0.73329026875 0.0528905765625 0.6951187828125 0.040014715625
2 0.7925529203125 0.23986245312499999 0.7721452734375001 0.33701600625 0.8115514890625001 0.34940387500000003 0.8362363437500001 0.25173049999999997 0.7925529203125 0.23986245312499999
2 0.6357635125 0.8817696937499999 0.62142819375 0.8823020015624999 0.6172955359375 0.91591346875 0.63176101875 0.9150945390624999 0.6357635125 0.8817696937499999
2 0.955910521875 0.285147328125 0.9402663328124999 0.28020252968750003 0.918614740625 0.37158508437500004 0.93252614375 0.3754858234375 0.955910521875 0.285147328125