2 0.6620329546875 0.837515828125 0.6635712171875 0.7994958421875 0.6008214656249999 0.79460196875 0.5966420578125 0.8321540437499999 0.6620329546875 0.837515828125
2 0.7152141171874999 0.9381541421874999 0.7200943296875 0.9028106140625001 0.6803905921875 0.8933752374999999 0.6751301234375 0.9364713765625 0.7152141171874999 0.9381541421874999
2 0.9975374515625001 0.1228326984375 0.9884290203124999 0.08387968125 0.9552743609375 0.0881328078125 0.9569420984375 0.12699479375 0.9975374515625001 0.1228326984375
2 0.74388868125 0.19483881875 0.7574483125 0.23060202031250002 0.8069194328125 0.20333338437499998 0.7938895640625 0.17173376093749998 0.74388868125 0.19483881875
2 0.85635520625 0.0538434546875 0.8583803515625 0.0306959375 0.8116525953125 0.0266077875 0.815082275 0.072562828125 0.85635520625 0.0538434546875
2 0.5141679953125 0.1091584890625 0.50920613125 0.152247815625 0.5422262453125 0.15632716875 0.545849609375 0.1149119296875 0.5141679953125 0.1091584890625
2 0.350684540625 0.1860729625 0.3757206734375 0.213302371875 0.3958745890625 0.1804871546875 0.370167140625 0.1609488171875 0.350684540625 0.1860729625
2 0.1894267234375 0.380629075 0.21474981093749998 0.39774814687500004 0.23402115625 0.37844492500000004 0.21574846875000003 0.3590833671875 0.1894267234375 0.380629075
2 0.277954753125 0.6495023203125 0.294376403125 0.6253024109374999 0.2723298234375 0.5945765046875 0.2498593609375 0.6231957296874999 0.277954753125 0.6495023203125
2 0.36391962499999997 0.157420571875 0.375654871875 0.145929325 0.33263753125 0.12666305312499998 0.3252279640625 0.1432475640625 0.36391962499999997 0.157420571875
2 0.377923428125 0.1336067140625 0.38309910937499997 0.12213602812499999 0.34417329531249996 0.10382687500000001 0.33668184375 0.1144989375 0.377923428125 0.1336067140625
2 0.7358730984374999 0.272832315625 0.7496181578125001 0.2519759125 0.718752290625 0.223273428125 0.702631521875 0.2508467734375 0.7358730984374999 0.272832315625
2 0.8456082468749999 0.37424476875 0.8730330140625 0.3605469328125 0.8572110546875 0.3233921984375 0.8273168296875 0.338066021875 0.8456082468749999 0.37424476875
2 1 0.2174559171875 0.961440259375 0.24248725468750001 0.9706069796874999 0.256930209375 1 0.24248940624999998 1 0.2174559171875