2 0.1493671859375 0.648941403125 0.1017636796875 0.7849285734375 0.1400701203125 0.7989191499999999 0.18480573281249998 0.6698754046875 0.1493671859375 0.648941403125
2 0.190781059375 0.7631710484374999 0.174394659375 0.8102489187499999 0.1939943328125 0.8193601953125 0.216469659375 0.7703241703125 0.190781059375 0.7631710484374999
2 0.8708853718749999 0.8172773390625 0.8716449171875 0.8617417609375 0.9389681734374999 0.85656914375 0.93400268125 0.8169261999999999 0.8708853718749999 0.8172773390625
2 0.9370269499999999 0.7736771234375001 0.9481058390625 0.8280354859375001 0.9768917984375 0.8300483953125 0.9723457359375001 0.7707884875000001 0.9370269499999999 0.7736771234375001
2 0.6918034109375 0.49278382499999995 0.6964861515625 0.506656771875 0.7325190359375 0.5063461031250001 0.73033233125 0.4865469 0.6918034109375 0.49278382499999995
2 0.692825390625 0.46963466406250004 0.6925237703125 0.4867380984375 0.7288040359375 0.48286726562500004 0.731190090625 0.46576861875000003 0.692825390625 0.46963466406250004
2 0.6926657734375 0.446404440625 0.69058524375 0.46338974843749997 0.7315629609375 0.46043632968750003 0.7285354468749999 0.44414952812499997 0.6926657734375 0.446404440625
2 0.2892578453125 0.4443920375 0.2894103703125 0.454978465625 0.3281136140625 0.45901622656249996 0.3267817328125 0.444038396875 0.2892578453125 0.4443920375
2 0.303643409375 0.41741574843749996 0.305242625 0.43287120156250003 0.33839447031250003 0.43115771093750005 0.334776209375 0.4148296 0.303643409375 0.41741574843749996
2 0.311680971875 0.38761319843750003 0.3128082546875 0.401261015625 0.3481259984375 0.402665578125 0.346324509375 0.3858693109375 0.311680971875 0.38761319843750003
2 0.3562187 0.3550061890625 0.32094133281250004 0.3573025203125 0.3209659109375 0.37397453281250004 0.36098170937499996 0.37200954531249997 0.3562187 0.3550061890625
2 0.542602415625 0.29421426093749997 0.46946207656250005 0.267666328125 0.4608184890625 0.314691996875 0.5334893265625 0.3394199328125 0.542602415625 0.29421426093749997
2 0.0350738234375 0.5129452359375 0.031763225 0.5262420031249999 0.15004673125 0.53706001875 0.15239292499999998 0.5205537859375 0.0350738234375 0.5129452359375
2 0.1594316546875 0.5901079640625 0.157646096875 0.6028973765625001 0.1950250828125 0.6003376296875 0.191446684375 0.5834171078125 0.1594316546875 0.5901079640625
2 0.1771101890625 0.5585987765625 0.15292236718750002 0.5640529296875 0.153071309375 0.5789464734374999 0.179546959375 0.5748442671875 0.1771101890625 0.5585987765625
2 0.0428197921875 0.4872902609375 0.0434366765625 0.5040036921875 0.12897846875000002 0.5064141578125 0.1239669515625 0.492964621875 0.0428197921875 0.4872902609375
2 0.0842056265625 0.380637703125 0.0844923171875 0.3977948078125 0.187485896875 0.39321812968750003 0.184541215625 0.3757467203125 0.0842056265625 0.380637703125
2 0.178153375 0.433050090625 0.175173459375 0.45010720937500004 0.19877198437500002 0.444613415625 0.1901237 0.4321015375 0.178153375 0.433050090625
2 0.1027664984375 0.34502224843749996 0.1033423515625 0.3580441390625 0.17490318124999998 0.3518537015625 0.17005733750000002 0.33603495156249996 0.1027664984375 0.34502224843749996
2 0.24114611875 0.3493403296875 0.1902908421875 0.34459378281249997 0.1917900625 0.3572009484375 0.23862346875 0.359880659375 0.24114611875 0.3493403296875
2 0.12449597812499999 0.306652365625 0.12396940781250002 0.3184161640625 0.1617405078125 0.31878308906249997 0.15566863749999998 0.303473803125 0.12449597812499999 0.306652365625
2 0.20359638593749999 0.5032975859375 0.20270231875000003 0.5203392328125 0.236831496875 0.5216951421875 0.23549805625000003 0.5067172015625 0.20359638593749999 0.5032975859375
2 0.3127752203125 0.49961861875 0.28373999843750003 0.4892539125 0.2652866515625 0.540355215625 0.2935100265625 0.5453063515625 0.3127752203125 0.49961861875
2 0.2070273125 0.42018602187500004 0.2069456234375 0.4724247640625 0.23963633281250002 0.47307235312499996 0.23359825 0.423232878125 0.2070273125 0.42018602187500004
2 0.078459465625 0.616000828125 0.067158815625 0.6456754453125 0.11301106718750001 0.6666421984374999 0.1204854 0.6278706984375 0.078459465625 0.616000828125
2 0.053150224999999995 0.7225871703125 0.0460490046875 0.7433000843750001 0.100115625 0.7574263046875 0.1061814234375 0.7387978046875 0.053150224999999995 0.7225871703125
2 0.8916432984375 0.6651250171875 0.8998342171875 0.7012233828125 0.9404701125000001 0.69890234375 0.9352144750000001 0.66340864375 0.8916432984375 0.6651250171875
2 0.9459588859375 0.6629680015625 0.9421641875000001 0.70021120625 0.9860477703124999 0.6991118796875 0.9878344296874999 0.659942659375 0.9459588859375 0.6629680015625