2 0.542987465625 0.42069648125 0.5763028640625001 0.427183171875 0.5758980328125001 0.3913178203125 0.5479545124999999 0.3847987140625 0.542987465625 0.42069648125
2 0.530147778125 0.2832247203125 0.5620756015625 0.29016259375 0.5741503671875 0.22635646406249998 0.541363403125 0.22052233281250003 0.530147778125 0.2832247203125
2 0.5528732625 0.0712813203125 0.6085437421875 0.08071464687499999 0.6200333265625 0.0111156140625 0.5645809609375 0.0052873359375 0.5528732625 0.0712813203125
2 0.19064088437499999 0.2547053546875 0.195543921875 0.2080560609375 0.1519511359375 0.2028772546875 0.1470161734375 0.2441500078125 0.19064088437499999 0.2547053546875
2 0.1967532734375 0.19086957499999999 0.20702594843750002 0.1101574625 0.1672833578125 0.102398225 0.15794186875 0.185596290625 0.1967532734375 0.19086957499999999
2 0.1546813765625 0.094207965625 0.18948394375 0.101149475 0.1982054828125 0.0578866265625 0.16032542656249998 0.0550977421875 0.1546813765625 0.094207965625
2 0.13197659374999998 0 0.12460010625 0.0399994703125 0.1762850109375 0.050804957812499996 0.18484010312500002 0 0.13197659374999998 0
2 0.039044971875 0.836991278125 0.08135191562500001 0.846212509375 0.08889378437499999 0.7914822828125 0.0447406421875 0.7802743734375001 0.039044971875 0.836991278125
2 0.25387036093750004 0.527026753125 0.21592021562500002 0.5242320734375 0.2093488609375 0.5647358125 0.248035975 0.5711916453125 0.25387036093750004 0.527026753125
2 0.327147971875 0.37651809531249997 0.36094911406249996 0.3878304359375 0.364672940625 0.35240059218750003 0.333623828125 0.34137750312500004 0.327147971875 0.37651809531249997
2 0.7470438203125 0.942748534375 0.7796708703124999 0.9494613875000001 0.7847904703124999 0.9064169796874999 0.751196446875 0.8969159015624999 0.7470438203125 0.942748534375
2 0.8490330953124999 0.9591381625000001 0.854402340625 0.9137334828125001 0.821675884375 0.907308690625 0.8184186578125001 0.95532500625 0.8490330953124999 0.9591381625000001
2 0.7630557515625 0.7563684140625 0.8194019609375 0.7643802109375 0.823311978125 0.7271788765625 0.7702805578125 0.721008028125 0.7630557515625 0.7563684140625
2 1 0.0935586125 0.9897269546875 0.091524609375 0.9842009468749999 0.1500504078125 1 0.1537011484375 1 0.0935586125
2 0.575792425 0.71011883125 0.5794541875 0.6752794859375 0.562593559375 0.67111928125 0.55973901875 0.70962401875 0.575792425 0.71011883125
2 0.23616597343749998 0.2550125796875 0.25342125625 0.2589157546875 0.2570209546875 0.2246669078125 0.2423345703125 0.22252628593749998 0.23616597343749998 0.2550125796875
2 0.21637978906250002 0.2538285 0.22010361562499997 0.21839865625 0.20454810937499998 0.213181584375 0.1992709046875 0.252030284375 0.21637978906250002 0.2538285
2 0.3793157390625 0.15632581406249998 0.3945307203125 0.15911744375 0.4044011671875 0.11060373593749999 0.39092608125 0.10261864843749999 0.3793157390625 0.15632581406249998