2 0.0025591515624999997 0.44891828437500003 0.029526325 0.45304694218749997 0.045319071875 0.3953903484375 0.0081773609375 0.384701859375 0.0025591515624999997 0.44891828437500003
2 0.1976003609375 0.6089793578125 0.2707450609375 0.6129681375 0.2763641078125 0.5699426984375 0.20324012812499997 0.566547309375 0.1976003609375 0.6089793578125
2 0.43565314062500005 0.33833468906249997 0.4876236578125 0.347820475 0.5020221406250001 0.28426363125 0.45316586406250003 0.2743704765625 0.43565314062500005 0.33833468906249997
2 0.47411630625 0.5558983171875 0.5088926734375 0.565986096875 0.5187245328125 0.5245974437500001 0.4883628 0.5176278062499999 0.47411630625 0.5558983171875
2 0.546433721875 0.5022152125 0.57646610625 0.5124686546875 0.5928729640625 0.455384728125 0.5606723359375 0.44728795468750004 0.546433721875 0.5022152125
2 0.45061209843750005 0.7667032671875 0.4799105640625 0.7728188671875 0.49047952187500005 0.7355695124999999 0.456592178125 0.729315540625 0.45061209843750005 0.7667032671875
2 0.6667863890625 0.3623844703125 0.6986197140625 0.3731706984375 0.706693746875 0.33243910625 0.6740329296875001 0.329117553125 0.6667863890625 0.3623844703125
2 0.7832259515625 0.4844279453125 0.8157149390624999 0.49697674062499997 0.8356358890625 0.4385787484375 0.7992676296875 0.43389981874999994 0.7832259515625 0.4844279453125
2 0.697196890625 0.4683971140625 0.7516193296875 0.48017841250000004 0.7645618359374999 0.442846171875 0.7076504875 0.42520284999999997 0.697196890625 0.4683971140625
2 0.5978291437500001 0.274374928125 0.6095407640625 0.269802478125 0.6078285 0.2377380140625 0.5880594484375 0.23753719687500002 0.5978291437500001 0.274374928125
2 0.5402441609374999 0.392977178125 0.5557189140625 0.3942222515625 0.5782733171875 0.32621556093750004 0.567808590625 0.3203350046875 0.5402441609374999 0.392977178125
2 0.7527522531249999 0.13869022343749998 0.8085067390624999 0.1545900421875 0.8206483140625 0.11133527031249998 0.7646187234374999 0.093959778125 0.7527522531249999 0.13869022343749998
2 0.7219412796875 0.20817502812500002 0.7076891187500001 0.241985203125 0.7604382328125 0.256798621875 0.77229768125 0.22247788906250002 0.7219412796875 0.20817502812500002
2 0.8776796515624999 0.6227064203125 0.89021125625 0.6246468187499999 0.905431334375 0.56760433125 0.8906129625 0.566933578125 0.8776796515624999 0.6227064203125
2 0.8955040593750001 0.6232737640625 0.911760421875 0.629843240625 0.9278005374999999 0.57931516875 0.9138825734375 0.570581515625 0.8955040593750001 0.6232737640625
2 0.828710146875 0.9200606328125 0.8592752062500001 0.9285100140625 0.8804561218750001 0.855198025 0.8460327187500001 0.8450994828124999 0.828710146875 0.9200606328125
2 0.8656079578125 0.9229356078125001 0.8965688359374999 0.942674925 0.918496653125 0.8907514640624999 0.8816980453125 0.872405790625 0.8656079578125 0.9229356078125001
2 0.8320847671875 0.9657472546875001 0.8544954125 0.9786448671875 0.8647547250000001 0.9324837 0.8460420031250001 0.9218349671875 0.8320847671875 0.9657472546875001
2 0.8547444546875 0.98577645625 0.871364434375 0.9857901874999999 0.89368645 0.9451551546875001 0.8712131484375 0.9289858609375001 0.8547444546875 0.98577645625
2 0.552526128125 0.9826468171875 0.6091961203125 0.99078183125 0.6126936656249999 0.9549676390625 0.5566699765625 0.9444320453125 0.552526128125 0.9826468171875
2 0.9326717484374999 0.1918935328125 0.9475339 0.19256432343750002 0.9541835937500001 0.16199487968749998 0.942236046875 0.15913979218750002 0.9326717484374999 0.1918935328125