2 0.9135712843749999 0.2519910984375 0.8771780781249999 0.1465614203125 0.7869280125 0.18768917031250001 0.827937078125 0.288454559375 0.9135712843749999 0.2519910984375
2 0.22007192187500002 0.7756344703125 0.1684059046875 0.7947962578125 0.208297528125 0.9076210765624999 0.2626039953125 0.885195090625 0.22007192187500002 0.7756344703125
2 0.0795157953125 0.79458665625 0.034665346875 0.8129079062500001 0.037959425000000005 0.8397360234375 0.0467243484375 0.8684816015625 0.100205696875 0.8470394406249999 0.0795157953125 0.79458665625
2 0.0283287953125 0.5629479 0.0507735453125 0.623277590625 0.0843388171875 0.6078077562499999 0.06484361093749999 0.547169628125 0.0283287953125 0.5629479
2 0.1383267875 0.6958671890625 0.0905244375 0.72089160625 0.103857834375 0.7651622812500001 0.156642784375 0.745285865625 0.1383267875 0.6958671890625
2 0.310110578125 0.8151282796875 0.2674519546875 0.838418028125 0.2859187828125 0.897074671875 0.33826912187499997 0.873063221875 0.310110578125 0.8151282796875
2 0.2251016359375 0.1121098 0.1929245671875 0.033949209375 0.1561470578125 0.0384649203125 0.11911301249999999 0.0477265546875 0.154035575 0.1473406 0.2251016359375 0.1121098
2 0.2478015875 0.027211159375 0.278855515625 0.0978048125 0.3121242671875 0.0805750828125 0.283364515625 0.022844579687499998 0.2478015875 0.027211159375
2 0.3578028390625 0.241747353125 0.3257609203125 0.2528763609375 0.349570628125 0.32798652968750003 0.3852466921875 0.30990833125 0.3578028390625 0.241747353125
2 0.26366095624999997 0.288060315625 0.249401575 0.2922456296875 0.27762816875 0.36420654531249996 0.2921920453125 0.3495397953125 0.26366095624999997 0.288060315625
2 0.34908349843750003 0.6808800109375001 0.3354236109375 0.6870918875 0.3496413859375 0.72022473125 0.3629925078125 0.7110602046875 0.34908349843750003 0.6808800109375001
2 0.36807949687499997 0.7935113968749999 0.35591831093750004 0.7950880984375 0.37937734375 0.8669515125 0.3926982609375 0.8631649171875001 0.36807949687499997 0.7935113968749999
2 0.374637996875 0.668641796875 0.364861171875 0.6759381 0.3751943296875 0.7079866796875 0.38957023281250003 0.7028920171874999 0.374637996875 0.668641796875
2 0.40087364374999995 0.6628992171875 0.3888862171875 0.66624871875 0.3995993640625 0.7018379125 0.4128580546875 0.6974592656249999 0.40087364374999995 0.6628992171875
2 0.42506205 0.671700303125 0.41495936875000006 0.67604575 0.42021659375000003 0.693702321875 0.43245033906249997 0.6852522546875 0.42506205 0.671700303125
2 0.989468521875 0.38550941562499996 0.9881088859375 0.37257334375 0.9838287453125 0.3377143859375 0.9728050578125 0.35024397343749997 0.9855647671875 0.3865151671875 0.989468521875 0.38550941562499996
2 1 0.5529649515624999 0.993800990625 0.5328166390625 0.9587612875 0.5457532796875 0.9652486921874999 0.567759778125 1 0.5533955546875 1 0.5529649515624999