2 0.40028769375 0.4295745078125 0.36944441562499997 0.43124569062500007 0.38260231562499997 0.569809959375 0.4132703734375 0.5666580515625 0.40028769375 0.4295745078125
2 0.2722185171875 0.18273431406250001 0.269801684375 0.1305384265625 0.22502166406250002 0.1416079703125 0.2255755 0.19149403125 0.2722185171875 0.18273431406250001
2 0.2685289359375 0.009026010937499999 0.24360038125 0.009896534375 0.24619391406250002 0.067197178125 0.2726582671875 0.0618187453125 0.2685289359375 0.009026010937499999
2 0.1931483234375 0.011658359375 0.1983863484375 0.076590109375 0.2365378203125 0.07377255 0.22460570937500002 0.0105598421875 0.1931483234375 0.011658359375
2 0.1258619390625 0.2971633546875 0.12049727031249999 0.24566295624999998 0.0866647671875 0.2468444140625 0.092195209375 0.30309191874999997 0.1258619390625 0.2971633546875
2 0.1086878 0.724338571875 0.07385501562499999 0.7309019671875 0.078217840625 0.7877843578125 0.11619454375 0.7873493500000001 0.1086878 0.724338571875
2 0.2196714734375 1 0.21391310156249999 0.9060285046875001 0.1793182125 0.9090173578125 0.183026503125 1 0.2196714734375 1
2 0.7510886984375 0.5878359515625 0.74342388125 0.4704678875 0.7275013203125 0.47399447656250004 0.7373547578124999 0.5859391031250001 0.7510886984375 0.5878359515625
2 0.5892156625 0.41109475937499995 0.5768358328125001 0.413903521875 0.58322748125 0.47784440625 0.5937367 0.477477415625 0.5892156625 0.41109475937499995
2 0.8975127593750001 0.3902288859375 0.8857721765625 0.41143279218749995 0.8989221562499999 0.48167290312500005 0.9131665984374999 0.481175475 0.8975127593750001 0.3902288859375
2 0.7764116546875 0.12175733124999999 0.74340053125 0.1294469 0.744161528125 0.18526528281250002 0.78959559375 0.1759567984375 0.7764116546875 0.12175733124999999
2 0.9767189203125 0.24190396249999999 0.9760275703125 0.205093165625 0.937467121875 0.20703383749999998 0.9394089734375 0.24558330156250002 0.9767189203125 0.24190396249999999
2 0.5052487234374999 0.1508338078125 0.5064090765625 0.184061990625 0.5429906015625 0.172686196875 0.5421118390624999 0.151327290625 0.5052487234374999 0.1508338078125
2 0.41249498281249997 0.1154540015625 0.3834319234375 0.11706457968749999 0.38704877031249996 0.15258499375 0.41817964218750003 0.14585225156249998 0.41249498281249997 0.1154540015625
2 0.05300705625 0.082855090625 0.0329929421875 0.08830689375 0.0371410140625 0.1220264203125 0.0601443515625 0.117064340625 0.05300705625 0.082855090625
2 0.3169570625 0.74914769375 0.32167371562499997 0.81611763125 0.3911298671875 0.8258714625 0.382717571875 0.7432866140625001 0.3169570625 0.74914769375