2 0.67140121875 0.5355323828125 0.628143675 0.5608272015625 0.6507359828125 0.59372485 0.6944950828125 0.5645209734375001 0.67140121875 0.5355323828125
2 1 0.311231346875 0.9785647046875001 0.296544309375 0.9353449109374999 0.356390053125 0.970842796875 0.3755205390625 1 0.32944878125 1 0.311231346875
2 0.8735972953125 0.1982312125 0.8533987234374999 0.151086703125 0.8078585374999999 0.17936331875 0.8384080109375001 0.22316434531249998 0.8735972953125 0.1982312125
2 0.34449330625 0.892060090625 0.287712515625 0.8982553484375 0.28962777968750003 0.932824790625 0.3444532828125 0.930038025 0.34449330625 0.892060090625
2 0.438338425 0.8986271015625 0.48461530937499997 0.8718584249999999 0.4631097390625 0.843104396875 0.42020228125000003 0.8710299578124999 0.438338425 0.8986271015625
2 0.4787199125 0.78316968125 0.46046549687500005 0.7486258796875 0.4315133203125 0.7706829234375 0.4533017109375 0.8026757953124999 0.4787199125 0.78316968125
2 0.346015753125 0.6213013000000001 0.3918418265625 0.5830757265625001 0.36898214375 0.5582495265625 0.326543965625 0.5957594109375 0.346015753125 0.6213013000000001
2 0.3996512171875 0.7446408265625 0.3802169734375 0.7153424375 0.3250759328125 0.7459648734375001 0.3442694328125 0.777378234375 0.3996512171875 0.7446408265625
2 0.047596465625 0.8111810265624999 0.06462591875 0.7599001703125 0.0179711109375 0.7293925 0.0000388171875 0.796061540625 0.047596465625 0.8111810265624999
2 0.343375553125 0.3535082375 0.3344101671875 0.348537321875 0.3155476578125 0.3759524015625 0.3259445546875 0.379218359375 0.343375553125 0.3535082375
2 0.284609065625 0.44756244843750004 0.25226924687499996 0.43203122031249996 0.2330386421875 0.4586915921875 0.268357140625 0.47807429375000005 0.284609065625 0.44756244843750004
2 0.33152833125000003 0.39338627187499997 0.3039300609375 0.373208065625 0.262026375 0.43287902031250003 0.2959276796875 0.45271568437500004 0.33152833125000003 0.39338627187499997
2 0.4796456046875 0.1894328015625 0.43296118593750005 0.1425879140625 0.3886274875 0.181955315625 0.438155946875 0.2260117109375 0.4796456046875 0.1894328015625
2 0.30141644218749997 0 0.29283732812499996 0.0095628421875 0.3245436828125 0.035865290625000004 0.35010938281250004 0 0.30141644218749997 0
2 0.09137744375 0.348373428125 0.05758228125 0.327945346875 0.0410024140625 0.3523786296875 0.07392888125 0.3725075953125 0.09137744375 0.348373428125
2 0.15781008125 0.1426680953125 0.12918825 0.130928921875 0.099879071875 0.170445984375 0.1338013234375 0.18495218125 0.15781008125 0.1426680953125
2 0.2289986578125 0.5452168859375 0.25286021718749996 0.525173125 0.22680691406250003 0.500503196875 0.20706995 0.5213392078125 0.2289986578125 0.5452168859375
2 0.5301554875 0.47873406875 0.502114290625 0.5036166359375 0.5149865046875 0.5319114609375 0.5479692515625 0.5140680843750001 0.5301554875 0.47873406875