2 0.2154976875 0.051834679687499996 0.0006632593749999999 0.2266097828125 0.013566675 0.2537473421875 0.23840936250000003 0.082530625 0.2154976875 0.051834679687499996
2 0.2264785453125 0.1169064859375 0.041390678125000004 0.26110189375 0.057621475 0.2812474578125 0.24117044375000002 0.1342499546875 0.2264785453125 0.1169064859375
2 0.5475824484375 0.196188153125 0.5499705765625 0.23754916406249998 0.6054276109375001 0.23612535 0.60109531875 0.1959696328125 0.5475824484375 0.196188153125
2 0.5611056125 0.277080553125 0.5669880359375 0.303077759375 0.6022043218750001 0.297557325 0.598430209375 0.2716916609375 0.5611056125 0.277080553125
2 0.610391771875 0.2692343484375 0.6108269171875 0.2947024015625 0.66033015625 0.28862416875 0.657000646875 0.2615074984375 0.610391771875 0.2692343484375
2 0.252740434375 0.19924785 0.1527112484375 0.276155346875 0.168799065625 0.2951236234375 0.2609397015625 0.22217733437499998 0.252740434375 0.19924785
2 0.17916912499999998 0.30162863125 0.1885659984375 0.314836578125 0.28115259843749996 0.240637540625 0.27094796250000003 0.22573572187500002 0.17916912499999998 0.30162863125
2 0.15499598125 0.3386111953125 0.1631232921875 0.331722503125 0.15078713906250002 0.3140897828125 0.136996453125 0.32356135625000004 0.15499598125 0.3386111953125
2 0.182002178125 0.319829975 0.1666485953125 0.301969540625 0.157353871875 0.309094453125 0.1728626203125 0.3233465828125 0.174131990625 0.3263895671875 0.182002178125 0.319829975
2 0.1397191875 0.3019008984375 0.1519359953125 0.294201528125 0.13937387031249998 0.2795876 0.12573679843750002 0.2854510578125 0.1397191875 0.3019008984375
2 0.7939902671875 0.5733149515625 0.8458980484374999 0.5380999359375 0.8376784625000001 0.5247490109374999 0.7825199578124999 0.5578491140625 0.7939902671875 0.5733149515625
2 0.7342697421875 0.4523318890625 0.8025865796874999 0.43870143749999996 0.7993814734375 0.422341975 0.7304202796875 0.435596590625 0.7342697421875 0.4523318890625