2 0.8159435203125 0.856052578125 0.8357827546875001 0.740454653125 0.8037660687500001 0.7369234703124999 0.7804909515625 0.8453259624999999 0.8159435203125 0.856052578125
2 0.8788935203125 0.618722871875 0.8404192234375 0.6109158390625 0.8212751421875 0.6866885828125 0.8574455437499999 0.69326615625 0.8788935203125 0.618722871875
2 0.62458105 0.48704257812499996 0.5885970781250001 0.4727389546875 0.5716593765625 0.524171496875 0.6072374218750001 0.5346033828125 0.62458105 0.48704257812499996
2 0.4296181953125 0.76666228125 0.397104371875 0.7577700468749999 0.37329243125 0.8287058984375 0.40867865468750003 0.836160546875 0.4296181953125 0.76666228125
2 0.3813362109375 0.9915281828125 0.38197245 0.9780973265625 0.3475392328125 0.9706577515625 0.3433926703125 0.988208553125 0.3813362109375 0.9915281828125
2 0.279629165625 0.7497732906250001 0.264867534375 0.7447602140625 0.2490979609375 0.7974023875 0.25960404531250003 0.8032335078124999 0.279629165625 0.7497732906250001
2 0.2324293015625 0.7994899234374999 0.2535848765625 0.7445632718749999 0.23580154531250003 0.742468215625 0.2194071734375 0.796884134375 0.2324293015625 0.7994899234374999
2 0.1386830046875 0.7253144015624999 0.10636272499999999 0.8073972125 0.1477119484375 0.82060524375 0.17242721249999998 0.731849628125 0.1386830046875 0.7253144015624999
2 0.015389959375000001 0.3022614796875 0.0549767359375 0.3141830984375 0.0656842171875 0.2792896546875 0.018414878125 0.26768650781250003 0.015389959375000001 0.3022614796875
2 0.12243440312500001 0.0228253953125 0.09048156093750001 0.0157260359375 0.0858056109375 0.04537394375 0.1176680484375 0.0551455703125 0.12243440312500001 0.0228253953125
2 0.03440395 0.0849305828125 0.0452828265625 0.0868824203125 0.053010087500000004 0.052530798437500005 0.03747545625 0.0498231078125 0.03440395 0.0849305828125
2 0.2795232828125 0.279454496875 0.2611359015625 0.2779443015625 0.2451484203125 0.3430705125 0.258682971875 0.345685246875 0.2795232828125 0.279454496875
2 0.301424559375 0.31789101875000003 0.2788903875 0.3157130359375 0.27352740625 0.35069976875000003 0.2941469203125 0.35522281875 0.301424559375 0.31789101875000003
2 0.5859625875 0.21523657031250001 0.5215166203125 0.19805921875000002 0.516934065625 0.22235637812500003 0.5812061015625 0.2398291796875 0.5859625875 0.21523657031250001
2 0.5828156421874999 0.19139833125 0.5349330390625 0.1780762609375 0.526257096875 0.19873580468750002 0.5772516734375001 0.21121986874999998 0.5828156421874999 0.19139833125
2 0.605285315625 0.16325025625 0.5468070875000001 0.1443924234375 0.538579540625 0.173384496875 0.5965248015625 0.1886652984375 0.605285315625 0.16325025625