2 0.7413640625 0.948640625 0.7070515625 0.947453125 0.7051796875 0.9842656249999999 0.7401765625000001 0.986640625 0.7413640625 0.948640625
2 0.9436359375000001 0.7776390625 0.9267625015625001 0.7746703125 0.9199093749999999 0.8572015625 0.9341437499999999 0.8601703125 0.9436359375000001 0.7776390625
2 0.9050796875 0.9539843749999999 0.8894015609375 0.9519062500000001 0.8855046874999999 0.997921875 0.9038921875 0.997921875 0.9050796875 0.9539843749999999
2 0.87660625 0.65473125 0.8956281265625 0.655325 0.8985546875000001 0.5917937484375 0.8801656234375 0.5876390625 0.87660625 0.65473125
2 0.9566859375 0.41960625 0.9730171875 0.4193093765625 0.9756671859375 0.3263859375 0.957871875 0.32876249999999996 0.9566859375 0.41960625
2 0.9768531265625 0.3798234390625 0.9934765625 0.37923125 0.9946484390625001 0.3293546859375 0.977446875 0.32876250156250003 0.9768531265625 0.3798234390625
2 0.7413640625 0.6464203125 0.7782125015625 0.6437484375 0.777546875 0.58348125 0.7467015625 0.5852624984375 0.7413640625 0.6464203125
2 0.584171875 0.3833859359375 0.5853578125000001 0.3424171859375 0.5147703124999999 0.3424171859375 0.5094328124999999 0.38041718750000003 0.584171875 0.3833859359375
2 0.631625 0.1482609359375 0.6652421875 0.14588593593750002 0.6672171859375 0.0948234375 0.631625 0.0977921875 0.631625 0.1482609359375
2 0.6411171875 0.048509375 0.63815 0.090665625 0.7034 0.087696875 0.705771875 0.048509375 0.6411171875 0.048509375
2 0.981673415625 0.6798393593750001 0.9572796890624999 0.6784828125 0.95166875 0.7185609359375 0.9767777375 0.71971145625 0.981673415625 0.6798393593750001
2 0.9181296874999999 0.3590421875 0.9418843750000001 0.3560734375 0.9400765609375 0.32816718749999996 0.9169421874999999 0.32757343906249997 0.9181296874999999 0.3590421875
2 0.9418562500000001 0.1999171875 0.9371109359375 0.2379171859375 0.978040625 0.2385109375 0.9821921874999999 0.2028859375 0.9418562500000001 0.1999171875
2 0.5088375 0.1975421859375 0.5433781265625 0.1966515625 0.544428125 0.14172968749999998 0.5094328124999999 0.1369781265625 0.5088375 0.1975421859375
2 0.2282671859375 0.3584484375 0.2631796875 0.36141718749999996 0.2697890640625 0.3097625 0.23835 0.3085734375 0.2282671859375 0.3584484375
2 0.0859046890625 0.3305421875 0.119965625 0.3329171875 0.1232734375 0.27294843750000003 0.0864984375 0.2747296859375 0.0859046890625 0.3305421875
2 0.055059375 0.3917 0.0479421875 0.44929375 0.0817515625 0.4498875 0.0882781265625 0.3917 0.055059375 0.3917
2 0.1891171875 0.470075 0.18401250156249999 0.5315281265625 0.2169968734375 0.53004375 0.2247078140625 0.47660625 0.1891171875 0.470075
2 0.2786859359375 0.7972328125 0.29698125000000003 0.7969359359375 0.30182031249999997 0.7218265609375 0.286990625 0.7194515609375001 0.2786859359375 0.7972328125
2 0.333259375 0.6802625 0.36814375 0.6829359375 0.3682546875 0.6386999999999999 0.33503906250000004 0.6416703125 0.333259375 0.6802625
2 0.1837781265625 0.8257328125000001 0.2009125 0.8254359375 0.2057265609375 0.70223125 0.190303125 0.7004515625 0.1837781265625 0.8257328125000001
2 0.1725078125 0.7010453125 0.17191562656249998 0.7289515640625 0.18614999999999998 0.7295453140625 0.1873375 0.6986703125 0.1725078125 0.7010453125
2 0.20869062500000002 0.070478125 0.2253 0.071665625 0.2187765625 0.032478125000000004 0.20394687500000003 0.0366343734375 0.20869062500000002 0.070478125
2 0.1879296875 0.0764171875 0.2045390625 0.07463437656250001 0.19564062499999998 0.035446875 0.1819984375 0.039009375 0.1879296875 0.0764171875
2 0.16716875 0.0793859375 0.1795640609375 0.07730624999999999 0.1736953125 0.043165625 0.1600515609375 0.046134375 0.16716875 0.0793859375
2 0.196828125 0.3584484375 0.2204828140625 0.3551828125 0.21936875156250002 0.2984796875 0.190303125 0.30560468749999997 0.196828125 0.3584484375
2 0.3854578140625 0.103134375 0.264959375 0.15122968750000002 0.2792796875 0.184478125 0.39732187343750003 0.137571875 0.3854578140625 0.103134375
2 0.536125 0.12332343750000001 0.5496046875 0.1254000015625 0.54858125 0.08947812499999999 0.5367171875000001 0.0918546890625 0.536125 0.12332343750000001
2 0.5058734375 0.131040625 0.518471875 0.13430625000000002 0.5248546875 0.0948234375 0.5070578125 0.091259375 0.5058734375 0.131040625
2 0.919315625 0.29729375 0.930321875 0.2972937515625 0.9347390624999999 0.2598859375 0.9216890640625 0.2581046890625 0.919315625 0.29729375
2 0.8955890625 0.2830421875 0.91253125 0.2830421875 0.90923125 0.2676046875 0.89618125 0.2664171875 0.8955890625 0.2830421875
2 0.8398312499999999 0.2741359375 0.8547109359375 0.2776984390625 0.8558453125 0.2586984375 0.8404234390624999 0.2586984390625 0.8398312499999999 0.2741359375
2 0.8107640625 0.2106046859375 0.8218000015625 0.2109015625 0.8250015609375 0.1957609375 0.8066125 0.1927921859375 0.8107640625 0.2106046859375
2 0.8344921859375001 0.2307921875 0.8440375 0.2304953109375 0.8427953125000001 0.21772968750000002 0.8350843749999999 0.2183234390625 0.8344921859375001 0.2307921875