2 0.837597928125 0.770176875 0.7896953734375 0.7789646140625 0.7901472203125001 0.814079375 0.8487234359375 0.8062509046875 0.837597928125 0.770176875
2 0.3152869203125 0.45952847031250005 0.26451541875 0.4729755 0.25739673750000003 0.507735815625 0.316686434375 0.4911377640625 0.3152869203125 0.45952847031250005
2 0.3797338515625 0.44511776718749996 0.3260597796875 0.45542077656249996 0.33589317812499997 0.48525448437499996 0.389250640625 0.4748402578125 0.3797338515625 0.44511776718749996
2 0.5970134328125 0.3746697953125 0.5597596796875 0.38237208125 0.561962315625 0.43233640781249993 0.60733930625 0.42468271562500004 0.5970134328125 0.3746697953125
2 0.7126106437499999 0.3719766875 0.6775801375 0.3823294390625 0.6853050265625 0.4254091953125 0.72432455 0.41936674218750003 0.7126106437499999 0.3719766875
2 0.7660063109374999 0.359915903125 0.728474153125 0.3658604125 0.7425276140625 0.41094199531250003 0.778893340625 0.407121734375 0.7660063109374999 0.359915903125
2 0.810636796875 0.34564122343750003 0.7707274609375 0.355564403125 0.778872075 0.40698747031250004 0.8255597625 0.394324884375 0.810636796875 0.34564122343750003
2 0.35388929375 0.3236923609375 0.2998127609375 0.335259834375 0.305857334375 0.3639249828125 0.3588704546875 0.3589376890625 0.35388929375 0.3236923609375
2 0.21810084999999999 0.3127686140625 0.21968213906249998 0.3341390390625 0.2703607578125 0.32010556874999996 0.265509846875 0.304660196875 0.21810084999999999 0.3127686140625
2 0.25679465 0.2724077234375 0.225034009375 0.2768369625 0.22485808437500002 0.29660156875 0.25960808125 0.286375509375 0.25679465 0.2724077234375
2 0.26526823125 0.2272243171875 0.21659371562500002 0.234933603125 0.2222987171875 0.2519759640625 0.27030490937499996 0.24384256875000002 0.26526823125 0.2272243171875
2 0.1547939921875 0.0497035328125 0.11408857343750001 0.058385971875 0.12447216406249999 0.1011822625 0.166727259375 0.0908875515625 0.1547939921875 0.0497035328125
2 0.6064124515625 0.7034947203125 0.5947204421875 0.6296742765625 0.469901615625 0.6500447874999999 0.4903902234375 0.7224719875 0.6064124515625 0.7034947203125