2 0.927411453125 0.742638075 0.947958421875 0.7485298234375 0.9617113578125001 0.7037987796875 0.9385524265624999 0.6951684890625 0.927411453125 0.742638075
2 0 0.7767285828125 0.022865903125 0.78662813125 0.024526424999999998 0.7862167734375001 0.0513864296875 0.7324013 0 0.7123755187499999 0 0.7767285828125
2 0.3017649390625 0.8221153390625 0.305210253125 0.8014780421875001 0.247326684375 0.7620830093750001 0.23860231562499998 0.7774354765625 0.3017649390625 0.8221153390625
2 0.252680925 0.7283375328125 0.23839747500000003 0.7372163046875 0.333179865625 0.7922601125 0.343481434375 0.7821777875 0.252680925 0.7283375328125
2 0.2733458203125 0.6971926765625 0.266727040625 0.7095046109375 0.3571189140625 0.766935384375 0.36341080625 0.7557634453125 0.2733458203125 0.6971926765625
2 0.44008781093750005 0.0295359859375 0.390732034375 0.11979862187500001 0.44255618593749996 0.142628628125 0.48916661406250006 0.04793285 0.44008781093750005 0.0295359859375
2 0.5821824531249999 0.0919045671875 0.5783331 0.107482959375 0.6246148625 0.1216382953125 0.628660684375 0.10214359531249999 0.5821824531249999 0.0919045671875
2 0.5961676437500001 0.0539029125 0.5893013140625001 0.069232253125 0.633458234375 0.0843354984375 0.64036330625 0.06348580000000001 0.5961676437500001 0.0539029125
2 0.5478358265625001 0.0221248296875 0.5417858625 0.0346014984375 0.5728120765625 0.0502665671875 0.5787360515625 0.0328383609375 0.5478358265625001 0.0221248296875
2 0.49410413750000004 0.00486448125 0.489362765625 0.017097078125 0.529765078125 0.032363940625 0.54008876875 0.021138753125 0.49410413750000004 0.00486448125
2 0.6144167281249999 0.013955873437499999 0.6138877359375 0.0330334734375 0.65722789375 0.046676914062500005 0.663501153125 0.02803060625 0.6144167281249999 0.013955873437499999
2 0.755943303125 0.771936584375 0.7578044875 0.784827078125 0.802089415625 0.8016380109375 0.8080395140625001 0.7905809984375 0.755943303125 0.771936584375