2 0.972266846875 0.41612529374999996 0.9803030406250001 0.3778081546875 0.9094336921874999 0.36987648906250004 0.8999215968750001 0.40374232968749996 0.972266846875 0.41612529374999996
2 0.8735581671875 0.48286792968750003 0.8041328265625 0.4797988390625 0.7971156500000001 0.5120551046874999 0.8643084812499999 0.521515284375 0.8735581671875 0.48286792968750003
2 0.405638003125 0.0925908375 0.41351531562500005 0.0565682046875 0.3744217171875 0.053834514062500005 0.37197740625 0.0887897828125 0.405638003125 0.0925908375
2 0.24847461875 0.1611227375 0.19753650312499998 0.15756079843749998 0.1910165578125 0.18270630625 0.2442824703125 0.187026221875 0.24847461875 0.1611227375
2 0.18786681562500002 0.0532587640625 0.1906049890625 0.0183569375 0.1563757390625 0.014176228125 0.1468221171875 0.04863593125 0.18786681562500002 0.0532587640625
2 0.414711521875 0.47356117343750004 0.4247422078125 0.4407684953125 0.40705448281249995 0.4383396859375 0.39826050468749996 0.470470140625 0.414711521875 0.47356117343750004
2 0.390661096875 0.472772203125 0.3985981203125 0.4401291578125 0.3751943390625 0.43432620625 0.3712231828125 0.4656035078125 0.390661096875 0.472772203125
2 0.0698826375 0.08071893125 0.071665659375 0.059454009375000005 0.031471846875 0.055452984375 0.029749345312499998 0.074978828125 0.0698826375 0.08071893125
2 0.0516210421875 0.0481939625 0.0533915765625 0.0313859 0.0385425671875 0.030942756249999998 0.031903621874999996 0.044171246875 0.0516210421875 0.0481939625
2 0.053437599999999995 0.00519249375 0.039773196875 0.0048321843750000005 0.036877675 0.0207048046875 0.055156253125 0.0231733671875 0.053437599999999995 0.00519249375
2 0.5332190203125 0.0470764421875 0.5165347328125 0.064367225 0.5317811906250001 0.076150090625 0.5431761640625 0.0578942453125 0.5332190203125 0.0470764421875
2 0.507367884375 0.10182997187500001 0.516137246875 0.1083544625 0.5324396015625 0.0922696625 0.5206641296875001 0.081919909375 0.507367884375 0.10182997187500001
2 0.456743025 0.19592934374999998 0.45607676875000003 0.21396900156249998 0.490363240625 0.2173313953125 0.48835455312500003 0.20349820468750002 0.456743025 0.19592934374999998
2 0.3637211359375 0.4281655578125 0.3364767265625 0.426260440625 0.32604087656249997 0.464824853125 0.3540862375 0.4638099765625 0.3637211359375 0.4281655578125