2 0.6669494578124999 0.5498694234375 0.6547552046875 0.4775125453125 0.6194692609375 0.47462317968749995 0.6281972046875001 0.548412846875 0.6669494578124999 0.5498694234375
2 0.56653821875 0.5765324578125 0.5578407984375 0.5116686546875 0.5206029359375 0.514867778125 0.5329753140625 0.5812602046875 0.56653821875 0.5765324578125
2 0.586703765625 0.66083269375 0.6210246453125 0.6584327453125 0.59999656875 0.5685399890625 0.560455853125 0.5745785453125001 0.586703765625 0.66083269375
2 0.4505278921875 0.9923597390625 0.48404937812500004 0.9870396875 0.476595596875 0.93339771875 0.4401255046875 0.93713835625 0.4505278921875 0.9923597390625
2 0.34900520468749996 0.9691037031249999 0.3875793328125 0.976524734375 0.393247340625 0.9401187953125 0.3548874234375 0.9341707843749999 0.34900520468749996 0.9691037031249999
2 0.27541301093750004 0.6820050640625 0.343113053125 0.6552486203125001 0.337800728125 0.6190153015625001 0.263305653125 0.636426103125 0.27541301093750004 0.6820050640625
2 0.240549725 0.41303023281250006 0.2952371734375 0.4127773125 0.29537303125 0.3693166546875 0.24234269843749998 0.3706440984375 0.240549725 0.41303023281250006
2 0.5065565390625 0.2884820796875 0.5388826328125 0.291579984375 0.540643503125 0.2298520984375 0.5114680765624999 0.22266664375 0.5065565390625 0.2884820796875
2 0.5627518859375 0.386331696875 0.6002382546875 0.38668639374999997 0.599158234375 0.3525379234375 0.5637762078125 0.34995444375 0.5627518859375 0.386331696875
2 0.7084020140625 0.25829727187499996 0.7483678406250001 0.26859698593750003 0.7637071703125 0.15532917968749999 0.7264323265625 0.15049569062499998 0.7084020140625 0.25829727187499996
2 0.804451375 0 0.799985171875 0.0203588359375 0.8579084937499999 0.0323788390625 0.8618319421875 0 0.804451375 0
2 0.47731970312499994 0.1935089390625 0.5130181578124999 0.20231989062500003 0.5159829046875 0.1449733875 0.47726694218750004 0.141728671875 0.47731970312499994 0.1935089390625
2 0.523783059375 0.092647125 0.5602089671875 0.094860009375 0.560244259375 0.038313553125 0.525930721875 0.0383321890625 0.523783059375 0.092647125
2 0.6054876296875 0.2321625546875 0.6423293828125 0.24029992500000003 0.6468958437500001 0.20635181406249997 0.6096359140625001 0.197946084375 0.6054876296875 0.2321625546875
2 0.6299566640625 0.11438753593749999 0.661056515625 0.1169728546875 0.6567265843750001 0.06638604375 0.6220874937499999 0.061368246875 0.6299566640625 0.11438753593749999
2 0.36946802343749996 0.6069801125 0.387221546875 0.6057386640625 0.3700003890625 0.529565334375 0.3566399390625 0.5340707874999999 0.36946802343749996 0.6069801125
2 0.7687729890624999 0.80702110625 0.8228571312499999 0.8151416062499999 0.8260183124999999 0.7786133625 0.7705964859375001 0.7735608359375 0.7687729890624999 0.80702110625
2 0.8054024625 0.6080422000000001 0.8370134484375 0.6094029437499999 0.8391111515624999 0.5705682640624999 0.802242140625 0.57135923125 0.8054024625 0.6080422000000001
2 1 0.4903189796875 0.9517011578125001 0.4978168515625 0.9595122890625 0.5329826375 1 0.5183636390624999 1 0.4903189796875
2 0.7048681625000001 0.3353251671875 0.7403198875 0.34058530625 0.7452961890625 0.31285656875 0.710105875 0.3081764828125 0.7048681625000001 0.3353251671875
2 0.10545210625000001 0.22427405312499998 0.1210450625 0.2261596859375 0.11847683906249999 0.1986609140625 0.10752421875 0.1943691625 0.10545210625000001 0.22427405312499998
2 0.10181890625000001 0.2828576984375 0.1012620625 0.1983782546875 0.0860020078125 0.201230940625 0.084837371875 0.27809316562499997 0.10181890625000001 0.2828576984375
2 0.0276257609375 0.743972028125 0.051418671875 0.744092296875 0.045134939062500004 0.7055476734374999 0.022897284375 0.7103762812500001 0.0276257609375 0.743972028125
2 0.5432007109375 0.8210074921875 0.541655453125 0.7479059625 0.5262695875000001 0.7489818453125 0.531322571875 0.8212428921875 0.5432007109375 0.8210074921875
2 0.5246722187499999 0.9982457796875 0.5400580859375 0.9971698953124999 0.5363686953125 0.9720723671875 0.523926753125 0.97056159375 0.5246722187499999 0.9982457796875
2 0.5807386250000001 0.9326625265624999 0.589685428125 0.882040115625 0.551412009375 0.870430090625 0.5401803859375 0.922402671875 0.5807386250000001 0.9326625265624999
2 0.676747740625 0.9876116234375001 0.6826754921875 0.9618416 0.667633421875 0.95932224375 0.6595880796875 0.98881154375 0.676747740625 0.9876116234375001
2 0.6920243625 0.9849958593749999 0.7081086609375 0.9854186546875001 0.7133880078125 0.9659435703125 0.6995343328125 0.9648291140625 0.6920243625 0.9849958593749999
2 0.9466778453125 0.7916047890625 0.9636178531249999 0.7957754593749999 0.9625542218750001 0.716390653125 0.94682499375 0.717192946875 0.9466778453125 0.7916047890625
2 0.9217415265625 0.7921565390625 0.9362741281250001 0.7959019203125 0.9334666265625 0.759493446875 0.9173443921875 0.7632992234375 0.9217415265625 0.7921565390625
2 0.51614753125 0.408638553125 0.5141827109375 0.3635391890625 0.4309270734375 0.36340899375 0.4300974953125 0.41108299375 0.51614753125 0.408638553125