2 0.6239203125 0.1077671875 0.6583671859375 0.100640625 0.6553984374999999 0.029390624999999997 0.6166140640625 0.034734375 0.6239203125 0.1077671875
2 0.50395 0.135078125 0.5086999999999999 0.20276718749999997 0.5413671875 0.1980171875 0.5431484375 0.128546875 0.50395 0.135078125
2 0.9012781249999999 0.6563953140625001 0.9363187500000001 0.6563953125 0.9363187500000001 0.61720625 0.899834375 0.6225515625 0.9012781249999999 0.6563953140625001
2 0.7943734375 0.7769265609375 0.7949671859375 0.8303640640625 0.8205062515625 0.8256140640625 0.82050625 0.7745515609375 0.7943734375 0.7769265609375
2 0.9256281265625 0.883803125 0.9606703124999999 0.8766765624999999 0.9588874984375 0.8422390625 0.9238796875 0.8425359359375 0.9256281265625 0.883803125
2 0.5223609375 0.6035515625000001 0.5550265624999999 0.5970203125 0.5538375 0.57920625 0.520425 0.586925 0.5223609375 0.6035515625000001
2 0.5253296890625 0.6308625015625 0.5568078140625 0.6290828125 0.5526515625 0.60533125 0.519534375 0.6109718749999999 0.5253296890625 0.6308625015625
2 0.909830003125 0.9660544390625001 0.90959375 0.958021875 0.8882562500000001 0.9583171875 0.8889484578125 0.9678813375 0.909830003125 0.9660544390625001
2 0.9440406234375001 0.48776875000000003 0.9250343750000001 0.4978625 0.935725 0.5138937515625 0.9541375015625 0.49845625 0.9440406234375001 0.48776875000000003
2 0.918503125 0.50855 0.909 0.49608125000000003 0.8918171875 0.5112218734375 0.8977140625000001 0.520425 0.918503125 0.50855
2 0.7949671875 0.5323 0.7813078124999999 0.52933125 0.7822703125 0.5637687515625001 0.8003125000000001 0.5643625 0.7949671875 0.5323
2 0.5259234375 0.6480828140625 0.5229546875 0.6759890640624999 0.5621531265625 0.66826875 0.562153125 0.6409578140625001 0.5259234375 0.6480828140625