2 0.891826609375 0.9179972203125001 0.9205076812499999 0.893742971875 0.869156621875 0.8245661375 0.839409128125 0.8417113515624999 0.891826609375 0.9179972203125001
2 1 0.8716519953124999 0.9891675078125 0.8456295546874999 0.9490156937500001 0.8593948953125 0.9787242031250001 0.8939129187500001 1 0.8747803781249999 1 0.8716519953124999
2 0.8219506890625 0.3859450640625 0.872789909375 0.37199160937500003 0.86381204375 0.314248875 0.8078388656250001 0.3262119390625 0.8219506890625 0.3859450640625
2 0.541611296875 0.864130803125 0.60582805625 0.833911715625 0.58809131875 0.797403203125 0.5231942421875 0.8300095296875 0.541611296875 0.864130803125
2 0.626397971875 0.6850909921875 0.5977109828125 0.641053690625 0.549879946875 0.6573299984375 0.582275528125 0.70961633125 0.626397971875 0.6850909921875
2 0.3165253765625 0.6964382421875001 0.34912387968749997 0.6923077531249999 0.33689201875 0.6441232640625 0.30200803125000003 0.64740445 0.3165253765625 0.6964382421875001
2 0.18302460625 0.2967369625 0.24856652031249998 0.27421466875 0.2313528828125 0.21127112656249997 0.1581424765625 0.23244267343749997 0.18302460625 0.2967369625
2 0.5128468046875 0 0.537529271875 0.0518236390625 0.5876728 0.031945485937500004 0.572286521875 0 0.5128468046875 0
2 0.7330324734375 0.1582731625 0.786280546875 0.14605918281250002 0.7809212734375001 0.10725618125 0.7263793125 0.1174143046875 0.7330324734375 0.1582731625
2 0.7646552296875 0.23432660312500003 0.780730175 0.2364213765625 0.76785478125 0.17518363125 0.7558982953125 0.1750954109375 0.7646552296875 0.23432660312500003
2 0.18437057968749998 0.1696316140625 0.21634430937500002 0.163728946875 0.19813400625 0.09427055625 0.164166753125 0.10109878125 0.18437057968749998 0.1696316140625
2 0.06924489218749999 0.1419475546875 0.10700137031250001 0.1270379046875 0.0906169703125 0.073282853125 0.0485701921875 0.080549028125 0.06924489218749999 0.1419475546875
2 0.359519125 0.052258535937499996 0.33768156718750003 0.0027571156249999998 0.2990827609375 0.003430859375 0.3263239859375 0.066793209375 0.359519125 0.052258535937499996
2 0.3986882484375 0.8434657578125 0.43237042031249995 0.8333763859375001 0.42333368125000004 0.799388296875 0.38734642343750003 0.8062517828125 0.3986882484375 0.8434657578125
2 0.439862959375 0.9223232328125001 0.4816626046875 0.9008092015625 0.46096447031250004 0.8628677796875 0.41665518125 0.8859102171875 0.439862959375 0.9223232328125001
2 0.432919128125 1 0.43765276562500005 0.9999173734375001 0.42981785468749995 0.966739684375 0.3806322484375 0.966113621875 0.39462430937500004 1 0.432919128125 1
2 0.48269448906249995 0.8918835828124999 0.516231559375 0.8734814156249999 0.5082430015625 0.8581810046875 0.4710802375 0.8730834156249999 0.48269448906249995 0.8918835828124999
2 0.8076057859375 0.9934598203125 0.843230078125 0.9924816906249999 0.8025926765625 0.9444961031249999 0.7744311625 0.9645844 0.8076057859375 0.9934598203125
2 0.710594234375 0.3700735859375 0.7431201453125 0.36178435625 0.7355475234375 0.3363813953125 0.702376140625 0.3417126921875 0.710594234375 0.3700735859375