2 0.9820615374999999 0.754704584375 0.7542649515625001 0.921971178125 0.77663741875 0.9530623125 0.9944893718750001 0.7820632062499999 0.9820615374999999 0.754704584375
2 0.9384933906249999 0.7264397953125 0.7524069171875001 0.8702115375 0.7667938921874999 0.8878087750000001 0.9543701265625 0.7468655562500001 0.9384933906249999 0.7264397953125
2 0.3899831984375 0.7619944953125 0.3936140171875 0.8022197046875 0.4471225515625 0.8029351468750001 0.44545663593749996 0.7615387578124999 0.3899831984375 0.7619944953125
2 0.3942781328125 0.70062813125 0.3976002515625 0.726555721875 0.4350132140625 0.7218190546875001 0.4295854 0.6957231453125 0.3942781328125 0.70062813125
2 0.336005246875 0.7085454906249999 0.338860996875 0.7357161390625 0.385597625 0.728803903125 0.385607025 0.703332134375 0.336005246875 0.7085454906249999
2 0.82757490625 0.7106254265625 0.7341752140625 0.7819525281249999 0.7419730578125 0.80502161875 0.8433292296875001 0.729871584375 0.82757490625 0.7106254265625
2 0.714287571875 0.7631423703125 0.7242305796874999 0.778220015625 0.817319953125 0.7039404265625 0.808155021875 0.69057049375 0.714287571875 0.7631423703125
2 0.8459150937500001 0.6919765078125 0.8598689796875 0.68274705625 0.8421348500000001 0.6673853750000001 0.833888553125 0.6741311765625 0.8459150937500001 0.6919765078125
2 0.8240045281249999 0.6823358453124999 0.822788459375 0.679271171875 0.8148049890625 0.6856924109375 0.8298445265625001 0.7038180828125 0.8392621796874999 0.6968564703125 0.8240045281249999 0.6823358453124999
2 0.8567244765625001 0.726672625 0.8704618046875 0.7210480593749999 0.856768634375 0.7043566984375 0.8444193140625 0.7118416828125 0.8567244765625001 0.726672625
2 0.16280489843749998 0.46936145781249994 0.21853267812500002 0.43722904375000005 0.20733403125 0.42156537656250004 0.15481956875 0.4558691125 0.16280489843749998 0.46936145781249994
2 0.1993088046875 0.5724212703125 0.2684908203125 0.5603722125 0.2649340140625 0.5435722796875 0.1963896984375 0.5560083625 0.1993088046875 0.5724212703125