2 0.8508103406249999 0.3842722578125 0.8743848078124999 0.40777101406250005 0.900679471875 0.37970437968750004 0.87123764375 0.3585688671875 0.8508103406249999 0.3842722578125
2 0.9256422531249999 0.4622723515625 0.9546647421875001 0.49160720781249995 0.9782849171875 0.4668779890625 0.9510989999999999 0.43698859062500006 0.9256422531249999 0.4622723515625
2 0.8813959921875 0.600115571875 0.9124013671875 0.6272414015625001 0.942016875 0.5952978828125 0.9062529796875 0.5714683 0.8813959921875 0.600115571875
2 0.8569227890625 0.580112725 0.8739148953125 0.5970801234375 0.89646060625 0.5607882609375 0.8706427359375001 0.5527308609375 0.8569227890625 0.580112725
2 0.7193138375 0.4430304875 0.8221982703125 0.5342022046875 0.8399687890624999 0.50137923125 0.7391038 0.414393196875 0.7193138375 0.4430304875
2 0.8006324156250001 0.5626825531249999 0.7546860859375 0.5360376140625001 0.7349996203125 0.5634919234375 0.7823343703125001 0.5981289109375 0.8006324156250001 0.5626825531249999
2 0.6380561250000001 0.58835296875 0.6793751765625 0.6134057453125 0.697313140625 0.5889055984375 0.6531656390625 0.5587133109375 0.6380561250000001 0.58835296875
2 0.785136371875 0.8828660062499999 0.776254934375 0.8481488890625 0.7375190671875 0.8548828359374999 0.7498061484375 0.8881600437499999 0.785136371875 0.8828660062499999
2 0.581196671875 0.0051938703125 0.6146687265625 0.0313575859375 0.635509221875 0.0111501859375 0.581196671875 0.0051938703125
2 0.5059071796875 0.7840065125 0.5053096734375 0.7976485359375001 0.5585453859375 0.802306059375 0.5599705578124999 0.7894046125 0.5059071796875 0.7840065125
2 0.6051149125 0.63787195 0.604018671875 0.6776700375 0.64418841875 0.681778884375 0.642011678125 0.638533984375 0.6051149125 0.63787195