2 0.6735919171875 0.264747896875 0.6346990390625 0.2691028875 0.6570452109375 0.3425109515625 0.689210571875 0.32539501875 0.6735919171875 0.264747896875
2 0.8647322296875 0.2338715140625 0.8116078390625001 0.2473953734375 0.8294678859375001 0.2959650453125 0.8749093 0.2791494140625 0.8647322296875 0.2338715140625
2 0.9634845500000001 0.238070253125 0.95614655 0.191739953125 0.9127012578125001 0.20643597656249998 0.9265842765625001 0.252329215625 0.9634845500000001 0.238070253125
2 0.9438843390624999 0.8399227671875 0.9078948953125 0.798734725 0.8964762578125001 0.810161678125 0.9296235421875 0.8524026062500001 0.9438843390624999 0.8399227671875
2 0.929130775 0.7809420828125 0.9187774171875001 0.7931020375 0.9542869656249999 0.8334675265625 0.9653975687499999 0.8238912328125 0.929130775 0.7809420828125
2 0.9555891953125 0.9328119062500001 0.98535528125 0.928097421875 0.9861811859375 0.904446584375 0.958006196875 0.868346375 0.9335646828125 0.896263578125 0.9555891953125 0.9328119062500001
2 0.936866328125 0.935777315625 0.9139923812499999 0.9017665484374999 0.8840512421875 0.921539121875 0.9016212890625 0.9413595828125001 0.936866328125 0.935777315625
2 0.1452341109375 0.987916075 0.14376711874999998 0.9173560703125 0.0593222828125 0.9138970046875 0.07063314062500001 0.9853109515625 0.1452341109375 0.987916075
2 0.0787644015625 0.6853844046875001 0.0389543171875 0.698001790625 0.049586609375 0.755532771875 0.08536479218750001 0.73844419375 0.0787644015625 0.6853844046875001
2 0.143092496875 0.85614391875 0.106630896875 0.8577108109375 0.1085257046875 0.8922774718750001 0.1426762078125 0.8952862609375 0.143092496875 0.85614391875
2 0.202637296875 0.89420389375 0.20555645625 0.8594775078125 0.16276289375 0.862646853125 0.1656518796875 0.9036702953125 0.202637296875 0.89420389375
2 0.19663309375 0.22606886875 0.18212738125 0.22987080624999998 0.1878484765625 0.2617274140625 0.1999203828125 0.25440505 0.19663309375 0.22606886875
2 0.21290166250000003 0.2186845515625 0.2035615828125 0.22286905625000003 0.20990623125000002 0.2870890640625 0.22487810625 0.2829143 0.21290166250000003 0.2186845515625
2 0.24550801875 0.2916698640625 0.23130238125 0.21336555937499999 0.22135895625000002 0.2113335375 0.23247968437500002 0.29673910625 0.24550801875 0.2916698640625
2 0.25300683125 0.20992791406250003 0.2400893265625 0.21437844843749998 0.2506017546875 0.28966079375 0.266132471875 0.289004421875 0.25300683125 0.20992791406250003
2 0.28483943906250003 0.281833471875 0.2770279015625 0.20973025625 0.2610036265625 0.2110659484375 0.27128449374999997 0.2797723078125 0.28483943906250003 0.281833471875
2 0.1476215609375 0.1292312296875 0.1772972859375 0.1025890375 0.14759736406249999 0.0721257 0.12028193437500001 0.093284271875 0.1476215609375 0.1292312296875