2 0.9404107500000001 0.2670172234375 0.9145358187499999 0.253699653125 0.8954754421875 0.2908317671875 0.9207195968749999 0.3027674734375 0.9404107500000001 0.2670172234375
2 0.8381065609375 0.587413896875 0.8155039093750001 0.6322828078125 0.8608713609375 0.6602745718749999 0.8797948421875 0.609512128125 0.8381065609375 0.587413896875
2 0.7921601859375 0.5595467843749999 0.765408265625 0.55066313125 0.7459462296875 0.5884908265625 0.776221128125 0.6072452140625 0.7921601859375 0.5595467843749999
2 0.5985280671875 0.5472856687500001 0.627725009375 0.5562566328125 0.6363276828125 0.5134529875 0.606699875 0.511555871875 0.5985280671875 0.5472856687500001
2 0.97398769375 0.367928846875 0.946569865625 0.361616390625 0.9402368437499999 0.38602907656249996 0.9697533890625 0.40069714687499997 0.97398769375 0.367928846875
2 0.1472223078125 0.46110924999999997 0.13992716562500002 0.4924036015625 0.1686664546875 0.5020772625000001 0.174639196875 0.4677254125 0.1472223078125 0.46110924999999997
2 0.2080331734375 0.4390782796875 0.197503334375 0.47227421875 0.22557639062499998 0.4845175484375 0.234064 0.44780850625 0.2080331734375 0.4390782796875
2 0.2514385078125 0.7916345671875 0.2742272515625 0.790432759375 0.278620940625 0.7515604296875 0.2763995203125 0.7493010421874999 0.2544004546875 0.7485139546874999 0.2514385078125 0.7916345671875
2 0.49266960937500004 0.8338411796875 0.4910526578125 0.8633215796875 0.526397325 0.861271971875 0.5293246890625001 0.8357621375000001 0.49266960937500004 0.8338411796875
2 0.5830721734375001 0.805518703125 0.5744555703125 0.8334518515625 0.5979724703125 0.8442355640624999 0.605935371875 0.8103712156249999 0.5830721734375001 0.805518703125
2 0.09594265625000001 0.16849851875 0.080955775 0.1607578109375 0.0668834234375 0.21747138437500002 0.078461028125 0.2232035890625 0.09594265625000001 0.16849851875
2 0.029809087499999998 0.14552774375 0.0229226046875 0.181592946875 0.0333165390625 0.184845184375 0.044882953125 0.1508219 0.029809087499999998 0.14552774375
2 0.7850607359375 0.854245528125 0.755159896875 0.8448187671875 0.7432718078125 0.87162465 0.773875340625 0.881509065625 0.7850607359375 0.854245528125
2 0.591480259375 0.8935712859375 0.5784184140625 0.9291264640625 0.6106392984375 0.9380600843750001 0.6183916125 0.8996878875000001 0.591480259375 0.8935712859375