2 0.7513516921875001 0.5770924484375 0.781966234375 0.6191161671875001 0.9407340359375 0.5130752984375 0.9120442875 0.4754339234375 0.7513516921875001 0.5770924484375
2 0.8671946984375 0.20305589375 0.8920823562500001 0.2389447609375 0.9688175375 0.1852369390625 0.9372162796874999 0.1544559453125 0.8671946984375 0.20305589375
2 0.78025 0.0557896703125 0.8018464359375 0.08384796718750001 0.8311571750000001 0.0611289328125 0.8089989781250001 0.032144217187500004 0.78025 0.0557896703125
2 0.5246706265625 0.024904390625 0.47045136249999997 0.0633715359375 0.49746904843750006 0.09781041875 0.5510142234375001 0.0531268984375 0.5246706265625 0.024904390625
2 0.4733126078125 0.270614825 0.506115934375 0.318057296875 0.5518000421875 0.2858210734375 0.5183764765625 0.239171503125 0.4733126078125 0.270614825
2 0.3699526984375 0.23614286718750002 0.395026740625 0.2666943625 0.42658675781250005 0.24761698281250002 0.398898340625 0.21541699374999998 0.3699526984375 0.23614286718750002
2 0.18257892656250002 0.089523675 0.2065505328125 0.1176633515625 0.23944221250000003 0.09447838125 0.21255817656249998 0.0647188875 0.18257892656250002 0.089523675
2 0.6318117390625 0.019149428125 0.5884189890625 0.0027828875 0.56488308125 0.013250685937500001 0.5973043859375 0.046113128125 0.6318117390625 0.019149428125
2 0.9673325203124999 0.6701039171875001 0.9386223093750001 0.62458671875 0.9021479593749999 0.6482422531250001 0.929205603125 0.6985500109375 0.9673325203124999 0.6701039171875001
2 0.7435609125 0.8172043234374999 0.7983870015625001 0.8974650562500001 0.9128864328124999 0.8341584015624999 0.848970440625 0.741943465625 0.7435609125 0.8172043234374999
2 0.7613486859374999 0.85224958125 0.7297472265625 0.8725137374999999 0.7535930484375 0.9042105671874999 0.7870160609375 0.8828233593749999 0.7613486859374999 0.85224958125
2 0.9675122546875 1 0.9481567796875 0.9810412968750001 0.9219170984374999 1 0.9675122546875 1
2 0.9487440140625001 0.7430543140625 0.98987829375 0.7985752640625 0.9925513234375 0.7220297359375001 0.9875902999999999 0.719483171875 0.9487440140625001 0.7430543140625
2 0.5648812609375 0.5747364125 0.5864363625 0.6039783640625 0.629155034375 0.57164015 0.6147206484375001 0.542645296875 0.5648812609375 0.5747364125
2 0.492598525 0.50098760625 0.5129667953125 0.5301896765625 0.5585474031250001 0.500917271875 0.5416147375 0.46694938593749996 0.492598525 0.50098760625
2 0.6525797796874999 0.683447646875 0.6019208468749999 0.7220391203125 0.6227583390625 0.7548175578125 0.6794339328125 0.7140628671875 0.6525797796874999 0.683447646875
2 0.670283209375 1 0.7129250109374999 0.979949909375 0.6891205765625 0.9470678671874999 0.6340726859375 0.9837440656249999 0.65451535625 1 0.670283209375 1
2 0.57149419375 1 0.52626845 0.9318845359375001 0.47625733124999997 0.9604315640625 0.498434225 0.9973874125 0.5444853515625 1 0.57149419375 1
2 0.2810527765625 0.8764319140625 0.31862236875 0.923446715625 0.360642703125 0.89404841875 0.326184590625 0.8430429015625001 0.2810527765625 0.8764319140625
2 0.524302790625 0.6819371125 0.48838205781250005 0.7067970781249999 0.5217330421875 0.75552506875 0.5600094421875 0.7312601765625 0.524302790625 0.6819371125
2 0.20819731875 0.8020705593749999 0.1650454359375 0.846859053125 0.1956048609375 0.8734480078125 0.238777465625 0.8280661265625 0.20819731875 0.8020705593749999
2 0.1775901140625 0.6407447328125 0.14690470625000002 0.6687580796875 0.1835359640625 0.7086170234375 0.22041748593750002 0.6818081515625 0.1775901140625 0.6407447328125
2 0.25859497343750004 0.49875088749999996 0.23108532343750002 0.469893546875 0.18938926875 0.5070188046874999 0.2139065671875 0.53650021875 0.25859497343750004 0.49875088749999996
2 0.288844046875 0.483187709375 0.3623223515625 0.4376790296875 0.3194107015625 0.39047768125000004 0.25481400781249997 0.4368921890625 0.288844046875 0.483187709375
2 0.3580841484375 0.49094794375 0.3890316171875 0.472443284375 0.3657791828125 0.4407671796875 0.33644783125 0.46407647812499997 0.3580841484375 0.49094794375
2 0.40976560937500006 0.5081855390625 0.382067921875 0.53570754375 0.4237842953125 0.6000791999999999 0.4589476453125 0.579939428125 0.40976560937500006 0.5081855390625
2 0.427670465625 0.607930546875 0.395641228125 0.6234315593749999 0.41842444062500006 0.6515313 0.4444576859375 0.6376016734375 0.427670465625 0.607930546875
2 0.232574128125 0.9376538906249999 0.26358205468749996 0.9684126015625001 0.307204665625 0.9272020921875 0.283151790625 0.9014344624999999 0.232574128125 0.9376538906249999
2 0.295776846875 0.9481707281249999 0.2373210890625 0.988863253125 0.30137136249999996 0.9921224359374999 0.324536946875 0.9752909624999999 0.295776846875 0.9481707281249999
2 0.1122898 0.1458299203125 0.0696968546875 0.17461254531249998 0.07744691406250001 0.1909085703125 0.12486979843749998 0.159919728125 0.1122898 0.1458299203125
2 0.7087173015625 0.607061846875 0.7372276015625 0.5902512890625 0.7170456062499999 0.555714971875 0.6864239265625 0.5819482093749999 0.7087173015625 0.607061846875
2 0.6619965921875 0.6689377609375 0.6167750046875 0.6198765390625 0.5700571140624999 0.6477349546875 0.611013378125 0.6998022749999999 0.6619965921875 0.6689377609375
2 0.627139284375 0.9015739125 0.64625710625 0.9325130859374999 0.6758936328125 0.91752263125 0.650900859375 0.8845990890625 0.627139284375 0.9015739125