2 0.15381394375 0.5919156203125 0.27116423749999996 0.6060855390625 0.2768959796875 0.56028670625 0.15240069375 0.548529946875 0.15381394375 0.5919156203125
2 0.397152040625 0.7530093812499999 0.435872065625 0.753197925 0.4421626625 0.7025820546875 0.40875615468750004 0.6998425734375 0.397152040625 0.7530093812499999
2 0.5237027624999999 0.729421246875 0.5614188625 0.7249294796875 0.550756540625 0.6847370703125 0.515480271875 0.694975559375 0.5237027624999999 0.729421246875
2 0.8872025484374999 0.834703284375 0.9028493140625 0.8774397031250001 0.9371792093750001 0.8610273890625001 0.9207504125 0.8234255421875 0.8872025484374999 0.834703284375
2 0.33103858750000004 0.2831680328125 0.3258926796875 0.312823125 0.357861028125 0.324330690625 0.3630692515625 0.2899020015625 0.33103858750000004 0.2831680328125
2 0.1086325109375 0.10951620312499999 0.1166580890625 0.16722225468750002 0.1558858625 0.1569360609375 0.151103803125 0.1117606265625 0.1086325109375 0.10951620312499999
2 0.16278673906250002 0.9803319437500001 0.1957312125 0.9893716046875 0.2044969515625 0.9534396375 0.16908471249999998 0.9434254093750001 0.16278673906250002 0.9803319437500001
2 0.0847800703125 0.8101392875 0.07597759531250001 0.8252138375 0.1468093140625 0.8589500718749999 0.158478809375 0.8397505734375 0.0847800703125 0.8101392875
2 0.03305970625 0.811088125 0.02567615 0.8153102109375 0.029143449999999998 0.8549416375 0.0541214734375 0.8408344140624999 0.03305970625 0.811088125
2 0.067653290625 0.74369163125 0.07019777499999999 0.7863823156249999 0.0839264046875 0.7836911718749999 0.0824782953125 0.7429906296875 0.067653290625 0.74369163125
2 0.0205063546875 0.7424507234375 0.0227389265625 0.78159415625 0.039075728125 0.7813569078125 0.036666609375 0.743422525 0.0205063546875 0.7424507234375
2 0.3039536609375 0.10971077031250001 0.287353165625 0.062885665625 0.235896746875 0.0712616359375 0.2526044703125 0.12850924375 0.3039536609375 0.10971077031250001
2 0.26438972031249997 0.2836348921875 0.341903771875 0.2780453265625 0.338103859375 0.24142465937500002 0.26580505625 0.2453659125 0.26438972031249997 0.2836348921875
2 0.0751411546875 0.2984039421875 0.152210165625 0.2809329515625 0.1534480015625 0.24744764687499998 0.075602759375 0.2560462765625 0.0751411546875 0.2984039421875