2 0.1443908203125 0.542841315625 0.2586269984375 0.5732053390625 0.27067692499999996 0.528649921875 0.1490294421875 0.49968118281249996 0.1443908203125 0.542841315625
2 0.36294085 0.736233440625 0.40125781250000003 0.7418089359375 0.414531559375 0.6925611375 0.3818314234375 0.68519903125 0.36294085 0.736233440625
2 0.491542821875 0.7304873234375 0.5295170062500001 0.7312883359375 0.52455215 0.6900031671875 0.48819426562499996 0.6952325078125 0.491542821875 0.7304873234375
2 0.8368526265625 0.8853341546875001 0.8463993578125001 0.9298322750000001 0.882679309375 0.9183574812499999 0.8716435640625001 0.8788351265625 0.8368526265625 0.8853341546875001
2 0.3628600859375 0.26176334375 0.35363706562499997 0.2904136625 0.3836927578125 0.30625837031250003 0.3936418421875 0.272889584375 0.3628600859375 0.26176334375
2 0.1667861125 0.0588485375 0.16670245781249998 0.1171099421875 0.2069800296875 0.11238330468749999 0.208531715625 0.0669819796875 0.1667861125 0.0588485375
2 0.0992191890625 0.9287263703124999 0.1305849703125 0.9422630421875 0.14426616718750002 0.90790071875 0.1105922671875 0.8930555171875 0.0992191890625 0.9287263703124999
2 0.045657915625 0.7493335890624999 0.0348431328125 0.763036365625 0.100290346875 0.8063021515625 0.1145183296875 0.78891358125 0.045657915625 0.7493335890624999
2 0 0.779796771875 0.011025749999999999 0.775463140625 0 0.7541013999999999 0 0.779796771875
2 0.0379455390625 0.681149009375 0.0345238640625 0.7237783546875 0.0484934234375 0.72302405625 0.0527238296875 0.6825180703125 0.0379455390625 0.681149009375
2 0 0.7139166343750001 0.004404096875 0.7144705015625 0.0072978718750000005 0.676570009375 0 0.6750930171875 0 0.7139166343750001
2 0.3601793328125 0.08622466250000001 0.3502571875 0.037544914062500004 0.29813582968749996 0.03867801875 0.3067136265625 0.0976937640625 0.3601793328125 0.08622466250000001
2 0.2967948671875 0.2529499296875 0.3743324734375 0.25820263125 0.37566615468750003 0.22140950781250002 0.3035224421875 0.21525035781250001 0.2967948671875 0.2529499296875
2 0.10733260156249999 0.2412369375 0.1860830734375 0.23466190937500003 0.1919691171875 0.201674753125 0.11368476093749999 0.1993557375 0.10733260156249999 0.2412369375