2 0.7556621531250001 0.8449591812499999 0.76399465625 0.7934920671875 0.7190423046875 0.7877603875 0.7095042125 0.8397247921875 0.7556621531250001 0.8449591812499999
2 0.7058817171875 0.8413806296875 0.713590446875 0.8077760640625 0.6527408859375 0.79792613125 0.64331265 0.8296867499999999 0.7058817171875 0.8413806296875
2 0.764509315625 1 0.7719633484374999 0.95660078125 0.7068771843749999 0.9489793515624999 0.6991814749999999 0.999224196875 0.7059977281250001 1 0.764509315625 1
2 0.8391107578125 0.88822754375 0.780467415625 0.8832075500000001 0.7761324140625 0.9222800609374999 0.8330976890624999 0.9242693328125 0.8391107578125 0.88822754375
2 0.8762452109375 0.5733692140625 0.7892659 0.563199359375 0.773661840625 0.63575210625 0.86538836875 0.6460846109375 0.8762452109375 0.5733692140625
2 0.50510890625 0.51702616875 0.431080475 0.51028069375 0.427235253125 0.5523408703125 0.5030853484375 0.557960171875 0.50510890625 0.51702616875
2 0.9592496 0.18701660625 0.9652611046875 0.1509747609375 0.8472996546875 0.14328922187499998 0.8466700890625001 0.1783307859375 0.9592496 0.18701660625
2 0.7328282734375 0.06973223281249999 0.7346849703125 0.0335765671875 0.6255429640625 0.028577021875000004 0.6238494984375 0.060013632812499995 0.7328282734375 0.06973223281249999
2 0.445942546875 0.2207917734375 0.4563434078125 0.161134040625 0.3940583578125 0.15836488906249999 0.3878718171875 0.216387453125 0.445942546875 0.2207917734375
2 0.237585909375 0.649523590625 0.2451931859375 0.5762913453125 0.195514396875 0.5698020640625 0.18798978125000002 0.6491737484375 0.237585909375 0.649523590625
2 0.327044090625 0.4781224734375 0.3174999140625 0.5473190406249999 0.3525927109375 0.546168059375 0.361867453125 0.4846871015625 0.327044090625 0.4781224734375
2 0.3407263203125 0.6307351328124999 0.3898340078125 0.6366103562500001 0.4032079484375 0.5598225109375 0.3571517078125 0.551675834375 0.3407263203125 0.6307351328124999
2 0.53356844375 0.5697218078125 0.48501420937499995 0.565055696875 0.47106604062499996 0.641229378125 0.5221388765625 0.6418246562500001 0.53356844375 0.5697218078125
2 0.6601091453125 0.5188742265624999 0.5943297140625 0.5140474921875 0.589525790625 0.5835612453125 0.65094958125 0.5940253421875 0.6601091453125 0.5188742265624999
2 0.9841918406250001 0.4510197765625 0.998302421875 0.344675571875 0.9497275203125 0.3406012875 0.9381375015625 0.45132518906249997 0.9841918406250001 0.4510197765625
2 0.35338716875 0.16609706875000002 0.35822944843750004 0.1125428125 0.321562140625 0.1076976921875 0.3159083859375 0.167521196875 0.35338716875 0.16609706875000002
2 0.381224925 0.11750617968749999 0.374263190625 0.1552393296875 0.451720684375 0.1574063765625 0.447499428125 0.12516910625 0.381224925 0.11750617968749999
2 0.2763455578125 0.38174284687500004 0.2838582203125 0.3197266296875 0.24588136718750003 0.31840045 0.2402276140625 0.378223953125 0.2763455578125 0.38174284687500004
2 0.8887014687500001 0.531456521875 0.8882774281250001 0.484053471875 0.8366303640625 0.482844028125 0.8309428125 0.5266222046875 0.8887014687500001 0.531456521875