2 0.41310491406249994 0.8881768546875 0.438290775 0.9351102328125 0.48757483749999997 0.9103420359375001 0.4635884296875 0.8651544 0.41310491406249994 0.8881768546875
2 0.47424424531250003 1 0.515763565625 0.9761476296874999 0.49821251093749996 0.942333078125 0.4490710421875 0.9680022218750001 0.47223902031250004 1 0.47424424531250003 1
2 0.7625936390625 0.6944150062500001 0.7860000328125001 0.7480299546875 0.8268171734375 0.726820559375 0.79760155 0.6770965875 0.7625936390625 0.6944150062500001
2 0.579938034375 0.62245394375 0.631159790625 0.708080621875 0.6882965734375001 0.6746887703125 0.6376093734375 0.59286900625 0.579938034375 0.62245394375
2 0.6621710734375 0.6074398375000001 0.686242034375 0.6572768531250001 0.7178662765625 0.643761453125 0.6928465921875 0.5941760171875 0.6621710734375 0.6074398375000001
2 0.7099471171875 0.729704475 0.7274481015625 0.7620933609375 0.7646393375 0.7477794015625 0.7463671 0.7180548796874999 0.7099471171875 0.729704475
2 0.5117139828124999 0.44177295 0.4608822390625 0.44967395625 0.4725859984375 0.4824574734375 0.5206669515625 0.47647989218750003 0.5117139828124999 0.44177295
2 0.43361424687500005 0.3581309890625 0.45001700468749994 0.391619309375 0.500070540625 0.3812932015625 0.49080826093749996 0.348340446875 0.43361424687500005 0.3581309890625
2 0.12771110624999998 0.47224194218750004 0.1321032375 0.507179153125 0.16204827187499998 0.5066062875 0.1620024296875 0.46925430468749996 0.12771110624999998 0.47224194218750004
2 0.2099913359375 0.16631325937500002 0.2245482328125 0.19831153906250001 0.25680764843750004 0.181193896875 0.2389460140625 0.1491317234375 0.2099913359375 0.16631325937500002
2 0.6706768171874999 1 0.659326515625 0.979176209375 0.6228328296875 1 0.6706768171874999 1
2 0.6501139 0.9083298281250001 0.639105571875 0.8750216 0.586798384375 0.8947095296875001 0.60672170625 0.9253280953124999 0.6501139 0.9083298281250001
2 0.28074119531249997 0.390806271875 0.27795597656250004 0.37753824062499997 0.2533617359375 0.3853772125 0.257767209375 0.3945852296875 0.28074119531249997 0.390806271875
2 0.25601607656250003 0.40451640156249996 0.2603253765625 0.41597947812499997 0.2809535140625 0.4101177765625 0.2776146671875 0.40169915625 0.25601607656250003 0.40451640156249996
2 0.2580523375 0.4271608890625 0.26126301875 0.441435278125 0.28739165 0.43173287968749996 0.28415590625 0.4227295296875 0.2580523375 0.4271608890625
2 0.26118803125 0.44698944999999995 0.2651904640625 0.4601928671875 0.28836128437499997 0.45358797031250003 0.2833713515625 0.44427530937500004 0.26118803125 0.44698944999999995