2 0.9719274015625 0.20627917031249998 0.9889078703124999 0.1736354234375 0.9218391546875001 0.141497134375 0.9029753671874999 0.1712939359375 0.9719274015625 0.20627917031249998
2 0.7498047999999999 0.0383475859375 0.7534618921875 0.07502042187499999 0.805237225 0.06902233437500001 0.7989748125 0.0342572125 0.7498047999999999 0.0383475859375
2 0.7063291828125 0.154419946875 0.711186725 0.1744298 0.760587634375 0.1684896125 0.7528135296875 0.14151949531250002 0.7063291828125 0.154419946875
2 0.840623959375 0.5123808750000001 0.8153206921875 0.5364129609375 0.84712915 0.562604753125 0.8776678515624999 0.5354224109375 0.840623959375 0.5123808750000001
2 0.942492209375 0.58835638125 0.9550929296874999 0.5748599640625 0.9170400390625 0.5399823687499999 0.90598068125 0.5550400078125 0.942492209375 0.58835638125
2 0.957728653125 0.5652715125000001 0.9863423046875001 0.5340022984374999 0.96323455625 0.5187822890625 0.940445509375 0.54671494375 0.957728653125 0.5652715125000001
2 0.7867634875 0.960600809375 0.8150667875 0.9714837296875001 0.8383192218750001 0.9398076218750001 0.7985138796875 0.9227989484375 0.7867634875 0.960600809375
2 0.155773478125 0.602178703125 0.1142070765625 0.5858240734375 0.0858764640625 0.6592246984375 0.12326171875 0.67493891875 0.155773478125 0.602178703125
2 0.435183271875 0.0457744328125 0.43748078437500004 0.009487770312500001 0.3825695921875 0.010797128125 0.386014875 0.0498663140625 0.435183271875 0.0457744328125
2 0.06692165156249999 0.388640128125 0.10077400624999999 0.4052641375 0.1126278421875 0.370424534375 0.078416471875 0.36053278125 0.06692165156249999 0.388640128125
2 0.073318690625 0.16346720625 0.0708816640625 0.21281669375 0.1027290390625 0.2146032 0.11086776093749999 0.16690416875 0.073318690625 0.16346720625
2 0.8293362015625 0.9888040984375 0.8934221390625 0.9865661687499999 0.9009924234375 0.9821352078125001 0.84296870625 0.9453080843749999 0.8159515671875001 0.9797625828125 0.8293362015625 0.9888040984375
2 0.1526751796875 0.530468146875 0.1380476703125 0.5879589734375 0.19043844062499998 0.6080912640625 0.21744276562499998 0.5477949078125001 0.1526751796875 0.530468146875