2 0.0650234375 0.8067328125 0.0550671859375 0.7768078125 0.0052859375 0.7967578125 0.012868750000000002 0.8337499984375001 0.0650234375 0.8067328125
2 0.010262499999999999 0.6886937515625 0.003935290625 0.72981609375 0.0043170671875 0.7516880265625 0.0484296875 0.7402328125000001 0.0368140625 0.6753953125 0.010262499999999999 0.6886937515625
2 0.1928 0.44098125 0.1479953125 0.44596875156250004 0.1540062484375 0.5157937515625 0.19611875 0.51579375 0.1928 0.44098125
2 0.7769171859374999 0.1616796875 0.6972640625000001 0.1467171875 0.641759375 0.403575 0.725475 0.42768125 0.7769171859374999 0.1616796875
2 0.4865171859375 0.0985031265625 0.5014515625 0.050290625 0.4694890640625 0.046134375 0.46328593749999997 0.095178125 0.4865171859375 0.0985031265625
2 0.8532484374999999 0.1284296875 0.9146468750000001 0.1334171875 0.924034375 0.06275937499999999 0.8565671874999999 0.060265625 0.8532484374999999 0.1284296875
2 0.9212859375000001 0.37780625 0.9312421859375 0.2714046875 0.8615468749999999 0.2714046875 0.8534656249999999 0.376559375 0.9212859375000001 0.37780625
2 0.29070625 0.9995843750000001 0.33716875156250004 0.9995843750000001 0.3272125 0.9713218749999999 0.286840625 0.97921875 0.29070625 0.9995843750000001
2 0.609315625 0.941396875 0.6391843749999999 0.953034375 0.6500625 0.9168734374999999 0.625909375 0.9014968734375 0.609315625 0.941396875
2 0.8422094921875001 0.9941028749999999 0.8648125015625 0.9362703140624999 0.8482078140624999 0.9307281250000001 0.8240349124999999 0.9944201140625 0.8422094921875001 0.9941028749999999
2 0.806994596875 0.994717553125 0.8316046874999999 0.9376562500000001 0.8191499999999999 0.9307281265625 0.7877109140624999 0.9950541515625 0.806994596875 0.994717553125
2 0.7624187515624999 0.9861453109375 0.772721640625 0.9953157906250001 0.7757495359375 0.9952629375000001 0.8039296874999999 0.9321140640625 0.7928609359375 0.9251874984375 0.7624187515624999 0.9861453109375
2 0.8744984375 0.3834859359375 0.8482078124999999 0.38487187500000003 0.8316046890625 0.463840625 0.8606609375 0.47076874999999996 0.8744984375 0.3834859359375