2 0.8936864328125 0.5067257828125 0.9258805203125 0.49579359375000004 0.91176174375 0.4625717234375 0.8778583515625 0.469870965625 0.8936864328125 0.5067257828125
2 0.9375653546875 0.36759395 0.979605853125 0.3368229375 0.9440632421874999 0.291555053125 0.9023424109375 0.32213970937499997 0.9375653546875 0.36759395
2 0.5585927484375001 0.34923463906249996 0.5986932859375 0.38804357343749996 0.6196289453125 0.3621023375 0.5859978671875 0.3270637375 0.5585927484375001 0.34923463906249996
2 0.5568485921875 0.093176171875 0.530394321875 0.0665384609375 0.5026142203124999 0.080916540625 0.5308103328125 0.1137028171875 0.5568485921875 0.093176171875
2 0.27596740937500003 0.34577171406249996 0.29762393125000003 0.3271726109375 0.24746248906249999 0.281841925 0.22526724374999998 0.2998863640625 0.27596740937500003 0.34577171406249996
2 0.38899564999999997 0.45189115312499994 0.42344967968749997 0.413761828125 0.3882729546875 0.373563084375 0.34152708593750003 0.409325846875 0.38899564999999997 0.45189115312499994
2 0.8117636140625001 0.6215776234375 0.8157996921875 0.6058979890625 0.7416478468750001 0.5985316578125001 0.742303365625 0.6178560390625 0.8117636140625001 0.6215776234375
2 0.6370567734375 0.9205221859374999 0.6593615578125 0.8787294125 0.6269979703125 0.8628579890625 0.6029613765625 0.909782225 0.6370567734375 0.9205221859374999
2 0.720094 0.9030075546875 0.689665715625 0.8914589812499999 0.6735715984375 0.9082577765625001 0.6714282125000001 0.9116099078125 0.698812459375 0.9293994812499999 0.720094 0.9030075546875
2 0.66348493125 0.7258777734375 0.6723351671875 0.6928107921875 0.6380889015625 0.680666115625 0.6322490984375 0.7106669125 0.66348493125 0.7258777734375
2 0.7225834921875001 0.6748318703125 0.6944552953125 0.6641204953125001 0.678740125 0.6858342625 0.711898490625 0.696969065625 0.7225834921875001 0.6748318703125
2 0.6667606687500001 0.7685696765625 0.656264459375 0.8002711890624999 0.6882457953125 0.8084040124999999 0.69610746875 0.7762072171875001 0.6667606687500001 0.7685696765625
2 0.45807969374999996 0.9249743140625 0.49000205625 0.9450287812499999 0.5107551625 0.9179842953125 0.46669265312499997 0.8969900624999999 0.45807969374999996 0.9249743140625
2 0.71476466875 0.9650733031250001 0.7520309921874999 0.9797255234375 0.7628711625 0.950446675 0.7259877078125 0.9349768718749999 0.71476466875 0.9650733031250001