2 0.581584540625 0.261328865625 0.5552258 0.1461025890625 0.5119300734375 0.14923211875 0.536635728125 0.271816490625 0.581584540625 0.261328865625
2 0.7451076859375 0.40975697499999997 0.7408728296875 0.3712687703125 0.6892102359375001 0.3883667609375 0.695426640625 0.42130391093749997 0.7451076859375 0.40975697499999997
2 0.7301173125 0.5375708718750001 0.7306420671875 0.49959186562499996 0.6955255921875 0.49501497343749995 0.6890305640625 0.531168209375 0.7301173125 0.5375708718750001
2 0.9174812687499999 0.8611892703124999 0.87334343125 0.85009539375 0.8656341765625 0.8846383234375 0.9047473140625 0.8970466578125 0.9174812687499999 0.8611892703124999
2 0.2956493296875 0.34641176875 0.26669458437500004 0.3546292875 0.2767397796875 0.38578059374999996 0.31043545781250004 0.3770021234375 0.2956493296875 0.34641176875
2 0.1289751046875 0.15354282187499999 0.070746271875 0.151593134375 0.077417859375 0.1935971578125 0.1228456796875 0.1936309015625 0.1289751046875 0.15354282187499999
2 0.9548860265625001 0.146244765625 0.9424522515625 0.11442566875 0.9064062125 0.124546925 0.9200671687499999 0.15871839999999998 0.9548860265625001 0.146244765625
2 0.779109871875 0.04430633125 0.7650380109375 0.05463630625 0.8021906984375 0.1248360921875 0.8200652265624999 0.11122362968749999 0.779109871875 0.04430633125
2 0.7619402421875 0 0.7605754 0.0031000906250000003 0.792360290625 0.0209371453125 0.8014453984375001 0 0.7619402421875 0
2 0.7398869171875 0.042617171875 0.6971641265625 0.04454901875 0.6980165984375 0.0593660859375 0.7386455484375001 0.05655189687499999 0.7398869171875 0.042617171875
2 0.6913693078125001 0 0.6936575031250001 0.013760217187500002 0.7316359 0.012190914062499999 0.73053330625 0 0.6913693078125001 0
2 0.0430525765625 0.33420895625 0.09135639375 0.3458239578125 0.104684434375 0.2927910859375 0.0460040015625 0.2821588953125 0.0430525765625 0.33420895625
2 0.2627356625 0.3659704203125 0.2601921828125 0.28829673125 0.2222807875 0.2937045125 0.2259184078125 0.3660192265625 0.2627356625 0.3659704203125
2 0.24577908750000002 0.1770141375 0.2550984625 0.098541103125 0.2130210890625 0.10342776093749999 0.21260660625 0.1817453609375 0.24577908750000002 0.1770141375