2 0.191664546875 0.7263837609375 0.14973923281249998 0.7219772328125 0.148458096875 0.7398317515625 0.1901126265625 0.741149303125 0.191664546875 0.7263837609375
2 0.1523133484375 0.680445346875 0.1496106390625 0.7004646921875 0.192780565625 0.7044050140625 0.2007341328125 0.6855345765624999 0.1523133484375 0.680445346875
2 1 0.35617381875 0.9655047578125 0.3562444265625 0.9624514796874999 0.44209714531250005 1 0.44539202187500004 1 0.35617381875
2 1 0.31998563125 0.9468527281249999 0.3178563390625 0.9457952859375001 0.3534784484375 1 0.3545483015625 1 0.31998563125
2 1 0.2509952078125 0.9509154078125001 0.25080117031250004 0.9451313640624999 0.291617040625 1 0.29596359843750003 1 0.2509952078125
2 1 0.161798790625 0.9813296046875 0.16023889687499998 0.9754983453125 0.249801246875 1 0.252376475 1 0.161798790625
2 0.9197199375 0.07612879375 0.910124928125 0.127672265625 0.9713169859375 0.13052168749999998 0.97970396875 0.08482145156250001 0.9197199375 0.07612879375
2 0.394982096875 0.7346141312500001 0.38913601249999996 0.7220576999999999 0.2852432453125 0.72785941875 0.286775896875 0.7445186984375 0.394982096875 0.7346141312500001
2 0.5437918046875 0.784294259375 0.541800740625 0.7691563343750001 0.4379352671875 0.7576426125 0.43810016718749994 0.770274359375 0.5437918046875 0.784294259375
2 0.440978828125 0.740045603125 0.48992788281250005 0.7457889468750001 0.49514707968750005 0.7302132390625 0.44377380781250003 0.724813690625 0.440978828125 0.740045603125
2 0.961556571875 0.831189778125 0.9665895765625001 0.8173855624999999 0.9159309296875 0.8108670828125 0.9122114953124999 0.8263741843749999 0.961556571875 0.831189778125
2 0.9663079421875 0.8030243265625 0.9686367140625001 0.7865478015625 0.9207746671875 0.7761425421875 0.9126264140625 0.7968652765625001 0.9663079421875 0.8030243265625