2 0.17589995625 0.5007538968749999 0.2429574625 0.5319344484374999 0.2594662 0.500968659375 0.1946834921875 0.466298675 0.17589995625 0.5007538968749999
2 0.33244052968750004 0.35758660937500003 0.3023245421875 0.33842566875 0.2584654609375 0.4272832765625 0.2923166203125 0.44384351562499996 0.33244052968750004 0.35758660937500003
2 0.360431825 0.5493253828125 0.385162328125 0.561995725 0.40717928125 0.5242374078125 0.377791871875 0.5097545593749999 0.360431825 0.5493253828125
2 0.61802264375 0.3526118453125 0.5815345921875 0.3382593390625 0.570773196875 0.37185604687499996 0.6081370296874999 0.3854699015625 0.61802264375 0.3526118453125
2 0.5041434984375 0.8234409515625 0.5756818640625 0.8440000937500001 0.595481690625 0.772240909375 0.5361954156250001 0.74559525 0.5041434984375 0.8234409515625
2 0.5494527578125 1 0.568403984375 0.9674896343749999 0.510712371875 0.9450871453125 0.49822066249999997 0.9813702390625 0.53176016875 1 0.5494527578125 1
2 0.6696110390625 0.830200334375 0.741891603125 0.8593718296875 0.7603385140625 0.80489069375 0.6839900703125 0.783094134375 0.6696110390625 0.830200334375
2 0.8968115984375 0.74008405625 0.9318931359375 0.752345390625 0.9463925984375001 0.69951799375 0.9098058 0.6887770609375 0.8968115984375 0.74008405625
2 0.8115670859374999 0.36724827968749996 0.8448210953125 0.3858078734375 0.8775562734375001 0.328055465625 0.8446520609375 0.3089574109375 0.8115670859374999 0.36724827968749996
2 0.7316421828124999 0.2779175703125 0.7459876640624999 0.28494009062500003 0.7561659203125 0.2512316234375 0.7358197484375 0.2460670015625 0.7316421828124999 0.2779175703125
2 0.6894793265625 0.24613228125000003 0.7214376828125 0.262022165625 0.7304103734375 0.24592282031249998 0.6977628250000001 0.2283868140625 0.6894793265625 0.24613228125000003
2 0.22577879531249997 0.9405101640625 0.2594544546875 0.9506852296874999 0.27031020781250004 0.9113622546875 0.237883328125 0.896891865625 0.22577879531249997 0.9405101640625
2 0.2473015671875 0.7178685375 0.2623645375 0.6838998375 0.21537940781249998 0.6644841796875001 0.19888928125 0.69605845 0.2473015671875 0.7178685375
2 0.38691975156249997 0.2078860015625 0.40482988437499995 0.1623734734375 0.37023333593749996 0.15383240468749998 0.3539705375 0.1872670421875 0.38691975156249997 0.2078860015625
2 0.3394930359375 0.2156033484375 0.370659878125 0.2355734171875 0.381325540625 0.2143593859375 0.3498649390625 0.196449234375 0.3394930359375 0.2156033484375
2 0.1856513734375 0.3853059515625 0.1983646921875 0.3914063484375 0.22184636875 0.344859796875 0.2091275125 0.336036440625 0.1856513734375 0.3853059515625
2 0.6544392640625001 0.1528257703125 0.7226760578125 0.18725827343749998 0.7392112171874999 0.12605446874999998 0.6706863125 0.100334884375 0.6544392640625001 0.1528257703125