2 0.8174226750000001 0.2564084734375 0.8518129796875 0.2582107921875 0.8529833828125 0.20184323437499999 0.8177379374999999 0.1993405125 0.8174226750000001 0.2564084734375
2 0.9858799328125001 0.49095409375 0.9930449421875001 0.44499734999999996 0.9317862218749999 0.445351175 0.9272191796874999 0.492788103125 0.9858799328125001 0.49095409375
2 0.7534878421875 0.39858535625 0.756319025 0.3672530890625 0.687007628125 0.362431503125 0.6852752265625 0.3954877015625 0.7534878421875 0.39858535625
2 0.046607690624999996 0 0.045451259375000004 0.0110469140625 0.12506001093750002 0.012247771875 0.125583859375 0 0.046607690624999996 0
2 0.5042221890625 0.4580087375 0.504368115625 0.42118935156250004 0.42909472343750005 0.41664987499999995 0.43181278437500004 0.4499033265625 0.5042221890625 0.4580087375
2 0.4756024765625 0.902000621875 0.5106446921875001 0.8913637624999999 0.4941368171875 0.84331364375 0.45904995312499997 0.854802459375 0.4756024765625 0.902000621875
2 0.9629434 0.837849409375 0.959435475 0.791334884375 0.862164465625 0.79811590625 0.8711943984375001 0.8470414843749999 0.9629434 0.837849409375
2 0.680929440625 0.625865046875 0.73900768125 0.6295033625 0.7386415765625001 0.5684192390625 0.686469234375 0.56556921875 0.680929440625 0.625865046875
2 0.3973878671875 0.635953515625 0.45137923750000003 0.649474296875 0.46775384062500003 0.5809451734375 0.4171845515625 0.564524515625 0.3973878671875 0.635953515625
2 0.24816206406250002 0.54497364375 0.30751931875 0.546896859375 0.313106346875 0.4686226140625 0.26037161875 0.45948610937499995 0.24816206406250002 0.54497364375
2 0.1712336640625 0.8783278093750001 0.172436565625 0.9348197468749999 0.21353655 0.9390609421875 0.2131784921875 0.8834957390625 0.1712336640625 0.8783278093750001
2 0.058453884375 0.97685415 0.145580934375 0.9821118562500001 0.14646513125 0.9595678609375 0.0916180421875 0.9453278718749999 0.0863825046875 0.9658429171874999 0.06668673593749999 0.9559016218749999 0.058453884375 0.97685415
2 0.258836915625 0.987948778125 0.25658311718750004 0.9628839734374999 0.2191349890625 0.9627035296875001 0.21465801093749998 0.9857320328125001 0.258836915625 0.987948778125
2 0.27098314375 0.12086646875 0.30880375625 0.11393947812500001 0.3026889640625 0.054769614062500006 0.26718960625 0.057111807812500005 0.27098314375 0.12086646875
2 0.16159865 0.2226468375 0.11232443125 0.22125205312500001 0.11204584531249999 0.2719178453125 0.16080237343749998 0.271905484375 0.16159865 0.2226468375
2 1 0.3873877109375 0.961228271875 0.3827421875 0.9522813609374999 0.417319765625 1 0.423248253125 1 0.3873877109375