2 0.815716596875 0.68604883125 0.8153180609374999 0.6444392265625 0.7620182203125 0.63712025625 0.759828478125 0.68609729375 0.815716596875 0.68604883125
2 0.264153665625 0.42889110312499995 0.262867415625 0.4610728375 0.35676659375 0.4716151703125 0.3631198296875 0.43398265468749997 0.264153665625 0.42889110312499995
2 0.3106682203125 0.49960362812500003 0.26114368125 0.4962518875 0.25882709375 0.531463571875 0.311131346875 0.5311006828125 0.3106682203125 0.49960362812500003
2 0.062021678125 0.304479059375 0.058924065625 0.33616272343750003 0.1396247515625 0.3444223703125 0.1407974171875 0.3100732984375 0.062021678125 0.304479059375
2 0.1243617953125 0.2007023328125 0.1180142359375 0.261103253125 0.21463097968749997 0.2667450796875 0.2153435515625 0.2009269609375 0.1243617953125 0.2007023328125
2 0.061256732812500006 0.074358409375 0.0565278140625 0.15429983281249998 0.120753021875 0.15450288750000002 0.12306219375 0.073769828125 0.061256732812500006 0.074358409375
2 0.0961658796875 0.87660429375 0.09853526875 0.8877799796874999 0.136232153125 0.892346146875 0.1394066984375 0.8791478546875 0.0961658796875 0.87660429375
2 0.1286164078125 0.905828828125 0.09278999375 0.902948328125 0.0911036921875 0.9161218218749999 0.12886281093750002 0.9218754234375 0.1286164078125 0.905828828125
2 0.1300151703125 0.9325187625 0.0888539703125 0.9299194109375 0.0914704734375 0.94584023125 0.1265780125 0.94637858125 0.1300151703125 0.9325187625
2 0.05462648437499999 0.7419938187499999 0.055305570312499996 0.77764150625 0.0869192828125 0.77955365625 0.0895820515625 0.7453048609375 0.05462648437499999 0.7419938187499999
2 0.0818606234375 0.6376786578125 0.1475187390625 0.642563134375 0.1506139953125 0.62217945625 0.08286988125 0.6172290625 0.0818606234375 0.6376786578125
2 0.0018573734375 0.524709321875 0.0038188 0.56213558125 0.009151735937499999 0.6000813875000001 0.0229494015625 0.6027029625 0.026390195312499996 0.526545075 0.0018573734375 0.524709321875
2 0.027785759375000003 0.7326693515625 0.0309735390625 0.7331226843749999 0.036754603125 0.6959473046875 0.021920121875 0.6909331812499999 0.027785759375000003 0.7326693515625
2 0.6004456015625 0.401749059375 0.5931384046875 0.43246420625 0.6174137187500001 0.4418957234375 0.6301795578125 0.4075007859375 0.6004456015625 0.401749059375
2 0.5949585171875 0.3764640796875 0.610663246875 0.34709409375 0.5713150031249999 0.3223930078125 0.5584203453125001 0.35994275781249996 0.5949585171875 0.3764640796875
2 0.751667215625 0.2921266859375 0.750352246875 0.3124154984375 0.8001876140625 0.3216981625 0.8029796859375 0.3012318015625 0.751667215625 0.2921266859375