2 0.43255 0.5599703125 0.439675 0.5943734375 0.49845625 0.5813234375 0.49608125000000003 0.5516656249999999 0.43255 0.5599703125
2 0.7258640625 0.690565625 0.7211140625 0.7302109375 0.7733640625 0.73495625 0.7882078124999999 0.7011453125 0.7258640625 0.690565625
2 0.7009265625000001 0.919171875 0.6908328125 0.9722265625000001 0.7270515625 0.9793453124999999 0.7365515625 0.9253656250000001 0.7009265625000001 0.919171875
2 0.17634531250000002 0.7492734375000001 0.1873296875 0.7996125000000001 0.2122671875 0.796053125 0.2045484375 0.7485999999999999 0.17634531250000002 0.7492734375000001
2 0.11578124999999999 0.5678109375 0.137453125 0.63826875 0.1742671875 0.6192875 0.163578125 0.5540390625 0.11578124999999999 0.5678109375
2 0.0748125 0.695903125 0.084609375 0.7521578124999999 0.1237984375 0.7462265625 0.1077671875 0.6916546875 0.0748125 0.695903125
2 0.125578125 0.9556421875 0.1356734375 0.9987546875 0.1606109375 0.9912078125000001 0.153484375 0.955025 0.125578125 0.9556421875
2 0.31379999999999997 0 0.3191421875 0.0272984375 0.3903921875 0.021367187500000002 0.38742343749999997 0 0.31379999999999997 0
2 0.27609531249999997 0.201328125 0.2823296875 0.2183015625 0.3173609375 0.209996875 0.3173609375 0.191015625 0.27609531249999997 0.201328125
2 0.301034375 0.22623593749999998 0.3048921875 0.23846875 0.32092343749999996 0.235503125 0.3203296875 0.222453125 0.301034375 0.22623593749999998
2 0.5038 0.63826875 0.52814375 0.6465734375000001 0.54001875 0.628778125 0.5144875 0.6204734375000001 0.5038 0.63826875