2 0.310916715625 0.8679477109375 0.26977525468749997 0.7970570312499999 0.18234274687500002 0.8404917375000001 0.21851012500000003 0.9058426390625 0.310916715625 0.8679477109375
2 0.7125300109375 0.9055479921874999 0.6934231078125 0.85492070625 0.65703134375 0.8690211250000001 0.6820977640625 0.9215342312500001 0.7125300109375 0.9055479921874999
2 0.554139325 0.7768580640625 0.5288126359375 0.72890366875 0.47214184374999996 0.76082954375 0.5025151953125 0.8084407390624999 0.554139325 0.7768580640625
2 0.502095428125 0.5260020484375 0.4812669359375 0.4929889078125 0.4218514578125 0.513917871875 0.43514307343749997 0.5466317187499999 0.502095428125 0.5260020484375
2 0.08441128906249999 0.502039871875 0.151977284375 0.479365840625 0.141122825 0.4533388203125 0.0717944625 0.47626053593749995 0.08441128906249999 0.502039871875
2 0.056988567187500005 0.417840075 0.054387412499999996 0.3822668265625 0.0094538828125 0.3867846453125 0.0187704078125 0.42321128750000003 0.056988567187500005 0.417840075
2 0.59639374375 0.21144987187500003 0.5937097390625 0.175287103125 0.47507104375000003 0.171595303125 0.47905014062499995 0.20630746093750002 0.59639374375 0.21144987187500003
2 0.2844600359375 0.103741 0.2761628234375 0.0617795703125 0.18359340156249998 0.0771845390625 0.1934781625 0.11978751875 0.2844600359375 0.103741
2 0.39193519062500004 0.3138626140625 0.393109334375 0.27955438125 0.3481046859375 0.27928866874999997 0.34659025468750004 0.315441903125 0.39193519062500004 0.3138626140625
2 0.75429449375 0.4731855921875 0.7188156218749999 0.3871248203125 0.6475565296875 0.40911871250000004 0.6890554203125 0.49747335625 0.75429449375 0.4731855921875
2 0.8638642421875 0.8603180375000001 0.84393186875 0.8038172250000001 0.8110803140625 0.815376775 0.8294114125000001 0.8711496078125001 0.8638642421875 0.8603180375000001
2 0.7208141609375 0.951705196875 0.7581864765625 0.9488480453125 0.7523991109375 0.911923834375 0.7146865078125 0.9166259890624999 0.7208141609375 0.951705196875
2 0.8807835640624999 0 0.8849374828125001 0.0226092484375 0.9348424265625 0.012935301562500001 0.9331500687500001 0 0.8807835640624999 0
2 0.3455211671875 0.41023666406250003 0.34006235625 0.3756614625 0.3050231015625 0.38657545 0.319078378125 0.41832361718750005 0.3455211671875 0.41023666406250003
2 0.9386708484374999 0.2364243421875 0.94042299375 0.20622881875000001 0.9140914312499999 0.204452740625 0.9138109875 0.2387205765625 0.9386708484374999 0.2364243421875
2 0.5834949703125 0.5463085421875 0.5680020953125 0.5299177187499999 0.52033431875 0.5533880156250001 0.530054690625 0.5692236890625 0.5834949703125 0.5463085421875
2 0.21982598593749997 0.7573534828125 0.1951699015625 0.7099044250000001 0.1797071828125 0.7150707609375 0.20171982187499998 0.7671752078125 0.21982598593749997 0.7573534828125