2 0.50390625 0.0421875 0.05 0.0515625
2 0.8605064046875001 0.44796778281250005 0.8089395937500001 0.43740949531249995 0.7927035296875 0.4793238546875 0.8360184859374999 0.5029113765625 0.8605064046875001 0.44796778281250005
2 0.60940885625 0.6823105609375 0.6117037015625 0.631713165625 0.559018359375 0.6170980203124999 0.553041371875 0.6507876453125 0.60940885625 0.6823105609375
2 0.2693030625 0.985089046875 0.2727322046875 0.9797924625000001 0.238684153125 0.951666209375 0.21969188125 0.9816198953124999 0.2693030625 0.985089046875
2 0 0.4944008484375 0.0000571484375 0.49840943906249996 0.038656821875000004 0.49432409687499995 0.0353749984375 0.44739182499999997 0.002385215625 0.4484294390625 0 0.4825396125 0 0.4944008484375
2 0.92791134375 0.6790412359375 0.9690548703124999 0.6914216796875 0.9776620234375001 0.6159170375 0.9413433953125001 0.6129087921874999 0.92791134375 0.6790412359375
2 1 0.500414303125 0.9964426828124999 0.44954230781250004 0.9532549640625 0.44562664375 0.9426844921875001 0.5129451765625 0.9997471828125001 0.5210758375 1 0.5174603828125 1 0.500414303125
2 0.7235314015625 0.27859603437499997 0.72693655 0.2478413984375 0.6888493015625 0.2394089390625 0.6815875171875 0.274593390625 0.7235314015625 0.27859603437499997
2 0.306236315625 0.7090379765625 0.3144640296875 0.6777440609375 0.274337521875 0.6656840796875 0.2694642640625 0.6981343171875001 0.306236315625 0.7090379765625
2 0.012866428125000001 0.298541115625 0.0788691234375 0.3047400234375 0.080866571875 0.2950019671875 0.0138341765625 0.284701665625 0.012866428125000001 0.298541115625
2 0.19494016875 0.2665158296875 0.1950296125 0.28056255937499996 0.25087160937499997 0.279035371875 0.24628332187500002 0.26449031562499997 0.19494016875 0.2665158296875
2 0.194526746875 0.286161275 0.1961338078125 0.3048650453125 0.21410979062500002 0.306580909375 0.215154940625 0.2874802234375 0.194526746875 0.286161275