2 0.6900355125 0.591052346875 0.6829784250000001 0.630430225 0.7360314296875 0.636767725 0.7428330640625 0.59982724375 0.6900355125 0.591052346875
2 0.7467323046875001 0.921944396875 0.73271150625 0.9587018734375 0.7680873328125 0.96723656875 0.7807145453125 0.9333620359375001 0.7467323046875001 0.921944396875
2 0.9068486453125001 0.9477349374999999 0.9171053406249999 0.9225909078125 0.870785009375 0.9087086 0.8590970328124999 0.9535324109375001 0.9068486453125001 0.9477349374999999
2 0.5783152874999999 0.909629290625 0.5656075359375 0.95999584375 0.641737028125 0.9748009984375001 0.6583152703125 0.9199774015625 0.5783152874999999 0.909629290625
2 0.410474965625 0.978199215625 0.49064021718750006 0.9897232703125001 0.5005906812500001 0.9325476296874999 0.42243724687500006 0.9225395875 0.410474965625 0.978199215625
2 0.2699643046875 0.840211634375 0.2561521625 0.8955300812500001 0.3450559015625 0.9052264359375 0.3519856375 0.8478773234375 0.2699643046875 0.840211634375
2 0.8770675062500001 0.351855615625 0.8880208765625 0.297538528125 0.8529943234375 0.295755303125 0.8409719656249999 0.346732409375 0.8770675062500001 0.351855615625
2 0.9378835046875 0.1915724234375 0.9084942375 0.1915041421875 0.8955649843750001 0.22750705 0.935520440625 0.23448611874999997 0.9378835046875 0.1915724234375
2 0.9029050562500001 0.0621433890625 0.9088597359374999 0.027720278124999997 0.8525425578125001 0.0152445140625 0.8487554296875001 0.056558015625 0.9029050562500001 0.0621433890625
2 0.7607823703125 0.23265589687500002 0.7619144906249999 0.2151025078125 0.7102634140624999 0.1952982140625 0.7054865140625 0.21463717343750002 0.7607823703125 0.23265589687500002
2 0.7212157859375 0.0151078390625 0.716307715625 0.03139156875 0.7719588203125001 0.039127973437500005 0.7737729875 0.0179175078125 0.7212157859375 0.0151078390625
2 0.6436643359375 0.07338840937499999 0.6361016937499999 0.11343534687500001 0.6715192359375 0.11800060625 0.676149196875 0.0784179 0.6436643359375 0.07338840937499999
2 0.3449238484375 0.3624705640625 0.324461665625 0.425921790625 0.415352859375 0.43910516875 0.43029975781249996 0.3726627234375 0.3449238484375 0.3624705640625
2 0.21270518749999998 0.3474664515625 0.2016598671875 0.40539555 0.26816605937500004 0.4157214171875 0.281533709375 0.359384609375 0.21270518749999998 0.3474664515625
2 0.119251009375 0.23285423593750001 0.16079403125 0.2426081140625 0.17636854062500001 0.1870419828125 0.13070949999999998 0.1778649953125 0.119251009375 0.23285423593750001
2 0.044851168749999996 0.30928217187499996 0.040144203125 0.348328184375 0.11060397343749999 0.3569213328125 0.1171326546875 0.3159167875 0.044851168749999996 0.30928217187499996
2 0.019583170312500002 0.15509986874999998 0.0074272390625 0.22218040781249998 0.0394958671875 0.22211511874999998 0.0523985671875 0.1624812453125 0.019583170312500002 0.15509986874999998
2 0.035811840625 0.6716022140625 0.028860292187499997 0.7313558890625 0.0768950140625 0.7378006546875 0.08618597812499999 0.682331846875 0.035811840625 0.6716022140625
2 0.229669453125 0.64735680625 0.21546289375 0.7297214828125 0.25182415156250004 0.7346022234375 0.2667663546875 0.655338784375 0.229669453125 0.64735680625
2 0.1665178984375 0.65023475 0.1573175796875 0.7085041359375001 0.1953121203125 0.7164625171875 0.20412945312500003 0.6533461375 0.1665178984375 0.65023475
2 0.15468962656250002 0.7196691578125 0.1457046859375 0.75811723125 0.16836559375 0.767916621875 0.1793580359375 0.7287982609375 0.15468962656250002 0.7196691578125
2 0.191929340625 0.8523779046875 0.2007787265625 0.80015526875 0.14816316875 0.7905421968749999 0.13728390937499999 0.8432647015624999 0.191929340625 0.8523779046875
2 0.0443998390625 0.8419255078125 0.06146373125 0.8413260890625001 0.0784995671875 0.7705602203125 0.0327586609375 0.759094225 0.0443998390625 0.8419255078125
2 0.35939474374999997 0.5379629218749999 0.3557467984375 0.5546691390625 0.40675782031249996 0.5635310203125 0.4113562046875 0.545054990625 0.35939474374999997 0.5379629218749999
2 0.5083543421875001 0.125991221875 0.5058446421875 0.159329009375 0.5195161734375 0.16700411875 0.5266443859375001 0.13026546249999998 0.5083543421875001 0.125991221875