2 0.8408420171875 0.12002468125000001 0.8723109625 0.10270456875 0.8609190999999999 0.07200704687500001 0.8260173328124999 0.0856410484375 0.8408420171875 0.12002468125000001
2 0.6539655078125 0.2364799765625 0.6545962546874999 0.2014494 0.617227984375 0.20073858281249998 0.6172527921875 0.23400971718750002 0.6539655078125 0.2364799765625
2 0.6019099671875 0.520431553125 0.5977634578125001 0.55415113125 0.6531779875 0.56499949375 0.6520907874999999 0.528125025 0.6019099671875 0.520431553125
2 0.7575755796875 0.95779000625 0.7842338703125 0.961214340625 0.8086345515625 0.9573496515625 0.810007515625 0.9180331359375 0.75841041875 0.9168254375 0.7575755796875 0.95779000625
2 0.6219389328125 0.8306648531249999 0.6320206171875 0.7799232875000001 0.5761178124999999 0.76608888125 0.5700002296875 0.82231588125 0.6219389328125 0.8306648531249999
2 0.4960062625 0.5446565734375 0.430330075 0.5387984390625 0.4276667890625 0.577322709375 0.49468008125 0.5826334265625001 0.4960062625 0.5446565734375
2 0.39197344218749997 0.379425228125 0.3413766296875 0.383599465625 0.341207403125 0.43944007812499997 0.397918346875 0.430132340625 0.39197344218749997 0.379425228125
2 0.42331805781250004 0.36566544375 0.437865825 0.42499210625000006 0.46507910468749997 0.423564403125 0.45841638125 0.36332643125 0.42331805781250004 0.36566544375
2 0.13205893124999998 0.36084302031250004 0.11852710156249999 0.3573999203125 0.11901348281249999 0.411479525 0.1360818 0.4156402359375 0.13205893124999998 0.36084302031250004
2 0.111352084375 0.3589316984375 0.09460933906249999 0.36250581249999997 0.094044721875 0.3945681390625 0.110743621875 0.3933689421875 0.111352084375 0.3589316984375
2 0.0677880640625 0.5356439843749999 0.1009850140625 0.536803246875 0.09717662656250001 0.50993521875 0.0650196890625 0.512079890625 0.0677880640625 0.5356439843749999
2 0.05136425625 0.5980478796875001 0.06561224375 0.5979513171875 0.0665538125 0.554019915625 0.0469270671875 0.5551153078125 0.05136425625 0.5980478796875001
2 0.031582396875 0.586661503125 0.045828821874999995 0.5865648859375 0.04562361875 0.55774329375 0.0290819375 0.556276040625 0.031582396875 0.586661503125
2 0.1156178640625 0.6787144359374999 0.1004317578125 0.6716488953125 0.096108696875 0.6922918484375 0.1066950265625 0.6962262031249999 0.1156178640625 0.6787144359374999
2 0.1410200421875 0.64811356875 0.12953625156249998 0.63701696875 0.11557233281249998 0.6956434734375 0.1338208515625 0.701332240625 0.1410200421875 0.64811356875