2 0.7856467328125001 0.6602925921875 0.764248728125 0.710132790625 0.8131834578125 0.731092565625 0.8378025906250001 0.685562246875 0.7856467328125001 0.6602925921875
2 0.9987793421875001 0.4667852625 0.9628746265625001 0.45207001093750004 0.93186849375 0.5162395171874999 0.9788923828125 0.5386759859375 0.9987793421875001 0.4667852625
2 1 0.8605846015624999 0.9761553468749999 0.8574260859375 0.965270409375 0.9319880859375 1 0.9403168734375 1 0.8605846015624999
2 0.4175328875 0.6439355859375 0.4063419890625 0.674593559375 0.46254879843749996 0.6890073609375 0.47436247812500004 0.653690325 0.4175328875 0.6439355859375
2 0.016523812500000002 0.65492571875 0.058280900000000004 0.6802773390625 0.088790546875 0.607205103125 0.0317453171875 0.5859628953125 0.016523812500000002 0.65492571875
2 0.22857486875 0.9563896359375 0.2550627734375 0.9674786046875001 0.27587164375 0.9177123140625 0.24894030625000002 0.9078710640625 0.22857486875 0.9563896359375
2 0.2718468390625 0.9385251374999999 0.29642087968749997 0.9486558281249999 0.316123271875 0.8996220328125 0.29427964375000004 0.889804675 0.2718468390625 0.9385251374999999
2 0.4478191609375 0.7639249390625 0.4549964609375 0.7492990390625 0.34382480000000004 0.7354583515625001 0.3411071203125 0.752313628125 0.4478191609375 0.7639249390625
2 0.268103925 0.6449524125 0.307244321875 0.6616600609375001 0.3224993359375 0.6251254921875 0.2758269109375 0.607974653125 0.268103925 0.6449524125
2 0.01862508125 0.5034672515625 0.0947829765625 0.50009203125 0.10011213125 0.45581094375 0.018735053125 0.45564268593749996 0.01862508125 0.5034672515625
2 0.11303319999999999 0.47334823125 0.1465523234375 0.4686343921875 0.1469200453125 0.43751228593749997 0.10721842968749999 0.440593978125 0.11303319999999999 0.47334823125
2 0.2337094703125 0.5499688625 0.23757853906249998 0.5327596921875 0.18295997656250002 0.52153705625 0.17314339375 0.5390278328125 0.2337094703125 0.5499688625
2 0.1504607453125 0.40301269062499995 0.21387986093750003 0.3982136984375 0.2112162265625 0.3716481109375 0.15243934374999998 0.3752788984375 0.1504607453125 0.40301269062499995
2 0.205775775 0.2396428125 0.188402384375 0.2686686390625 0.245573103125 0.290932859375 0.2574329734375 0.2535431828125 0.205775775 0.2396428125
2 0.2231299625 0.346877178125 0.23743404375 0.30746989999999996 0.16154966875000001 0.2886998453125 0.1441489953125 0.3248115 0.2231299625 0.346877178125
2 0.7986700015625 0.537373609375 0.8651145515625001 0.562086828125 0.8687555250000001 0.5478919859375 0.8057131625 0.524091259375 0.7986700015625 0.537373609375
2 0.92409885 0.40424063906249996 0.9113301249999999 0.417163390625 0.9838553203125 0.44755130000000004 0.9910507109375001 0.43307273281249997 0.92409885 0.40424063906249996
2 0.9930686218749999 0.42027516875000004 0.99243438125 0.407801675 0.948646390625 0.3873465578125 0.9434033828124999 0.400673921875 0.9930686218749999 0.42027516875000004
2 0.7927035265625 0.02593858125 0.7776323515625 0.078586475 0.812240115625 0.0949061203125 0.829210134375 0.03579898125 0.7927035265625 0.02593858125
2 0.909362209375 0.03817045 0.9500725984375 0.0627926328125 0.9442171578125 0.0151038921875 0.9201546671875 0.00670344375 0.909362209375 0.03817045
2 0.5609385546875 0.15539387968750001 0.5384342609375 0.2059681234375 0.577871196875 0.217782846875 0.600825753125 0.1684268734375 0.5609385546875 0.15539387968750001
2 0.2701866796875 0.09188863593749999 0.30890431406249996 0.1002811375 0.32445012812499996 0.066102125 0.2844907609375 0.052481359375 0.2701866796875 0.09188863593749999
2 0.5189154859375 0.4952263875 0.5467865515625 0.5127211 0.564615753125 0.47766351562500003 0.5349656984375 0.46516818437499996 0.5189154859375 0.4952263875