2 0.7743618 0.7838245484375 0.8262847890625 0.779102509375 0.824282965625 0.7326918734375 0.7717797984375 0.738581878125 0.7743618 0.7838245484375
2 0.7921270203125 0.7345395234375001 0.8261874609375001 0.7291937093749999 0.8188866656249999 0.665961334375 0.78654573125 0.67315109375 0.7921270203125 0.7345395234375001
2 0.969050075 0.7347609859374999 0.9334546390625 0.7376924578125 0.9365173203125 0.8031517203125 0.958569484375 0.8009328375000001 0.969050075 0.7347609859374999
2 0.8627096562500001 0.8065154171875 0.8636266687499999 0.865366084375 0.9000001125000001 0.8618818125000001 0.901989384375 0.8049165359374999 0.8627096562500001 0.8065154171875
2 0.5428672390625 0.7929698265625 0.54694495 0.880446675 0.6202405515625 0.874688646875 0.6163317375 0.7824648015625 0.5428672390625 0.7929698265625
2 0.515063234375 0.4319655046875 0.5166283171875 0.506284146875 0.5576037609375 0.5071209296875 0.5572891828125 0.43106361875 0.515063234375 0.4319655046875
2 0.11936999687500001 0.9397809828125 0.155743384375 0.9362982734375 0.154931871875 0.8233871078125 0.1199317515625 0.8215707640625001 0.11936999687500001 0.9397809828125
2 0.01834195625 0.701577234375 0.0545390625 0.702247153125 0.052446112499999996 0.5928559109375 0.02096795 0.59235234375 0.01834195625 0.701577234375
2 0.1650048328125 0.4328116578125 0.22524276875 0.426597646875 0.2248999859375 0.3683611421875 0.1665872078125 0.370485165625 0.1650048328125 0.4328116578125
2 0.5938799296874999 0.2511356984375 0.667464440625 0.248655375 0.6705751 0.19915565625 0.5908718734375 0.201125253125 0.5938799296874999 0.2511356984375
2 0.5599343343750001 0.321245284375 0.4902405609375 0.3259393046875 0.49436004375 0.3611357625 0.556338209375 0.356172309375 0.5599343343750001 0.321245284375
2 0.643962371875 0.3996318234375 0.6415270375000001 0.35023392656249996 0.561514546875 0.3611044015625 0.5664286578125 0.4076167375 0.643962371875 0.3996318234375
2 0.5659425796875001 0.48958877031250003 0.567210353125 0.53835021875 0.639934846875 0.5319781375 0.64290368125 0.48098818593750003 0.5659425796875001 0.48958877031250003
2 0.5074331640625 0.595079834375 0.5076596 0.6610357265625 0.583266590625 0.6571407515625001 0.577112690625 0.5951366484375 0.5074331640625 0.595079834375
2 0.30961816875000003 0.937512915625 0.3101541875 0.976163940625 0.35593796875 0.983415378125 0.41736357343749997 0.9795956859375 0.42088083125000003 0.9336748390625 0.30961816875000003 0.937512915625
2 0.1233760515625 0.33154714687500003 0.17713763437500002 0.3304524203125 0.181172678125 0.2931642765625 0.12110051562499999 0.29463118125 0.1233760515625 0.33154714687500003
2 0.16485010625000002 0.350520190625 0.126723246875 0.354832834375 0.12974443125 0.4214804359375 0.1616087125 0.4279401671875 0.16485010625000002 0.350520190625
2 0.33524305625 0.2718094953125 0.397632259375 0.26864116718750003 0.3966414 0.23236573906250002 0.3365692359375 0.2338326453125 0.33524305625 0.2718094953125
2 0.457007453125 0.8862192312499999 0.5042654515625 0.8899489078125 0.50347195 0.8319937234375001 0.459403671875 0.8346136078124999 0.457007453125 0.8862192312499999