2 0.8803583796875 0.5538916953124999 0.8867759765625 0.4944204734375 0.7958092125 0.49780027968749996 0.7919286015625 0.554201 0.8803583796875 0.5538916953124999
2 0.410914809375 0.927045978125 0.40397715781250004 0.8937491375000001 0.35768984531250003 0.9147580265625 0.369656096875 0.947389309375 0.410914809375 0.927045978125
2 0.3547064453125 0.8577347828124999 0.408481671875 0.8320065375000001 0.40256751875 0.7995553578125 0.3386999359375 0.828086721875 0.3547064453125 0.8577347828124999
2 0.4204947921875 0.48170571406249996 0.44694395781249996 0.464801925 0.43662483124999996 0.435600959375 0.40342047656249996 0.45536310625 0.4204947921875 0.48170571406249996
2 0.425769846875 0.40078875937499997 0.4096188578125 0.37572571093749996 0.3757035765625 0.3959347015625 0.394036653125 0.42211089062499996 0.425769846875 0.40078875937499997
2 0.43352396562499995 0.0557522921875 0.44278623437500003 0.01034711875 0.38110395 0.008297209375 0.368992865625 0.0475587671875 0.43352396562499995 0.0557522921875
2 0.4942859140625 0.20167320156250002 0.506803715625 0.173854221875 0.48286248593750003 0.1640581703125 0.4662135296875 0.19130184687500001 0.4942859140625 0.20167320156250002
2 0.6758038578125001 0.10829860625000001 0.67918094375 0.09235111562500001 0.610336703125 0.06853378125000001 0.6033921265625 0.0827772765625 0.6758038578125001 0.10829860625000001
2 0.8486356515625 0.0960990015625 0.8566842828125001 0.0704746734375 0.8271791390625 0.063662875 0.823285996875 0.0963627015625 0.8486356515625 0.0960990015625
2 0.7647237375 0.103233921875 0.78436623125 0.0537787359375 0.742133378125 0.0440285140625 0.728224809375 0.08843637343750001 0.7647237375 0.103233921875
2 0.9331594453125 0.7263904859375 0.9581466624999999 0.7382545234375 0.974750159375 0.6663368765625 0.9583586515625001 0.662111609375 0.9331594453125 0.7263904859375
2 0.9306104 0.8179352359375001 0.955741796875 0.7486711484375 0.9314216562500001 0.7418360625 0.9071563093749999 0.8099883468750001 0.9306104 0.8179352359375001
2 0.79743730625 0.9157087374999999 0.7714487234375 0.9042228828125 0.7436689296875 0.9532779421875001 0.7727295328125 0.96730113125 0.79743730625 0.9157087374999999