1 0.49659643437499995 0.23272746562500002 0.5162212171875 0.21519197812500002 0.5114660609375 0.20847069375 0.4907267703125 0.225698465625 0.49659643437499995 0.23272746562500002
1 0.5183024828125 0.20591252343750002 0.5274485624999999 0.19846270625 0.5164969703125 0.18546336562500002 0.508138628125 0.19397184375 0.5183024828125 0.20591252343750002
1 0.4974595953125 0.16518503906249998 0.45607529375 0.201469403125 0.47326479375 0.2214784453125 0.5164587 0.18473311875 0.4974595953125 0.16518503906249998
1 0.482234234375 0.23164639375 0.516781296875 0.20489073593749998 0.5070033421875 0.1932975234375 0.47285975625 0.22076585468749998 0.482234234375 0.23164639375
1 0.5869415328125 0.115743534375 0.5723524953125 0.096332025 0.5413862078125 0.1214323875 0.558902396875 0.1406889265625 0.5869415328125 0.115743534375
1 0.6209317921874999 0.08534952968750001 0.6036656687499999 0.06387843125 0.574625440625 0.0907100515625 0.5925643234375 0.111045946875 0.6209317921874999 0.08534952968750001
1 0.5815646359375 0.139135121875 0.5626540859375 0.1562670515625 0.5676975796875 0.1615040234375 0.586300575 0.14548972031250001 0.5815646359375 0.139135121875
1 0.5529144828125 0.14540564843749998 0.5625581625 0.1544367515625 0.5980488296875001 0.1246979328125 0.5879441859375001 0.1138572234375 0.5529144828125 0.14540564843749998
1 0.6363325375 0.0922451546875 0.61528405 0.110589075 0.6206751734375 0.115443265625 0.6413761124999999 0.0974836859375 0.6363325375 0.0922451546875
1 0.6276898671875 0.0813262640625 0.5918340765625001 0.11108421718749999 0.600822734375 0.12161884999999999 0.6367184375 0.092592621875 0.6276898671875 0.0813262640625
1 0.697440384375 0 0.6856020578125 0.0099725859375 0.7003292703125 0.0299307375 0.7249475375000001 0.00915446875 0.7175670203125 0 0.697440384375 0
1 0.7165205875 0.030326078125 0.7359584531250001 0.0135529796875 0.73017128125 0.0059782890625 0.7107551671875 0.0231664421875 0.7165205875 0.030326078125