2 0.298306090625 1 0.2703683859375 0.9665899109374999 0.245578703125 0.9916730406250001 0.2522267453125 1 0.298306090625 1
2 0.142929140625 0.8425652843749999 0.10637356093749999 0.8472515171874999 0.11344886875 0.8960814390625 0.1487316984375 0.8943628968749999 0.142929140625 0.8425652843749999
2 0.23028081875 0.7790113828125 0.20969110781250003 0.7787795765625 0.2075779984375 0.8269745046875 0.235605665625 0.828482403125 0.23028081875 0.7790113828125
2 0.6064114203125001 0.799047909375 0.588687271875 0.8291086984374999 0.6194713171874999 0.8600199406250001 0.6390872671875 0.824149246875 0.6064114203125001 0.799047909375
2 0.6753149421875 0.9265890999999999 0.6856309015625001 0.9112753015624999 0.6449551171875 0.8831941140625 0.6327712187500001 0.8973572546874999 0.6753149421875 0.9265890999999999
2 0.6425340359375 0.9662285296875 0.66656515 0.9313142015625001 0.644596325 0.9186483437499999 0.6225060015625 0.9471367890625 0.6425340359375 0.9662285296875
2 1 0.68356485 0.9791136515625001 0.69575391875 1 0.7243576046875 1 0.68356485
2 0.49683988437500004 0.104788709375 0.52212575 0.14161077500000002 0.585707571875 0.0935648015625 0.561986253125 0.06067265937500001 0.49683988437500004 0.104788709375
2 0 0.5105890296875 0.007995803125000001 0.549424390625 0.042835612499999995 0.539023040625 0.0357621375 0.490194353125 0 0.49519522812499994 0 0.5105890296875
2 0.3178859046875 0.13231707343750002 0.2940728453125 0.1030719421875 0.2692716578125 0.12059492812499999 0.2866057703125 0.151704303125 0.3178859046875 0.13231707343750002
2 0.12364656249999999 0.146482128125 0.076110109375 0.1599579109375 0.0879056859375 0.19577145468749999 0.13255138125000002 0.177111378125 0.12364656249999999 0.146482128125
2 0.5042830328125001 0.1275380203125 0.4515561671875 0.1547232515625 0.4830083796875 0.21393317500000003 0.5356846921875 0.174057240625 0.5042830328125001 0.1275380203125