2 0.889786546875 0.8662786828125 0.8966599140625 0.782084825 0.8392022265625 0.773799321875 0.8322021234375001 0.8669198609375 0.889786546875 0.8662786828125
2 0.7200894578125 0.8698226124999999 0.7610888296875 0.870050621875 0.7666301546875001 0.832599909375 0.719411821875 0.8228875046875 0.7200894578125 0.8698226124999999
2 0.5698785843749999 0.9957754062499999 0.6066047453125 0.99385066875 0.616116565625 0.9519704640625 0.5813728874999999 0.9430891359375 0.5698785843749999 0.9957754062499999
2 0.3907892421875 0.76340945625 0.44977557968750004 0.7668583265625 0.45144609999999996 0.6992861031250001 0.389679084375 0.6968763765625 0.3907892421875 0.76340945625
2 0.367085709375 0.8211353640624999 0.3688689609375 0.7871517124999999 0.3328920703125 0.7807132734375 0.330204175 0.82009541875 0.367085709375 0.8211353640624999
2 0.3173978328125 0.4170554875 0.373138859375 0.426620084375 0.37992144843750003 0.3712658125 0.3210533953125 0.36216237812499996 0.3173978328125 0.4170554875
2 0.0189249484375 0.150870928125 0.055463784375000005 0.1566869171875 0.0640568890625 0.105994278125 0.031841292187499995 0.10262882499999999 0.0189249484375 0.150870928125
2 0.20885176562500002 0.533333203125 0.226807578125 0.5359595671874999 0.2330584625 0.45833854531249996 0.2195266640625 0.45369663281249994 0.20885176562500002 0.533333203125
2 0.1778667234375 0.49749947656250004 0.19236438125 0.50209076875 0.1994429765625 0.462774234375 0.181520446875 0.46520149218749995 0.1778667234375 0.49749947656250004
2 0.0255269578125 0.976381740625 0.0600298421875 0.9805191687500001 0.0669238921875 0.9085128031249999 0.022225478125 0.9052054187499999 0.0255269578125 0.976381740625
2 0.147119140625 0.9081730562500001 0.18605767499999998 0.914457846875 0.190915284375 0.8779332515625 0.152394740625 0.87281725 0.147119140625 0.9081730562500001
2 0.19758801875 0.2164227625 0.23350284375000002 0.2216768875 0.23502103124999998 0.1728430078125 0.19622430625 0.1677414796875 0.19758801875 0.2164227625
2 0.44136352656250005 0.187000778125 0.44782692187500006 0.12898925781249998 0.4255060734375 0.12242813749999999 0.418482459375 0.181065146875 0.44136352656250005 0.187000778125