2 0.5193118265625001 0.195159084375 0.48492821406250003 0.1824189984375 0.45255332812500004 0.2930109640625 0.48832920937499996 0.3048119546875 0.5193118265625001 0.195159084375
2 0.4799985890625 0.5645173546875 0.40515307343750007 0.5399758859375 0.39560876875 0.5859653265625 0.4628592546875 0.609937765625 0.4799985890625 0.5645173546875
2 0.321100428125 0.5993394984375 0.30783679531249997 0.64581729375 0.374858565625 0.670958184375 0.387200415625 0.6261189859375 0.321100428125 0.5993394984375
2 0.8728204203125 0.548213940625 0.8203177500000001 0.5274090265625 0.81317135625 0.56417403125 0.861658428125 0.5820781875 0.8728204203125 0.548213940625
2 0.2108253625 0.252685259375 0.172024453125 0.240904309375 0.15168250781249998 0.3144698015625 0.187828890625 0.3305800359375 0.2108253625 0.252685259375
2 0.3130074765625 0.0996441671875 0.257084478125 0.07999218125 0.23801873593749998 0.1531992875 0.289872246875 0.169335178125 0.3130074765625 0.0996441671875
2 0.45597972656249997 0.2101024265625 0.444657003125 0.26149874375 0.4594047578125 0.2670904828125 0.4740309296875 0.21361122500000002 0.45597972656249997 0.2101024265625
2 0.58847066875 0.095047125 0.5570397375 0.08500118437500001 0.548215671875 0.1117511328125 0.577714571875 0.124751453125 0.58847066875 0.095047125
2 0.9352662421875 0.22695803906249998 0.9512488015624999 0.233092234375 0.96036906875 0.1954995921875 0.9473161687499999 0.191146184375 0.9352662421875 0.22695803906249998
2 0.95452096875 0.23978486718749997 0.9671447578125001 0.24768881718750002 0.9805814406250001 0.2127513828125 0.9653150734375 0.207362859375 0.95452096875 0.23978486718749997
2 0.8177783140624999 0.25135891093749996 0.8555658703125 0.2686970421875 0.8638008546875 0.24153015625 0.8291590953125001 0.2238946203125 0.8177783140624999 0.25135891093749996
2 0.7797716484375 0.23549193906250002 0.79691408125 0.2436677703125 0.8222258374999999 0.16319713281249998 0.80430400625 0.1621345265625 0.7797716484375 0.23549193906250002
2 0.8008615296875 0.24201403125 0.817292765625 0.255805778125 0.8343771249999999 0.197050184375 0.8185263812500001 0.1915480671875 0.8008615296875 0.24201403125
2 0.343192825 0.10641890000000001 0.3072513609375 0.2411488140625 0.33252938125 0.2545399953125 0.36987963281249997 0.11524024375 0.343192825 0.10641890000000001
2 0.20086521249999997 0.4251694171875 0.1885075796875 0.46697805 0.2034365421875 0.4741187625 0.21288150312499998 0.43174396562500006 0.20086521249999997 0.4251694171875
2 0.261111959375 0.44475296875000003 0.2413152984375 0.4409048875 0.22790710937499997 0.481902859375 0.24375755468750002 0.48740650781249995 0.261111959375 0.44475296875000003