2 0.0972402390625 0.598257128125 0.12848864375 0.5726155828125 0.102820409375 0.5477303671875 0.0714258546875 0.5726316 0.0972402390625 0.598257128125
2 0.1331143875 0.43091041875 0.16569843125 0.4689442796875 0.23108765 0.418339884375 0.1914153515625 0.3765134796875 0.1331143875 0.43091041875
2 0.14058640625000002 0.332922671875 0.164399128125 0.359405453125 0.19092831562499998 0.33026405937500003 0.166508615625 0.30807228750000004 0.14058640625000002 0.332922671875
2 0.030726539062500002 0.3028908796875 0.02739248125 0.3185763921875 0.0444927953125 0.336650140625 0.071140609375 0.31694588437500004 0.050859584375 0.28956207031250003 0.030726539062500002 0.3028908796875
2 0.8940219859375 1 0.8635173375 0.9699026937499999 0.8340714484375 1 0.8940219859375 1
2 0.9549277828125 0.7586030906250001 0.9376092999999999 0.7269912671875 0.9088320546875 0.7552858203125 0.9413259765624999 0.795179075 0.9491241234375 0.7859071625 0.9549277828125 0.7586030906250001
2 0.8873123921875001 0.6009355843749999 0.9086211625 0.6277679015625 0.9524037859375 0.5916982375 0.9290099812499999 0.5618317375 0.8873123921875001 0.6009355843749999
2 0.535457040625 0.4314265640625 0.5565155374999999 0.45229687500000004 0.6078490515625 0.3964173625 0.584257021875 0.37318748749999997 0.535457040625 0.4314265640625
2 0 0.9036172859375 0.0326770234375 0.9105630015624999 0.044979371875 0.891245546875 0.0135171203125 0.873628578125 0 0.890113571875 0 0.9036172859375
2 0.344454103125 0.644630078125 0.36059265625000003 0.6615169921875 0.41731685 0.6188293515625001 0.40709638437500006 0.6069414921875 0.344454103125 0.644630078125
2 0.4650356140625 0.5057131546875 0.4879012125 0.5337885046874999 0.516710865625 0.5081972640625 0.490832521875 0.481444746875 0.4650356140625 0.5057131546875
2 0.4984625375 0.35130762031249996 0.515331603125 0.34476728749999996 0.48357804218749995 0.301390909375 0.46850503281250006 0.31518824843750004 0.4984625375 0.35130762031249996
2 0.1589346609375 0.10238404062499999 0.24482591406249998 0.062416896875 0.2300636640625 0.0119175578125 0.145577296875 0.055285484375000006 0.1589346609375 0.10238404062499999