2 0.55439026875 0.5584033578125001 0.5211690859375 0.54876059375 0.5108244656250001 0.6489532671875 0.5462805656249999 0.6571686625 0.55439026875 0.5584033578125001
2 0.47207258906250005 0.7115358374999999 0.4653323796875 0.76657313125 0.5414935578125 0.7818520703125 0.54901045625 0.7285242046875 0.47207258906250005 0.7115358374999999
2 0.6068740484374999 0.90453533125 0.6205262765625 0.7977247281250001 0.5632262171875 0.7843440390625 0.5490613140625 0.899266734375 0.6068740484374999 0.90453533125
2 0.6893937 0.5934696921875 0.6513225515625 0.584036596875 0.6440837546875 0.6683818718750001 0.67975780625 0.672990665625 0.6893937 0.5934696921875
2 0.6072651796875 0.5791148859375 0.5709385671875 0.5739776578125 0.565998140625 0.65748434375 0.5998400265625 0.6616871140625 0.6072651796875 0.5791148859375
2 0.918978734375 0.7099376703125 0.8361803953125 0.6971473859375 0.8285695093750001 0.7552612953125 0.9079602437500001 0.767215690625 0.918978734375 0.7099376703125
2 0.9657700984375 0.8402464234375 0.9300625874999999 0.8299678796875 0.917607734375 0.9214286109375 0.9519143703124999 0.935733453125 0.9657700984375 0.8402464234375
2 0.8809490453125 0.356614815625 0.86466954375 0.3610124515625 0.88074870625 0.44589201406249995 0.8952169765625 0.44735643906250006 0.8809490453125 0.356614815625
2 0.8407949546875001 0.343821665625 0.827413690625 0.3470191546875 0.8345816234375001 0.3982065625 0.8522794515625 0.39634644531249996 0.8407949546875001 0.343821665625
2 0.4984406 0.9126485328125 0.4505766828125 0.9042462718750001 0.4424072234375 0.9570457031249999 0.49422705 0.967718775 0.4984406 0.9126485328125
2 0.080340615625 0.5088240640625 0.05938624375 0.5077428453125 0.0477704375 0.5788151187499999 0.072640221875 0.582768425 0.080340615625 0.5088240640625
2 0.1492552359375 0.3305344609375 0.136490109375 0.327695415625 0.1312416703125 0.3628742390625 0.14365982500000002 0.36753924531250004 0.1492552359375 0.3305344609375
2 0.017804971875 0.1007629171875 0.00029333437500000004 0.10439452656249999 0.008426389062500001 0.1250324484375 0.025131196875 0.1137243734375 0.017804971875 0.1007629171875
2 0.0431391140625 0.1261601578125 0.019478681249999998 0.1393933390625 0.02851278125 0.15157826875 0.050651693750000004 0.140894659375 0.0431391140625 0.1261601578125
2 0.0636355109375 0.1541554359375 0.0415531265625 0.162148084375 0.0493139609375 0.179244575 0.069030046875 0.1682154515625 0.0636355109375 0.1541554359375
2 0.0773689671875 0.17420473125 0.0554926671875 0.1869534546875 0.068933753125 0.21837686875 0.094612215625 0.2073180953125 0.0773689671875 0.17420473125
2 0.149942171875 0.20031021249999997 0.160714284375 0.21768565468749998 0.18102103281249998 0.2065960203125 0.1736948078125 0.193634565625 0.149942171875 0.20031021249999997
2 0.168488928125 0.1646276375 0.14811062656250001 0.1772189140625 0.15851175 0.1910496546875 0.17611581874999999 0.1826321671875 0.168488928125 0.1646276375
2 0.20215208593749998 0.17004480625 0.1843750125 0.181764090625 0.1871062109375 0.1964041140625 0.208778590625 0.18696200937500002 0.20215208593749998 0.17004480625
2 0.2091378765625 0.1343848671875 0.18891054375 0.145467725 0.19452872968749998 0.1592041515625 0.2140285828125 0.15178302187499998 0.2091378765625 0.1343848671875
2 0.23362744375000002 0.146140975 0.2109229890625 0.1562870046875 0.216262878125 0.1730409265625 0.2373461515625 0.1636591671875 0.23362744375000002 0.146140975
2 0.2406130703125 0.1104794828125 0.22359342343750002 0.117940015625 0.2319430375 0.1349730515625 0.2491764421875 0.12301397031250001 0.2406130703125 0.1104794828125
2 0.2625273359375 0.1251928578125 0.24203578750000002 0.13450928125 0.24582229843749998 0.147844346875 0.265786640625 0.13917721249999998 0.2625273359375 0.1251928578125
2 0.2700390390625 0.0841028875 0.2499853484375 0.096658475 0.25880305 0.11244984375 0.2758483828125 0.09871632500000001 0.2700390390625 0.0841028875
2 0.287731084375 0.0992584640625 0.2732396265625 0.1079473953125 0.2827095625 0.1242640890625 0.2977687234375 0.11432459218749999 0.287731084375 0.0992584640625
2 0.3058741734375 0.0722766859375 0.2889831734375 0.08181326875 0.2975524578125 0.09524109375 0.3130778234375 0.0840569828125 0.3058741734375 0.0722766859375
2 0.3191929140625 0.091175528125 0.30096658593750003 0.105033175 0.31124358124999996 0.11768292031250001 0.328445128125 0.0997554109375 0.3191929140625 0.091175528125