2 0.150812571875 0.29886854218750003 0.18139638125 0.3031668171875 0.197699065625 0.2341073796875 0.1701167984375 0.22303592343749998 0.150812571875 0.29886854218750003
2 0.08466445781250001 0.278781078125 0.118529959375 0.285337740625 0.14679835624999998 0.233550765625 0.1128522015625 0.227579196875 0.08466445781250001 0.278781078125
2 0.1398710328125 0.5431622890625001 0.15702384062500002 0.514994115625 0.094613540625 0.47684325000000005 0.077688896875 0.509540375 0.1398710328125 0.5431622890625001
2 0 0.55228478125 0.02533498125 0.5558453796875 0.0455465765625 0.5059240234375 0.00660634375 0.49055659687500003 0 0.5118457515625 0 0.55228478125
2 0.346413065625 0.4007085328125 0.316491875 0.391706703125 0.2966407453125 0.45187324687499997 0.3257049046875 0.4598552515625 0.346413065625 0.4007085328125
2 0.4192801796875 0.20229213750000002 0.3872629890625 0.19539407343749998 0.373478675 0.2543147046875 0.41133932656249994 0.2545391984375 0.4192801796875 0.20229213750000002
2 0.377794721875 0.31398199843749997 0.40735699375 0.31273886093750003 0.40591889999999997 0.2717649609375 0.3765393015625 0.270933646875 0.377794721875 0.31398199843749997
2 0.42747706562500004 0.11410437343749999 0.4148769 0.11413386875 0.401363078125 0.1646967453125 0.4168504765625 0.1683738984375 0.42747706562500004 0.11410437343749999
2 0.9477234015624999 0.7694221140625 0.96640485 0.74746463125 0.882153178125 0.67296560625 0.86407341875 0.69890495625 0.9477234015624999 0.7694221140625
2 0.3330351453125 0.86290885 0.30144044375 0.8572709125 0.2865616046875 0.9247317015625001 0.3243805609375 0.9300468093750001 0.3330351453125 0.86290885
2 0.08749932499999999 0.9456814687499999 0.1274922296875 0.9513021046875 0.14125125624999998 0.9339891281250001 0.10326678593750001 0.9145605078125 0.08749932499999999 0.9456814687499999
2 0.1909140984375 0.7517981015624999 0.228134065625 0.68328005625 0.198583559375 0.6668355078125 0.1574555453125 0.73810203125 0.1909140984375 0.7517981015624999
2 0 0.8181977078125 0.013909374999999998 0.8225571140625 0.0213584828125 0.7975204875 0 0.7878627875 0 0.8181977078125
2 0.0814485484375 0.8137617796875001 0.048751220312499996 0.80317061875 0.038903521875 0.8305667 0.07214871875 0.8433334078125 0.0814485484375 0.8137617796875001
2 0.093566940625 0.8598342078125001 0.10743827343750001 0.8294060999999999 0.0957393109375 0.818768140625 0.079976684375 0.8516285781249999 0.093566940625 0.8598342078125001
2 0.129468034375 0.7665478171875 0.17950743593750002 0.794564296875 0.18497754375 0.776446140625 0.1385800109375 0.7486416984375001 0.129468034375 0.7665478171875
2 0.42943234375 0.488523440625 0.4786896890625 0.5050394703125 0.49615785 0.47571645 0.44382009531250005 0.4629645921875 0.42943234375 0.488523440625
2 0.45711453437499994 0.4366525046875 0.4491864875 0.4589221078125 0.47800859687499997 0.47046760625 0.4857042640625 0.45086189687499995 0.45711453437499994 0.4366525046875
2 0.816683446875 0.545346375 0.8024943828125 0.5481489140625 0.8014499671875001 0.6409394015625 0.818717440625 0.63796834375 0.816683446875 0.545346375
2 0.8562934328124999 0.49395260937499996 0.83957768125 0.49340211875 0.8292309781249999 0.6079677046875 0.8448835703125 0.60926815625 0.8562934328124999 0.49395260937499996
2 0.8253648374999999 0.44943367656250005 0.8074718140625 0.448716153125 0.8044456156249999 0.509150315625 0.8204655437499999 0.5099028062500001 0.8253648374999999 0.44943367656250005
2 0.8590347062499999 0.44457230625 0.841646803125 0.44452693437499996 0.83839705625 0.48514179375 0.854343634375 0.48648356093749995 0.8590347062499999 0.44457230625
2 0.8676713906250001 0.511140890625 0.884892478125 0.5123619859375 0.8840518906250001 0.47566915625000006 0.8670886640625 0.4729837609375 0.8676713906250001 0.511140890625
2 0.8070131609375 0.1404633625 0.7749244156249999 0.138351925 0.768269825 0.16499917656250002 0.8027161906250001 0.1710378890625 0.8070131609375 0.1404633625
2 0.3969332765625 0.6002770859375001 0.375138715625 0.618799125 0.40374884218749996 0.6414071546875 0.421251253125 0.61928396875 0.3969332765625 0.6002770859375001
2 0.10788420000000001 0.4037601796875 0.1373829046875 0.41150188437499996 0.149721859375 0.3937510734375 0.1135414484375 0.38057184843749997 0.10788420000000001 0.4037601796875
2 0.46420692656250007 0.41606263125 0.4564425984375 0.43715607656250005 0.4919387640625 0.4481421671875 0.4968200734375 0.42724154687500004 0.46420692656250007 0.41606263125
2 0.5262725453125 0.341443053125 0.5140428125 0.355913075 0.5647217328125 0.384622175 0.573950309375 0.364932109375 0.5262725453125 0.341443053125
2 0.99857638125 0.5361338234375 0.9505941078125 0.4844198921875 0.9091818546875 0.5187735609375 0.963698521875 0.5854945125000001 0.99857638125 0.5361338234375