2 0.657809375 0.50290625 0.6542421859374999 0.428759375 0.619165625 0.42816718593749997 0.620653125 0.5051296875 0.657809375 0.50290625
2 0.7237984375 0.5752734375 0.7196359375 0.5390906249999999 0.6441343749999999 0.539684375 0.6447296875 0.57718125 0.7237984375 0.5752734375
2 0.7796796875 0.60078125 0.8539921859374999 0.5936625 0.8522078125 0.5800203125000001 0.7778968749999999 0.5847640625 0.7796796875 0.60078125
2 0.8682593765625001 0.11081875156250001 0.8581531265625 0.0776 0.8040546875000001 0.0953953125 0.8132703125 0.12619375 0.8682593765625001 0.11081875156250001
2 0.31656875156250003 0.27809375 0.31062500000000004 0.2425031265625 0.2297734390625 0.241315625 0.2327453125 0.28185937656250004 0.31656875156250003 0.27809375
2 0.17805156093750002 0.054465625 0.21847656249999997 0.05387343906249999 0.21134375 0.018875 0.1750781265625 0.018875 0.17805156093750002 0.054465625
2 0.2927890640625 0.531971875 0.2868437515625 0.480365625 0.2535515609375 0.480959375 0.2603875 0.531815625 0.2927890640625 0.531971875
2 0.2291765609375 0.7034 0.2238281265625 0.655353125 0.1893468734375 0.6583187515625 0.1926171875 0.707940625 0.2291765609375 0.7034
2 0.0609359375 0.6891625 0 0.6939093765625 1.5625e-9 0.72890625 0.0609359375 0.7271265625 0.0609359375 0.6891625
2 0.0341828140625 0.45189375 0.0017095140625 0.45809242968749997 0.0004645640625 0.4758960421875 0.0020812484374999997 0.5367171859375001 0.0383453125 0.5353734375 0.0341828140625 0.45189375
2 0.24225781249999997 0.8967750000000001 0.2428515625 0.8588125 0.194696875 0.8594046875 0.19796562499999998 0.9000765625 0.24225781249999997 0.8967750000000001
2 0.299328125 0.8433890625 0.3361875 0.8422031249999999 0.3361875 0.7775468734375 0.29457187500000004 0.7739874999999999 0.299328125 0.8433890625
2 0 0.9475318968750001 1.5625e-9 0.96625754375 0.0451149515625 0.9694122875 0.0436953125 0.9267625 0 0.92880625 0 0.9475318968750001
2 0.4295234375 0.9608375015625 0.46638124999999997 0.9596515625 0.46638124999999997 0.9252484375 0.42417187500000003 0.9282124984375001 0.4295234375 0.9608375015625
2 0.7018015625 0.198015625 0.6370015625 0.196828125 0.6370015625 0.21343749843749998 0.7047734375 0.21106406249999998 0.7018015625 0.198015625