2 0.7650278046875 0.93168518125 0.7551412703125 0.9637521343750001 0.79332901875 0.9731384500000001 0.8015093500000001 0.9404674640625 0.7650278046875 0.93168518125
2 0.1379864140625 0.8636029671875001 0.134464028125 0.8744558734375 0.1961264671875 0.8893573421875001 0.20388308593749999 0.876441415625 0.1379864140625 0.8636029671875001
2 0.8441311984375 0.67515923125 0.84224561875 0.683268790625 0.9069847359375001 0.6939369375 0.9100313703125 0.6765890171875 0.8441311984375 0.67515923125
2 0.7850164515625 0.501840303125 0.844708365625 0.5197043625 0.8584306093749999 0.4672252015625 0.7997258078125 0.4507197875 0.7850164515625 0.501840303125
2 0.375199125 0.4855789828125 0.469710384375 0.49994694375000004 0.47567890312500005 0.46605871875 0.3843782484375 0.45039739531249995 0.375199125 0.4855789828125
2 0.9269184890625001 0.2967005625 0.9092211703125 0.328731128125 0.9656521078125 0.35199212812499997 0.9851229 0.32393636875 0.9269184890625001 0.2967005625
2 0.6785781875 0.2477583953125 0.6645540999999999 0.27556469843750003 0.7018966734375 0.292204984375 0.7160769671875 0.2615046734375 0.6785781875 0.2477583953125
2 0.7358865859375 0.0946809546875 0.700677715625 0.1575692078125 0.8010044578125 0.20163124375 0.8340259734375 0.1468601234375 0.7358865859375 0.0946809546875
2 0.1276717046875 0 0.1264149546875 0.0029545953125 0.17341904375 0.021210540625 0.181711153125 0 0.1276717046875 0
2 0.3182406265625 0.325214671875 0.3238639890625 0.3086877609375 0.2711190859375 0.2906204515625 0.26281098125 0.303222809375 0.3182406265625 0.325214671875
2 0.010922771874999999 0.399656065625 0.004983884375 0.4371527265625 0.0231384234375 0.43867236875 0.035133153125 0.4046913328125 0.010922771874999999 0.399656065625
2 0.27855155625 0.4960957 0.2789559765625 0.4859512578125 0.2029136875 0.47074813437499996 0.201663371875 0.4881211203125 0.27855155625 0.4960957
2 0.0832625171875 0.19190694531250002 0.078838165625 0.22363672031249998 0.10779026875 0.228728515625 0.116040146875 0.201301725 0.0832625171875 0.19190694531250002
2 0.0547460140625 0.27326956562500004 0.09397399375 0.28368914375 0.104726915625 0.2499575421875 0.07025321718750001 0.23608923750000002 0.0547460140625 0.27326956562500004
2 0.26090359531249996 0.1900134453125 0.3563969234375 0.2171484703125 0.371503453125 0.1787023796875 0.275789934375 0.14726430625 0.26090359531249996 0.1900134453125
2 0.89031010625 0.39119810781250003 0.8898411359375 0.40553563906249995 0.9230824468750001 0.4120028484375 0.9232745734375 0.3975154765625 0.89031010625 0.39119810781250003
2 0.317473409375 0.0302126890625 0.3114493734375 0.045473837499999996 0.401098984375 0.0734472125 0.40596063281249994 0.0598417984375 0.317473409375 0.0302126890625