2 0.35258742656250003 0.8129465281250001 0.3543339125 0.7752029796875 0.29159114375 0.7702203765625 0.28716283125 0.8080129093749999 0.35258742656250003 0.8129465281250001
2 0.258746853125 0.903701303125 0.2602928703125 0.8603128296874999 0.21960193437500003 0.8634210078125 0.21889311562499997 0.89909283125 0.258746853125 0.903701303125
2 0.1070344875 0.0601056125 0.1147610453125 0.021982975 0.0826799109375 0.0125956796875 0.067590025 0.049644248437499996 0.1070344875 0.0601056125
2 0.2610808578125 0.12980080624999998 0.2432681390625 0.158973065625 0.28786443125 0.19364496874999998 0.3068517171875 0.1604432640625 0.2610808578125 0.12980080624999998
2 0.2614275921875 0.0040881328125 0.2196868078125 0.0048167203125 0.255662815625 0.0285355609375 0.2614275921875 0.0040881328125
2 0.5149559218750001 0.1124805453125 0.51205590625 0.15395271093750001 0.5453076390625 0.155089065625 0.54714751875 0.111754034375 0.5149559218750001 0.1124805453125
2 0.681273690625 0.1854334328125 0.6528262765624999 0.20070969062500002 0.66759863125 0.23627366562500002 0.696586146875 0.21329600937499998 0.681273690625 0.1854334328125
2 0.802796140625 0.40528502031249997 0.78171960625 0.421549728125 0.7977339999999999 0.44362999687500004 0.8254233296875 0.4306830921875 0.802796140625 0.40528502031249997
2 0.727788934375 0.6608096031249999 0.7100721531249999 0.6290275734375 0.6834904125000001 0.6559263468750001 0.6959241859375 0.6823972281249999 0.727788934375 0.6608096031249999
2 0.7284286796874999 0.1749801484375 0.7237047249999999 0.1574407078125 0.6782030890625 0.16974038593750002 0.6879962296875 0.18292595312499998 0.7284286796874999 0.1749801484375
2 0.721613090625 0.1447936828125 0.7158833515625 0.133081090625 0.6745725953124999 0.145075490625 0.6778901453125 0.15721460625 0.721613090625 0.1447936828125
2 0.3388393609375 0.2222157078125 0.32723048593750004 0.19245999375 0.2922545703125 0.2159806171875 0.3025677453125 0.2387304453125 0.3388393609375 0.2222157078125
2 0.202045040625 0.288856065625 0.174814353125 0.2696864125 0.15337490781250002 0.3039086125 0.1783192171875 0.32172798281250004 0.202045040625 0.288856065625
2 0.0732114671875 0.1863036515625 0.0845247046875 0.1734725046875 0.043647903125 0.13667989375 0.02641295 0.15333383750000001 0.0732114671875 0.1863036515625