2 0.072566428125 0.301190103125 0.0314739640625 0.28175694687499997 0.0207036984375 0.33836118437499996 0.0511092515625 0.35520155625 0.072566428125 0.301190103125
2 0.198407090625 0.5086804703125 0.1696761640625 0.49120518906250005 0.154258103125 0.5164161625 0.182717271875 0.5341489765625 0.198407090625 0.5086804703125
2 0.1037745140625 0.660513175 0.05639192656250001 0.633170521875 0.0304330875 0.68316265 0.07868230781249999 0.7088391109375001 0.1037745140625 0.660513175
2 0.1458926953125 0.9488850578125 0.16515889687500002 0.9064894953125 0.115783275 0.8770277234374999 0.091672725 0.9381333140624999 0.1458926953125 0.9488850578125
2 0.45103771562499995 0.8712124140625 0.398641790625 0.8442796093749999 0.375628934375 0.89173258125 0.42402932031249996 0.9240456484375 0.45103771562499995 0.8712124140625
2 0.5536563140624999 0.3665649515625 0.5180749859375 0.36062884687499996 0.5135778453125 0.408010246875 0.5465208703125 0.4126251765625 0.5536563140624999 0.3665649515625
2 0.5512711828125 0.4157837390625 0.5135778453125 0.408010246875 0.5118273859375 0.45702739687499994 0.54369016875 0.4608716640625 0.5512711828125 0.4157837390625
2 0.8773866234375 0.13078753125 0.8501140421875 0.1971048234375 0.8740186390625 0.2090048984375 0.9006008874999999 0.1398746703125 0.8773866234375 0.13078753125
2 1 0.174985209375 0.991734521875 0.1681368796875 0.9486988265624999 0.2749382640625 0.9645148671875001 0.2792467328125 1 0.19455585 1 0.174985209375
2 0.631352025 0.5907796953125 0.6053351484375 0.6335472359375001 0.630333715625 0.6579473421875 0.6574019375 0.6123373984375 0.631352025 0.5907796953125
2 0.5192539046875 0.6577858296875 0.48606004843750006 0.6387035437499999 0.47029805468749997 0.6698715546875 0.49693570625000005 0.691523928125 0.5192539046875 0.6577858296875
2 0.30637083593750003 0.40645015781250005 0.2883070484375 0.4065948921875 0.282939365625 0.4670637359375 0.306188228125 0.4683413890625 0.30637083593750003 0.40645015781250005
2 0.5311186546875 0.2592967609375 0.48467243125000004 0.255547309375 0.48787523593750004 0.2969328625 0.5253253124999999 0.303465525 0.5311186546875 0.2592967609375