2 0.5004619203125 0.25065076875000003 0.43661762031249995 0.2323437109375 0.41445560625000005 0.31967107031249997 0.474692684375 0.335501984375 0.5004619203125 0.25065076875000003
2 0.6290837078125 0.153494765625 0.65045516875 0.0890028578125 0.5938272421875 0.07564701562500001 0.577578446875 0.14737498437500002 0.6290837078125 0.153494765625
2 0.6130669375 0.0436903734375 0.622378678125 0.0162389265625 0.5971065062500001 0.0089922484375 0.5891255125 0.03682528125 0.6130669375 0.0436903734375
2 0.4090552265625 0.8254440625000001 0.440028965625 0.8328854734375 0.45167027031250007 0.7973098640625 0.4121494125 0.78453565 0.4090552265625 0.8254440625000001
2 0.5819356625000001 0.0117031109375 0.556430740625 0.0031739109374999998 0.5514476578124999 0.0025620656249999998 0.5425586484375 0.0335617265625 0.571821559375 0.0419527296875 0.5819356625000001 0.0117031109375
2 0.41172850156249996 0.23416319687499998 0.31290440625 0.2015021 0.2859855203125 0.29323098281250004 0.3750933078125 0.32248829843750004 0.41172850156249996 0.23416319687499998
2 0.7933953484375 0.7617738968750001 0.7993020296875 0.7282616 0.7845577718750001 0.725885159375 0.780032584375 0.7610305734375 0.7933953484375 0.7617738968750001
2 0.80452468125 0.761876790625 0.8163731375 0.763422871875 0.8229292656249999 0.7319482109375001 0.811197478125 0.72981953125 0.80452468125 0.761876790625
2 0.82822936875 0.7631165249999999 0.8373904890625001 0.7675948421875 0.8472883375 0.7352253703125 0.8344978234375 0.7346461390625 0.82822936875 0.7631165249999999
2 0.849605425 0.7692460125 0.8632977171875 0.77193523125 0.8687138484375 0.74013368125 0.8573108828124999 0.736863934375 0.849605425 0.7692460125
2 0.45754219999999995 0 0.4537977125 0.0164502109375 0.4658316625 0.0168108765625 0.4716635453125 0 0.45754219999999995 0