2 0.06168860625 0.27028652656249996 0.0220160609375 0.2643272828125 0.017365687499999997 0.30857263125 0.0430228359375 0.317233225 0.06168860625 0.27028652656249996
2 0.9187658078125001 0.6873304109375 0.9028736125 0.724914175 0.971440615625 0.75419019375 0.9786536625 0.7173721578125 0.9187658078125001 0.6873304109375
2 0.7588223515625 0.46523259375 0.7902286171874999 0.4788368421875 0.8071428078125 0.44287504218749996 0.7770245140625 0.4283770890625 0.7588223515625 0.46523259375
2 0.7214525468749999 0.5310887140625 0.7603676625 0.549934690625 0.767103946875 0.5227649859375 0.7388811125 0.5072737843749999 0.7214525468749999 0.5310887140625
2 0.81298141875 0.4214209390625 0.83363849375 0.389594909375 0.7959677000000001 0.3731106859375 0.7816186765625 0.407387640625 0.81298141875 0.4214209390625
2 0.2974771671875 0.12294316875 0.2838651578125 0.1445276296875 0.3473966359375 0.17625635312500001 0.3596053640625 0.1566626765625 0.2974771671875 0.12294316875
2 0 0.8922393734374999 0.0526126484375 0.8621975687500001 0.0458323546875 0.84716900625 0 0.8727723421875 0 0.8922393734374999
2 0.06524905 0.8328545640625 0.09500742031250001 0.8791783015625001 0.130277959375 0.8673769890624999 0.1067703234375 0.8183841984375 0.06524905 0.8328545640625
2 0.0425147234375 0.3959111203125 0.008933179687499999 0.3888025765625 0.007507182812500001 0.40237003125 0.035480175 0.41739820468750005 0.0425147234375 0.3959111203125
2 0.0441420125 0.3861087703125 0.05139598125 0.3682143015625 0.012919175 0.359398775 0.010359340625000001 0.37523356875 0.0441420125 0.3861087703125
2 0.051825007812500004 0.35561198437499997 0.05751061875 0.338438778125 0.014513529687500002 0.3357090921875 0.0157447703125 0.3495558328125 0.051825007812500004 0.35561198437499997
2 0.25655683281249997 0.4213898125 0.266387453125 0.46134407812499995 0.31806303593749996 0.43262582656250004 0.30397835156249997 0.4019197390625 0.25655683281249997 0.4213898125
2 0.1072264578125 0.9106089687500001 0.16397457499999998 0.8989519046875 0.1625368734375 0.8671885578125 0.1049189859375 0.8700801265625 0.1072264578125 0.9106089687500001
2 0.4966750796875 0.573668515625 0.5216990140625 0.5883537375000001 0.5392469390625 0.5548827625 0.5117090765625 0.54423500625 0.4966750796875 0.573668515625
2 0.607232609375 0.498805440625 0.567288390625 0.5834752125 0.6737430734375 0.6328372296875 0.7107644578125 0.5418947640625 0.607232609375 0.498805440625
2 0.6607880828125 0.40959920624999996 0.68524055 0.3871195390625 0.659376940625 0.3605423375 0.6329667890625 0.38460730625 0.6607880828125 0.40959920624999996
2 0.0022768203125 0.5373376765625 0.0324198328125 0.5373997562499999 0.030793176562500003 0.4960736484375 0.00565264375 0.5023787234375 0.0022768203125 0.5373376765625