2 0.13835220312500002 0.1460558453125 0.1897363234375 0.089523878125 0.152422190625 0.0438417578125 0.0972524578125 0.115839415625 0.13835220312500002 0.1460558453125
2 0.0743117703125 0.270043975 0.0453215015625 0.29215430625 0.075863440625 0.3362735390625 0.1023414359375 0.318062503125 0.0743117703125 0.270043975
2 0.39170770625 0.5286107703125 0.40162917968749995 0.49493500937499996 0.368802503125 0.48580029687500004 0.3563651671875 0.5160508859374999 0.39170770625 0.5286107703125
2 0.35242472812500003 0.457162471875 0.366506725 0.4232545015625 0.3326770734375 0.40107919531249997 0.31383959375 0.4279250109375 0.35242472812500003 0.457162471875
2 0.6342029390625 0.318474525 0.5867696718750001 0.292691125 0.5714576921875001 0.32388973593750003 0.611687296875 0.3494682640625 0.6342029390625 0.318474525
2 0.6189607703125 0.267404534375 0.6494559 0.2185741390625 0.6217265078125 0.2022332625 0.5903980984375 0.249161971875 0.6189607703125 0.267404534375
2 0.62887468125 0.7354853359375 0.6050952328125 0.7099020031250001 0.58097434375 0.7278220484375 0.6029347031250001 0.7556421828125 0.62887468125 0.7354853359375
2 0.78079429375 0.8765537453125001 0.75672029375 0.8534434921875 0.7366422499999999 0.8750577500000001 0.7572790515625 0.9018424062499999 0.78079429375 0.8765537453125001
2 0.15859204375 1 0.1924418453125 0.9739191203124999 0.16815655937500001 0.94665206875 0.1401073515625 0.97642671875 0.1560492515625 1 0.15859204375 1
2 0.9570860984375 0.6314752125 0.9893472421875 0.5897198296874999 0.9604492640625001 0.56873361875 0.9272184187500001 0.6099122546875 0.9570860984375 0.6314752125
2 0.8901515453125001 0.6271313546874999 0.9160522109375 0.596923128125 0.8910521687499999 0.578450928125 0.8698473281249999 0.6103762390624999 0.8901515453125001 0.6271313546874999
2 0.8609461671874999 0.6962227796875 0.838210521875 0.6645244703125 0.8087754593750001 0.6878842609375 0.8304361265625 0.718135603125 0.8609461671874999 0.6962227796875
2 0.57770228125 0.16036608125000001 0.598388796875 0.12910419687500002 0.558758771875 0.098664803125 0.536738634375 0.133681265625 0.57770228125 0.16036608125000001
2 0.0865110796875 0.61543644375 0.1077312640625 0.5860721015625 0.08228661875 0.5688509093749999 0.0642557328125 0.5973938890625 0.0865110796875 0.61543644375
2 0.6373925578125 0.4175193859375 0.6866205640625 0.44573972656249994 0.690390534375 0.4301594625 0.6485481234375 0.4011897078125 0.6373925578125 0.4175193859375
2 0.6526866625000001 0.5055397187499999 0.6771053953124999 0.47786535625 0.64746311875 0.46056135937500003 0.6205184578125 0.4896006046875 0.6526866625000001 0.5055397187499999
2 0.6732299625 0.76054785 0.6621685671875001 0.74597634375 0.6401139859375 0.7612498421875 0.6499465703125 0.77799354375 0.6732299625 0.76054785
2 0.608631765625 0.777680909375 0.6211230828125001 0.7917053234375 0.6585484578125 0.750609875 0.648706978125 0.738652934375 0.608631765625 0.777680909375