2 0.590832659375 0.8774922281249999 0.606479190625 0.9274498453125 0.6348928625 0.9155641484375 0.62504755625 0.8643890656250001 0.590832659375 0.8774922281249999
2 0.382841525 0.9307837953125 0.39733808593750003 0.9859874484375 0.44587502187499994 0.9672504843749999 0.4383424265625 0.913952390625 0.382841525 0.9307837953125
2 0.4887033359375 0.84946011875 0.50080533125 0.8990451921875 0.542069040625 0.887025390625 0.5294121515625 0.8370394953125 0.4887033359375 0.84946011875
2 0.31502223281249997 0.54789725625 0.33467689218749996 0.5994670453125 0.39331799375 0.572654515625 0.37788668125 0.523489359375 0.31502223281249997 0.54789725625
2 0.39716537343749997 0.4366444109375 0.40609351250000003 0.470984525 0.4592941171875 0.45615803125000004 0.44809711874999997 0.4235087703125 0.39716537343749997 0.4366444109375
2 0 0.558270365625 0.0063646515624999995 0.5876248234375 0.0474472390625 0.5716629328125 0.028942534375000002 0.5261779296875 0 0.5377689640625001 0 0.558270365625
2 0.515710896875 0.3709697703125 0.5215625859374999 0.40617900625000003 0.56467838125 0.39925886093749996 0.5541522015625 0.36308227187500003 0.515710896875 0.3709697703125
2 0.6478290265625 0.8691684343749999 0.655514271875 0.9039733640625001 0.728488428125 0.8771024765625001 0.7187419968750001 0.842027490625 0.6478290265625 0.8691684343749999
2 0.3318881375 0 0.34350923906249997 0.0212493015625 0.3780651546875 0.010566921875 0.3718060734375 0 0.3318881375 0
2 0.7394069265625001 0.5942913765625 0.7423978421874999 0.6226374203125 0.76687429375 0.6226506656249999 0.7579280234375 0.588483040625 0.7394069265625001 0.5942913765625
2 0.7128671203125 0.59686883125 0.718718809375 0.632078065625 0.737738853125 0.6328831125 0.7307680703125 0.59696080625 0.7128671203125 0.59686883125