2 0.37082811875 1 0.37350475 0.957587921875 0.29151721406250003 0.9605934812499999 0.2949648375 1 0.37082811875 1
2 0.08989762812499999 0.2910931359375 0.0846792390625 0.3540719765625 0.13614454375 0.3530403671875 0.13732193125 0.2881360828125 0.08989762812499999 0.2910931359375
2 0.1935377671875 0.10637144375 0.13719105 0.10951465625000001 0.1346814859375 0.17279919531250001 0.19544607812499998 0.17587115312499998 0.1935377671875 0.10637144375
2 0.058083559375 0.458815084375 0.061642975 0.48589227343749997 0.146329628125 0.4796751875 0.148478125 0.44971454843750003 0.058083559375 0.458815084375
2 0.4301416765625 0.330992303125 0.43385187968750005 0.34615005625 0.5550107265625 0.337824309375 0.555486071875 0.319431640625 0.4301416765625 0.330992303125
2 0.552960378125 0.36550051250000004 0.5537877531250001 0.364720746875 0.5579158109375 0.34720368125 0.4168308265625 0.355974046875 0.42231394531250005 0.3709766875 0.552960378125 0.36550051250000004
2 0.42107628750000003 0.4181249078125 0.4243789234375 0.44224917656249996 0.5047470578125 0.43776506875 0.50208155 0.4038919234375 0.42107628750000003 0.4181249078125
2 0.5006567468750001 0.3807938328125 0.42033876562500005 0.3824628578125 0.421196434375 0.399060640625 0.49904353593749995 0.3964173234375 0.5006567468750001 0.3807938328125
2 0.5156052718749999 0.394968359375 0.5601526828125001 0.40000339374999994 0.563923578125 0.3818101953125 0.5168856 0.38235251406250004 0.5156052718749999 0.394968359375
2 0.518047409375 0.6817577703125 0.44379930781250004 0.684680665625 0.44756267968749996 0.700428215625 0.5187451828125 0.699952128125 0.518047409375 0.6817577703125
2 0.49777560468750004 0.6680505390625 0.4964831125 0.6532772828125 0.44599955312499995 0.65531151875 0.444874334375 0.6697002796875 0.49777560468750004 0.6680505390625
2 0.4992671421875 0.61016119375 0.49625192656249995 0.596134675 0.43645604687499995 0.597322625 0.443510359375 0.6132527953125 0.4992671421875 0.61016119375
2 0.44658502968749997 0.6415659984375 0.503316378125 0.6360066296875 0.49595387031250004 0.6199779453125001 0.44449263125 0.6244802203125001 0.44658502968749997 0.6415659984375
2 0.3225602140625 0.150458221875 0.3234574390625 0.20158865312500002 0.3958578421875 0.19459568124999999 0.39053002187499997 0.143917184375 0.3225602140625 0.150458221875