2 0.2204907328125 0.7666733734375 0.2041937640625 0.7320952843749999 0.1743215984375 0.750228971875 0.189526903125 0.7842426609375 0.2204907328125 0.7666733734375
2 0.41264530937500005 0.8819903468750001 0.402922978125 0.8482882390625001 0.3677639515625 0.859140190625 0.380135540625 0.8950698953125 0.41264530937500005 0.8819903468750001
2 0.50904005625 0.6936922890624999 0.49707359531249995 0.660762896875 0.45149211562499997 0.6726900875 0.453245628125 0.7047403421875 0.50904005625 0.6936922890624999
2 0.405352234375 0.2376971015625 0.3942762515625 0.20006370312500002 0.36370545 0.20462608593749998 0.3745432015625 0.2520732734375 0.405352234375 0.2376971015625
2 0.7947956140625 0.1425346515625 0.7645094718750001 0.1529630078125 0.76607394375 0.154622184375 0.7740960343750001 0.1917372140625 0.8064695234375 0.1837282875 0.7947956140625 0.1425346515625
2 0.6046754734374999 0.264514871875 0.618439225 0.3081303796875 0.651161325 0.297491221875 0.6384908953124999 0.25130138281250003 0.6046754734374999 0.264514871875
2 0.928562621875 0.8079611984374999 0.9227456765625 0.771030471875 0.8925680890625 0.7760821171875001 0.8982194546875 0.8127575281249999 0.928562621875 0.8079611984374999
2 0.9957354765625 0.753433615625 0.9991624203124999 0.721483471875 0.9656549953125 0.715122425 0.959861465625 0.74945735625 0.9957354765625 0.753433615625
2 0.8829219343749999 0.54423168125 0.8706290875 0.49759785 0.855985940625 0.500443671875 0.8655157078125001 0.5483395843750001 0.8829219343749999 0.54423168125
2 0.897543590625 0.5429648140625 0.8907025796875001 0.4975935765625 0.8773311234375001 0.4968617125 0.8877953265625 0.5438095609375 0.897543590625 0.5429648140625
2 0.9197841906249999 0.5346788 0.9112989609375 0.49364148593749996 0.9009389499999999 0.49438454531250003 0.9077742499999999 0.5344167640624999 0.9197841906249999 0.5346788
2 0.9635854734375 0.5434593750000001 0.957750009375 0.5046511359375 0.9429612453124999 0.5044056390625 0.9498933125000001 0.543778228125 0.9635854734375 0.5434593750000001
2 0.9772450609375 0.5029621515625 0.9646922328124999 0.504770934375 0.9669124171875 0.5385460421875 0.9792694421875 0.5361734109375 0.9772450609375 0.5029621515625
2 0.4077004765625 0.45039736250000006 0.4428800046875 0.441423890625 0.43483989218749997 0.407140896875 0.3982328765625 0.41692152499999996 0.4077004765625 0.45039736250000006
2 0.5368884171875 0.9604083859375001 0.571254734375 0.9454353015624999 0.5557712218749999 0.8986441828125 0.52116671875 0.91055946875 0.5368884171875 0.9604083859375001
2 0.292338296875 0.48886216875 0.3332242109375 0.4691340125 0.321394028125 0.43113399843750005 0.284313153125 0.44672779843750005 0.292338296875 0.48886216875