2 0.06263759218750001 0.21738375156249998 0.0213145140625 0.23454351875 0.0203298796875 0.245797934375 0.0396755328125 0.283834971875 0.0856013796875 0.26232845781249997 0.06263759218750001 0.21738375156249998
2 0.12345918593750001 0.29130614062500004 0.16152231718750001 0.2751241515625 0.131801759375 0.22388016562500002 0.10302718749999999 0.2337966765625 0.12345918593750001 0.29130614062500004
2 0.247388434375 0.311337025 0.278935178125 0.301917821875 0.2658831578125 0.2685092296875 0.238807425 0.275989965625 0.247388434375 0.311337025
2 0.4303897015625 0.384559040625 0.4657537109375 0.376194759375 0.44724843437499995 0.3227752296875 0.4107406546875 0.3323676765625 0.4303897015625 0.384559040625
2 0.1624849078125 0.9494122515625 0.16406121406250002 0.8854886109375 0.10903575624999999 0.8823617562500001 0.10938985781249999 0.9435413546874999 0.1624849078125 0.9494122515625
2 0.2807850703125 0.8083367593749999 0.3138030140625 0.806886690625 0.3142924671875 0.7528054156249999 0.2750557421875 0.7523932546875 0.2807850703125 0.8083367593749999
2 0.5554294 0.813006215625 0.60878501875 0.8132208249999999 0.6229594281249999 0.7426206390625001 0.57041638125 0.7355438046875 0.5554294 0.813006215625
2 0.49683364374999994 0.666225828125 0.5120527359375 0.663910465625 0.512595253125 0.594380428125 0.4976538125 0.5919316328125 0.49683364374999994 0.666225828125
2 0.7737656078125 0.7896377828125 0.782059475 0.7548881 0.7508017687499999 0.744691515625 0.738800903125 0.7754103031249999 0.7737656078125 0.7896377828125
2 0.6705745234375 0.7106581750000001 0.679994565625 0.6740868296875 0.668551346875 0.6697351031250001 0.6585378609375 0.706325609375 0.6705745234375 0.7106581750000001
2 0.5823126421875 0.6641320015625001 0.5930862828125 0.6699939546875 0.6015475421875001 0.639992884375 0.5894279390625 0.633285203125 0.5823126421875 0.6641320015625001
2 0.0431992921875 0.6909787656249999 0.1404754640625 0.6935229281249999 0.1355587515625 0.5867529140625 0.0424133 0.5911954109375 0.0431992921875 0.6909787656249999
2 0.645309275 0.27337979218749997 0.67996335 0.2647432453125 0.66495629375 0.2094207828125 0.63141389375 0.218909675 0.645309275 0.27337979218749997
2 0.6482369109375 0.3092213265625 0.6330226375 0.24796498125 0.5994180734375 0.255673709375 0.6186824546875 0.3138180640625 0.6482369109375 0.3092213265625
2 0.63729280625 0.12037729531250001 0.669088578125 0.10649355625000001 0.651301075 0.056615196874999996 0.618289896875 0.0643032015625 0.63729280625 0.12037729531250001
2 0.7984034578125 0.268033625 0.8282681375 0.257187878125 0.811094746875 0.20788218593750002 0.7838340796875001 0.21002237343750002 0.7984034578125 0.268033625
2 0.84628630625 0.028386207812499998 0.8533131875000001 0.0540181796875 0.8702792546874999 0.0477800859375 0.8640922078125 0.029944021874999997 0.84628630625 0.028386207812499998
2 0.79326805625 0.0237477109375 0.7993797859375 0.0407501578125 0.8175082687499999 0.034175979687500004 0.8141367125000001 0.0255734828125 0.79326805625 0.0237477109375
2 0.9668375156250001 0.07292556875 0.98585636875 0.14920047187500002 0.9868575937499999 0.1506507890625 0.9839980171875 0.0687632015625 0.9668375156250001 0.07292556875
2 0.41454136874999997 0.032800984374999995 0.4666210046875 0.00959429375 0.4509271328125 0.0026565234375 0.3975205625 0.004877990625 0.41454136874999997 0.032800984374999995
2 0.0994297515625 0.4127499890625 0.11628455625 0.4091908453125 0.10865591875 0.3779693125 0.0926313125 0.3785289015625 0.0994297515625 0.4127499890625
2 0.1422548921875 0.40412672031249997 0.1331923265625 0.3658243546875 0.118415096875 0.3681227234375 0.1280296109375 0.40521759062499996 0.1422548921875 0.40412672031249997