2 0.6636981921875 0.8190786078125001 0.7025035625 0.8003112874999999 0.681689684375 0.722686540625 0.63891260625 0.736576028125 0.6636981921875 0.8190786078125001
2 0.8906369749999999 0.666723884375 0.9060504375 0.669976075 0.9430355953125 0.59533603125 0.9272541343749999 0.5898644890625 0.8906369749999999 0.666723884375
2 0.604773903125 0.2753214390625 0.6230187375 0.27465864687499997 0.6375196015625 0.20731973906249998 0.6250712015625 0.203227065625 0.604773903125 0.2753214390625
2 0.5913568640625 0.2411461015625 0.6028917093749999 0.24716065468749998 0.6191584046874999 0.20247135625 0.6016840984375 0.1990464625 0.5913568640625 0.2411461015625
2 0.456556221875 0.2106342890625 0.471416021875 0.21954925625000002 0.4933402796875 0.1673302734375 0.4768452015625 0.1623033484375 0.456556221875 0.2106342890625
2 0.43388121718750006 0.20600871875 0.4498839265625 0.21000792031249998 0.470353871875 0.1614140734375 0.45514977031250003 0.1560742234375 0.43388121718750006 0.20600871875
2 0.33662080156249996 0.561365790625 0.3671485734375 0.544646725 0.3467361203125 0.4911846921875 0.31391851875 0.5067641390625 0.33662080156249996 0.561365790625
2 0.15327545781250002 0.35877017499999997 0.20793172656249997 0.340617084375 0.19032891093749998 0.30638783125 0.14430427343750002 0.3237931375 0.15327545781250002 0.35877017499999997
2 0.21727076093750003 0.17123445625 0.22801650312500002 0.216980440625 0.2681710953125 0.2012667671875 0.25088974999999997 0.15218381718750001 0.21727076093750003 0.17123445625
2 0.05355099375 0.22636540156249998 0.0949416140625 0.21063240312499998 0.08045984687499999 0.1731644125 0.06123047499999999 0.1833497953125 0.05355099375 0.22636540156249998
2 0.1352842046875 0.0200734984375 0.100561975 0.0306429671875 0.10717278593749999 0.0574579671875 0.141278321875 0.0415648921875 0.1352842046875 0.0200734984375
2 0.11893980625 0.1052678359375 0.1548255609375 0.091006096875 0.15078946875000002 0.058387151562499996 0.1149914390625 0.0763253515625 0.11893980625 0.1052678359375