2 0.8574465984374999 0.1059183234375 0.8356121359375001 0.07917314375 0.786067453125 0.1189464046875 0.8082149921875 0.14656249062499999 0.8574465984374999 0.1059183234375
2 0.9327674484375 0.20153932187499998 0.8976144937500001 0.22601985 0.929465590625 0.26486139531249997 0.9584962140625001 0.2378329828125 0.9327674484375 0.20153932187499998
2 0.7192609921875001 0.2593235375 0.6887560625 0.2834790453125 0.7251229312499999 0.32736161875 0.75097716875 0.3059121171875 0.7192609921875001 0.2593235375
2 0.6750698890625 0.30883927187500004 0.6896785984375 0.3476976890625 0.7051042187500001 0.3472126578125 0.6884717546875 0.304926121875 0.6750698890625 0.30883927187500004
2 0.6638459796875 0.321230521875 0.6523107578125 0.32352514375 0.6570517953125 0.3487887765625 0.6730268484375 0.3476716953125 0.6638459796875 0.321230521875
2 0.6132039218750001 0.333998921875 0.662275728125 0.3894922765625 0.6741217859375 0.38033112187499996 0.6242934531250001 0.3225083046875 0.6132039218750001 0.333998921875
2 0.41661375468750006 0.056689975000000004 0.45733072343750003 0.10324435624999999 0.4861433625 0.081587984375 0.4452607234375 0.0326643890625 0.41661375468750006 0.056689975000000004
2 0.2256869734375 0.1069432671875 0.24720089843749998 0.134010028125 0.2975052265625 0.09656601406250001 0.27996551875 0.06684055 0.2256869734375 0.1069432671875
2 0.17316980625 0.06270203437500001 0.12288594687500001 0.0909190203125 0.160644621875 0.1376818328125 0.199443571875 0.10580395312499999 0.17316980625 0.06270203437500001
2 0.47798713125000003 0.34761903437499997 0.5097120734375 0.323080615625 0.48262681250000006 0.29491700781249996 0.4524421078125 0.33095412031250004 0.47798713125000003 0.34761903437499997
2 0.6194051359375 0.19577495312499998 0.633500875 0.20758608125000003 0.6817202953125 0.14886066250000002 0.663307203125 0.1406250328125 0.6194051359375 0.19577495312499998
2 0.8955001140625001 0.4460956234375 0.8693868968749999 0.46012323437499997 0.8882861078125 0.48380006875000003 0.9133285000000001 0.46776413593750005 0.8955001140625001 0.4460956234375
2 0.79407810625 0.551395721875 0.776176753125 0.564253903125 0.8125023140625001 0.6075457296875 0.8302253125 0.5973784171875 0.79407810625 0.551395721875
2 0.3825192046875 0.27662121875 0.3719555078125 0.2853951015625 0.395329071875 0.3135206578125 0.40548261406249997 0.30566825625 0.3825192046875 0.27662121875
2 0.3641769765625 0.294867028125 0.3496121171875 0.3060039 0.3739617484375 0.3310867703125 0.3850497203125 0.3195962578125 0.3641769765625 0.294867028125
2 0.5811876328125 0.1975530171875 0.5677471359374999 0.20266083125 0.583634075 0.23428590312500003 0.5958958703125 0.23104767499999998 0.5811876328125 0.1975530171875
2 0.37162175468749997 0.6377799015625001 0.397859540625 0.613326015625 0.366338225 0.57922300625 0.346006346875 0.6115967125 0.37162175468749997 0.6377799015625001
2 0.356984740625 0.5873170671875 0.3378347984375 0.562764965625 0.319893815625 0.5783043171875 0.34470983125 0.6015674078125001 0.356984740625 0.5873170671875
2 0.6476585359375 0.7910854921875 0.646657246875 0.8209155046875001 0.6989787046875 0.8208295968750001 0.6973757515625 0.789394528125 0.6476585359375 0.7910854921875
2 0.56416885625 0.2219574453125 0.5519542656249999 0.223406775 0.5562794578125 0.2427459234375 0.57078309375 0.23756533124999998 0.56416885625 0.2219574453125
2 0.581645025 0.5483944921874999 0.570396578125 0.5381698640625 0.5367978718749999 0.5678985062499999 0.5465015421875 0.5791255234375 0.581645025 0.5483944921874999
2 0.17544486406249998 0.24824687656250002 0.1637787125 0.250550653125 0.17222200781250002 0.2862674328125 0.1874422015625 0.2828223328125 0.17544486406249998 0.24824687656250002
2 0.1603255828125 0.27430251562499997 0.150341046875 0.2794647 0.15294475624999998 0.291186628125 0.1659629671875 0.29027630625 0.1603255828125 0.27430251562499997
2 0.23477527031249998 0.33159403906249996 0.2206742125 0.33287768125 0.22436568281249997 0.35166594375 0.23413545937500002 0.346814809375 0.23477527031249998 0.33159403906249996
2 0.2147383859375 0.3383503859375 0.2009272453125 0.3396137546875 0.20145333281250002 0.35564893125 0.21763848437500002 0.35749158593749997 0.2147383859375 0.3383503859375
2 0.2338603796875 0.3057652546875 0.22044894375 0.31265506875 0.2264666515625 0.3306854671875 0.2403366765625 0.3249555484375 0.2338603796875 0.3057652546875
2 0.294935559375 0.1845376828125 0.330191859375 0.1728467265625 0.3132263859375 0.12582031093749999 0.2825157 0.14582380781249998 0.294935559375 0.1845376828125