2 0.8126736828125001 0.060054275000000004 0.7657188359375 0.1013961484375 0.792529834375 0.1257817859375 0.8309112437499999 0.08744200625000001 0.8126736828125001 0.060054275000000004
2 0.9278983875 0.2954416828125 0.9583585749999999 0.2689998 0.91882774375 0.2266344453125 0.8949079125000001 0.2569506640625 0.9278983875 0.2954416828125
2 0.4437156171875 0.5491806453125 0.3956801546875 0.49109750312499995 0.3655425953125 0.5134468437499999 0.41351373437500005 0.57319419375 0.4437156171875 0.5491806453125
2 0.251160459375 0.4611048078125 0.22218464999999998 0.419182603125 0.18955843125 0.43874492343749993 0.2192486078125 0.48788324687499995 0.251160459375 0.4611048078125
2 0.27258876249999997 0.4791876078125 0.243304953125 0.505467315625 0.2926981703125 0.566811984375 0.3245091046875 0.5371823421874999 0.27258876249999997 0.4791876078125
2 0.226156384375 0.6180937578125001 0.20447208125 0.59179001875 0.1770346046875 0.61840825 0.2030099453125 0.641114153125 0.226156384375 0.6180937578125001
2 0.0925489328125 0.5804090765625001 0.06817408124999999 0.598966375 0.083132825 0.6286105140625 0.116256178125 0.6125742562500001 0.0925489328125 0.5804090765625001
2 0.25423974375 0.7069942328125001 0.222952540625 0.7275628046875 0.243792765625 0.756381934375 0.2744177859375 0.7311129000000001 0.25423974375 0.7069942328125001
2 0.13194862031250001 0.86075241875 0.17655025 0.8197428453125 0.14394040624999999 0.796770190625 0.1061569359375 0.83083199375 0.13194862031250001 0.86075241875
2 0.4741193359375 0.8252421265625 0.444300834375 0.7986551921875 0.4203764171875 0.8268056625 0.444163590625 0.8510182609375001 0.4741193359375 0.8252421265625
2 0.6973832671875 0.75852361875 0.665874384375 0.7369740890625 0.6532955765625 0.760527375 0.6831474546875 0.77669735 0.6973832671875 0.75852361875
2 0.577916359375 0.08765573125000001 0.6139968453125 0.0628191546875 0.5881967390625 0.037093853125 0.55908795 0.0603526171875 0.577916359375 0.08765573125000001
2 0.180299521875 0.1339532390625 0.15034510625 0.159727609375 0.1708131578125 0.2029748875 0.208989209375 0.1802389828125 0.180299521875 0.1339532390625
2 0.36347103281250004 0.32804489062500003 0.40591796875 0.310100284375 0.38093001875 0.2603011046875 0.3436837734375 0.2811091578125 0.36347103281250004 0.32804489062500003
2 0.339318740625 0.2799254453125 0.37484977812500003 0.25329001875 0.347775821875 0.2206339265625 0.31715080156250003 0.2459029609375 0.339318740625 0.2799254453125
2 0.18978474375 0.8286643453125 0.1488121828125 0.8613771703124999 0.16789713281250002 0.886250625 0.207931246875 0.85965923125 0.18978474375 0.8286643453125
2 0.19864976875 0.3200621421875 0.22750433593750002 0.2928613328125 0.189991646875 0.2541901203125 0.1631421390625 0.280725715625 0.19864976875 0.3200621421875
2 0.13504125625000002 0.44341046406249995 0.1211758203125 0.413013084375 0.06921876875 0.440082546875 0.08249623125 0.4705625609375 0.13504125625000002 0.44341046406249995
2 0.083906075 0.408067525 0.0605590984375 0.37421074375 0.0343177171875 0.3922745703125 0.0465845046875 0.424095796875 0.083906075 0.408067525
2 0.2252104546875 0.0461609578125 0.168670771875 0.0768865921875 0.18554851249999998 0.11165256875 0.2406204421875 0.081148990625 0.2252104546875 0.0461609578125
2 0.29251419375 0.80022635 0.26134204843750003 0.8216023921875 0.2669337734375 0.8357919546874999 0.2989722359375 0.8163138140624999 0.29251419375 0.80022635
2 0.24235352031250001 0.8614090421875 0.23509485 0.8460242171875001 0.22045367031250002 0.8549029718750001 0.22638568281250002 0.86724753125 0.24235352031250001 0.8614090421875
2 0.3221018671875 0.8358253015624999 0.3051868546875 0.8200035640625 0.29254665625 0.83458748125 0.307380875 0.8462805031249999 0.3221018671875 0.8358253015624999
2 0.29872789843750003 0.8486941937499999 0.2886465734375 0.8367008359374999 0.2739792484375 0.8389941390625 0.28702939843749997 0.8593241984375 0.29872789843750003 0.8486941937499999