2 0.38174917656249996 0 0.37063012031250003 0.0500871859375 0.445203203125 0.0605926703125 0.45605556406250003 0 0.38174917656249996 0
2 0.7894088625 0.7813080484375 0.73812685 0.7737390484375 0.735488575 0.8115682515625 0.7884037687500001 0.81890493125 0.7894088625 0.7813080484375
2 0.7233248375 0.703206259375 0.687664559375 0.7071768296875 0.678874575 0.771652009375 0.714800653125 0.7744554703125 0.7233248375 0.703206259375
2 0.22318167656250001 0.789083940625 0.19010773281249999 0.7844982671875 0.1804249609375 0.85548 0.20811220000000002 0.8579064000000001 0.22318167656250001 0.789083940625
2 0.03466511875 0.8822314984374999 0.052329375 0.7661133640625 0.0301155 0.764644303125 0.009382428125 0.870292828125 0.03466511875 0.8822314984374999
2 0.2446742640625 0.241876646875 0.212757384375 0.23755810156249998 0.20954057656249997 0.275253740625 0.24257271406249997 0.281048496875 0.2446742640625 0.241876646875
2 0.7781982359375 0.1777386359375 0.7242442671875 0.1738247609375 0.7122058296875 0.23388735 0.7625789984375 0.24185749687500002 0.7781982359375 0.1777386359375
2 0.8347588953124999 0.8277755453125 0.7992357343750001 0.8232337921875 0.7887592406249999 0.8659660703125001 0.8289052437500001 0.8731001125000001 0.8347588953124999 0.8277755453125
2 0.8174304734375 0.5754494593749999 0.8015377046875001 0.5730022671875 0.790474309375 0.6473246734375 0.80802651875 0.6468002453125 0.8174304734375 0.5754494593749999
2 0.9168138734375001 0.6545279500000001 0.9019464796875001 0.6529252484375 0.8919600437499999 0.6988207125 0.9074802468750001 0.6990474984375 0.9168138734375001 0.6545279500000001
2 0.162393046875 0.8622984593749999 0.17024417187500002 0.8098083203125 0.132851146875 0.8054474515625 0.1229054296875 0.8617244015625 0.162393046875 0.8622984593749999
2 0.54726531875 0.380678878125 0.5466534578125 0.3463697109375 0.45882158124999994 0.34134556875 0.45475688593749997 0.3800673984375 0.54726531875 0.380678878125
2 0.3963739625 0.3055748609375 0.3504762265625 0.3010786265625 0.33829933749999996 0.3775846421875 0.3795931140625 0.380406996875 0.3963739625 0.3055748609375
2 0.4239416953125 0.1227979390625 0.382051284375 0.11678779531250001 0.37785321562499996 0.164019609375 0.41925922031249996 0.16900226406250002 0.4239416953125 0.1227979390625
2 0.31625399062500004 0 0.315487440625 0.0037979531249999997 0.35596235468750004 0.011618903125 0.35701239375 0 0.31625399062500004 0