2 0.29607150781249997 0.8207545843749999 0.2958371796875 0.8735902609374999 0.352167625 0.870434934375 0.34854269375 0.817669925 0.29607150781249997 0.8207545843749999
2 0.2598743609375 0.7114199921875 0.2962749421875 0.7245013499999999 0.31018028124999997 0.6888631000000001 0.2783161609375 0.6780904546875 0.2598743609375 0.7114199921875
2 0.665639765625 0.940634553125 0.6724393671875 0.9567117312500001 0.71877811875 0.939641946875 0.711566871875 0.9202833859374999 0.665639765625 0.940634553125
2 0.5728243125 0.8092437265625 0.5872983671875 0.8408859890624999 0.6668077109375 0.8125001109375001 0.652957775 0.77316575625 0.5728243125 0.8092437265625
2 0.6826077703125 0.788541915625 0.7231657046875 0.7760626109375 0.7060172828125 0.7273376515625001 0.66127053125 0.7390017078125 0.6826077703125 0.788541915625
2 0.5214984484375 0.7175275390625 0.5552174703125 0.696351925 0.5262841671875 0.6504149499999999 0.49594617812499997 0.6663318640625 0.5214984484375 0.7175275390625
2 0.631165590625 0.5403766703125 0.66403024375 0.562832453125 0.673881846875 0.52165105 0.65198094375 0.506964246875 0.631165590625 0.5403766703125
2 0.9232659921874999 0 0.9104617859375 0.014790451562500001 0.9723973125 0.0530069 0.983020884375 0.0407818203125 0.98134555 0 0.9232659921874999 0
2 0.838494940625 0 0.8826631765625 0.035373146875 0.9158325640625 0 0.838494940625 0
2 0.6499287734375 0.10793497656249999 0.6193784375 0.0837895828125 0.585985246875 0.13130893593749998 0.6204525296875001 0.1485290359375 0.6499287734375 0.10793497656249999
2 0.3682864234375 0.2601443734375 0.3962381546875 0.29503075 0.4407419609375 0.25939650625 0.41766735625000007 0.228112428125 0.3682864234375 0.2601443734375
2 0.5071044609375 0.5094953421875 0.504054603125 0.5412508125 0.5426248421875 0.5399039109375 0.5426508828125 0.506623353125 0.5071044609375 0.5094953421875
2 0.8843904406249999 0.0507644296875 0.8577939562499999 0.1057714546875 0.962639571875 0.1478708546875 0.98486565 0.0936089953125 0.8843904406249999 0.0507644296875
2 0.11020948593749999 0.8575462999999999 0.18893426093750001 0.8066037500000001 0.14331465937500001 0.7422332015625 0.07520171406250001 0.799284125 0.11020948593749999 0.8575462999999999