2 0.1191822171875 0.08961191562500001 0.1284611359375 0.12591509843749998 0.164395153125 0.11539122500000001 0.15103924062500002 0.08204605312499999 0.1191822171875 0.08961191562500001
2 0.2172557296875 0.347175021875 0.2502818890625 0.35120513125 0.257207890625 0.315067115625 0.22251529531249997 0.31017191718750003 0.2172557296875 0.347175021875
2 0.583182696875 0.3558852234375 0.5464505890625 0.3524704515625 0.532698959375 0.40133963437500003 0.5656618671875 0.40956461875 0.583182696875 0.3558852234375
2 0.9984399093749999 0.2504935296875 0.9526975921874999 0.2432486578125 0.9452107921874999 0.294313975 0.9857682765625 0.30013491718749996 0.9984399093749999 0.2504935296875
2 0.773381921875 0.45687763437499995 0.8284442703125 0.469801965625 0.8430607437500001 0.41926789062500003 0.793926046875 0.4030775125 0.773381921875 0.45687763437499995
2 0.5679311578124999 0.58121731875 0.581369153125 0.5153507453125 0.543836996875 0.5094062359375 0.5300186140625 0.57387895625 0.5679311578124999 0.58121731875
2 0.42053953125000004 0.6502285828125001 0.4182125 0.592806025 0.367158846875 0.5925269765625 0.365135771875 0.6432553609375 0.42053953125000004 0.6502285828125001
2 0.41987835625000003 0.5253454453125 0.3592774078125 0.5246173421875 0.357321575 0.5597391015625 0.4179789515625 0.5525298734375 0.41987835625000003 0.5253454453125
2 0.3657087671875 0.86735876875 0.37191856875 0.8509247406249999 0.3170395390625 0.848239521875 0.3119729875 0.8612508796875 0.3657087671875 0.86735876875
2 0.34588050937500003 0.8900804375 0.34672533437499997 0.8733598640625001 0.312618934375 0.8685590921875 0.3141259796875 0.8856126156249999 0.34588050937500003 0.8900804375
2 0.46076934375 0.9010315875 0.45897908281250005 0.9332102015625001 0.48270491406250005 0.933334203125 0.487901228125 0.9005259750000001 0.46076934375 0.9010315875
2 0.5007934578125 0.9367987156250001 0.4994887859375 0.9564126625 0.5426421015625 0.9572407109375 0.544282653125 0.943087159375 0.5007934578125 0.9367987156250001
2 0.5019383328125 0.958026665625 0.49846609218750004 0.9742662359375001 0.5289297953125 0.9754874687499999 0.530570103125 0.9613354609375 0.5019383328125 0.958026665625
2 0.641636565625 0.9243152406249999 0.64683174375 0.914287296875 0.630537928125 0.9032968218749999 0.62167433125 0.9175086578125 0.641636565625 0.9243152406249999
2 0.6473352296875 0.9054051421875 0.655205528125 0.88798593125 0.6032609015625 0.874354678125 0.5908474906250001 0.8844005375 0.6473352296875 0.9054051421875