2 0.8476872453125001 0.8507967734375 0.8719570953125 0.7801583 0.7783105265625 0.7525659578125 0.7501041328125 0.8295237921874999 0.8476872453125001 0.8507967734375
2 0.950160678125 0.9269997359375 0.9083543859375001 0.92074400625 0.8936631515625001 0.9764547234375 0.9377410578125 0.9796636937500001 0.950160678125 0.9269997359375
2 0.39386736093749997 0.9467511234374999 0.4094341609375 0.8906830703124999 0.3711467578125 0.883116234375 0.3611214671875 0.93629225625 0.39386736093749997 0.9467511234374999
2 0.5510831890625 0.8041915906250001 0.572727503125 0.7520294375 0.5113737984375 0.7304293687500001 0.494759071875 0.7820531625 0.5510831890625 0.8041915906250001
2 0.5719691171875 0.534660990625 0.579378103125 0.5001360765625 0.5172310046875 0.489842459375 0.5024516140624999 0.5259708859375001 0.5719691171875 0.534660990625
2 0.9175778187500001 0.40226408124999996 0.8453223953125001 0.3917293421875 0.8391523843750001 0.419245809375 0.9096292046875 0.42984265781250003 0.9175778187500001 0.40226408124999996
2 0.9605844125 0.34081323750000003 0.96343398125 0.3033222015625 0.9183985796874999 0.30667564375 0.9220141734375 0.3421601421875 0.9605844125 0.34081323750000003
2 0.46963240781250004 0.20713140624999998 0.467523353125 0.172255640625 0.3513281203125 0.1964927484375 0.3549644890625 0.23257219375 0.46963240781250004 0.20713140624999998
2 0.735841878125 0.0723368421875 0.7381785375 0.0286646265625 0.6443404078125 0.0295682046875 0.643455775 0.0723329421875 0.735841878125 0.0723368421875
2 0.6190309296875001 0.2916064328125 0.6112615625 0.256265425 0.5669867749999999 0.26434207656250003 0.5741006453125 0.2979252015625 0.6190309296875001 0.2916064328125
2 0.3133780078125 0.530340871875 0.338903815625 0.4361223265625 0.264908109375 0.42683658125 0.2449125375 0.5177507390625 0.3133780078125 0.530340871875
2 0.2400425390625 0.922712703125 0.248410296875 0.8646040234375001 0.2140505359375 0.8589247015625 0.20423224375000001 0.9180283593749999 0.2400425390625 0.922712703125
2 0.36092140625 0.9475764249999999 0.3229652203125 0.94949443125 0.3236776015625 0.9868626468749999 0.36097828593750003 0.98318675625 0.36092140625 0.9475764249999999
2 0.0069725453125 0.0961797171875 0.0380125484375 0.096705578125 0.038265484375 0.061415879687499994 0.007608840625 0.0597263921875 0.0069725453125 0.0961797171875
2 0.6639900609375 0.38814775625000003 0.6723187953124999 0.35444123906249997 0.635916671875 0.349777565625 0.6365447109375 0.384775403125 0.6639900609375 0.38814775625000003
2 0.0471050359375 0.314547521875 0.0408783046875 0.2808489890625 0.015255190625000001 0.2871705140625 0.0222241140625 0.3166030421875 0.0471050359375 0.314547521875
2 0.482422475 0.5733909671874999 0.48924533906249995 0.55610795 0.438226165625 0.5412716421875 0.42581490000000005 0.5601037609375 0.482422475 0.5733909671874999
2 0.8401431203125 0.71132040625 0.85277349375 0.6561850890625001 0.8366485640624999 0.6537823140625 0.8206065046875001 0.7047919968749999 0.8401431203125 0.71132040625