2 0.6171217234374999 0.562087275 0.620186778125 0.5335575625 0.58395125625 0.5330023749999999 0.5815730421875001 0.5668599750000001 0.6171217234374999 0.562087275
2 0.7806404953125 0.540248903125 0.7824354140625001 0.5069953265625 0.7188335593749999 0.5035048 0.7158384234375 0.5360401515625 0.7806404953125 0.540248903125
2 0.9998686984375 0.559558596875 0.998895590625 0.5038092765625 0.9319667046875001 0.5002314890624999 0.92938821875 0.55663664375 0.9998686984375 0.559558596875
2 0.75249155 0.118335284375 0.71092501875 0.11846699062499999 0.7057648640624999 0.16305290156250002 0.7526639687500001 0.162234275 0.75249155 0.118335284375
2 0.8540901546875 0.1213079109375 0.7703737921875 0.12217534375000001 0.7698697359375 0.16134010625 0.85123215625 0.1616998796875 0.8540901546875 0.1213079109375
2 0.9020384281249999 0.146574946875 0.90019010625 0.1086373625 0.8606835671875 0.10780171875 0.858035165625 0.14319083125 0.9020384281249999 0.146574946875
2 0.99233223125 0.1277946796875 0.991431578125 0.0761962890625 0.9108220171875001 0.07133831874999999 0.9063958781249999 0.123954828125 0.99233223125 0.1277946796875
2 0.16058913749999998 0.1274808625 0.166332590625 0.0822909296875 0.1093443171875 0.08354976562500001 0.10534773906249999 0.1266651453125 0.16058913749999998 0.1274808625
2 0.4003252546875 0.219404640625 0.398632315625 0.2585901546875 0.44317904375 0.25899870625 0.44132793281250005 0.22099085000000002 0.4003252546875 0.219404640625
2 0.630007003125 0.3476938046875 0.63716399375 0.31553275 0.6014961249999999 0.31338772812500004 0.5943874296875 0.348315546875 0.630007003125 0.3476938046875
2 0.13131961875 0.83219745625 0.1366557953125 0.797695946875 0.090658715625 0.7991598671875 0.087972134375 0.8323618109375 0.13131961875 0.83219745625
2 0.1349297546875 0.8689166046875 0.08687439062499999 0.8715353734375 0.08682061875 0.9023863234375 0.1325412046875 0.9021821078125001 0.1349297546875 0.8689166046875
2 0.3139162984375 0.8485882 0.3135782453125 0.79520003125 0.27760094999999996 0.7923384234374999 0.2765157453125 0.8492410296875 0.3139162984375 0.8485882
2 0.9622346828125 0.9755021875000001 0.9651133796875 0.9362959765625 0.9063503734375 0.937943659375 0.9027859093749999 0.9717938359374999 0.9622346828125 0.9755021875000001
2 0.337784453125 0.582981190625 0.299218840625 0.584840475 0.3006841359375 0.6008345234375 0.33571005 0.6002231453125 0.337784453125 0.582981190625
2 0.743669103125 0.2252774203125 0.74400395 0.21043962968750002 0.711008040625 0.208276096875 0.70923685 0.22587843749999997 0.743669103125 0.2252774203125
2 0.7486739874999999 0.171795990625 0.7094717312500001 0.1712925890625 0.709771965625 0.18849309218750002 0.745391540625 0.18787135 0.7486739874999999 0.171795990625
2 0.8748431968749999 0.35765827968749997 0.8811265640625001 0.343310496875 0.8264047781249999 0.33833195312500003 0.8254881984375 0.3537737390625 0.8748431968749999 0.35765827968749997