2 0.3901885078125 0.3995086484375 0.42074559687499996 0.390716553125 0.402496225 0.33907355 0.37053909375 0.3467247484375 0.3901885078125 0.3995086484375
2 0.5161551765625 0.7093965640625 0.5653934640625 0.691636103125 0.5448190187499999 0.6424491765625 0.496183315625 0.664347378125 0.5161551765625 0.7093965640625
2 0.6305365843749999 0.9424544953125 0.6653685953124999 0.9370777875 0.6464611687499999 0.876843140625 0.610909453125 0.8902639296875 0.6305365843749999 0.9424544953125
2 0.9006018015624999 0.7726118296875 0.9849798562500001 0.75837715625 0.984260471875 0.7117644921874999 0.8912155515625001 0.7248165390625 0.9006018015624999 0.7726118296875
2 0.2137602921875 0.1573277484375 0.22919354687500001 0.1573844828125 0.2299100609375 0.08665858125 0.21474807812500002 0.0836249421875 0.2137602921875 0.1573277484375
2 0.11300401093750001 0.07648234375 0.1573739875 0.0553272171875 0.1473849078125 0.017355825 0.094611078125 0.0426661484375 0.11300401093750001 0.07648234375
2 0.175020946875 0.067781434375 0.18673272968750002 0.063213665625 0.1801420015625 0.044432239062500004 0.168388775 0.0478132296875 0.175020946875 0.067781434375
2 0.197747571875 0.055701240625 0.2088659140625 0.051152631250000004 0.20588176875 0.035809931249999996 0.192402609375 0.0386570828125 0.197747571875 0.055701240625
2 0.3054593984375 0.23373810781249998 0.321996490625 0.231378284375 0.3059159046875 0.161834621875 0.28780737031250003 0.17018887968750002 0.3054593984375 0.23373810781249998
2 0.2692647203125 0.2510430734375 0.2846772 0.250504859375 0.2664391484375 0.1896496 0.2570521125 0.19027445781250002 0.2692647203125 0.2510430734375
2 0.0234013375 0.41706847031249994 0.070819634375 0.39818490624999997 0.060127759375 0.3733085171875 0.011821090624999999 0.39133193906249997 0.0234013375 0.41706847031249994
2 0 0.34817086875 0.009192903125 0.36706512812500003 0.056505976562500004 0.3452131140625 0.046767910937500004 0.322085753125 0 0.345513703125 0 0.34817086875
2 0.31952313125 0.44950529218749996 0.29799904375 0.4110455421875 0.266277353125 0.4204692921875 0.28811231875 0.4678314265625 0.31952313125 0.44950529218749996
2 0.44717165156250005 0.5525819640625 0.4970224890625 0.535394225 0.48102070625 0.5020886390625 0.433664628125 0.5227539328125 0.44717165156250005 0.5525819640625
2 0.6866976765625 0.5620408890624999 0.7217976171875 0.5643814078125 0.7253879046875 0.537222375 0.6846820359375 0.5383468 0.6866976765625 0.5620408890624999
2 0.833495475 0.5676086109375 0.83167956875 0.532620984375 0.81792130625 0.5295352 0.8168340531249999 0.5664081046875 0.833495475 0.5676086109375
2 0.7905973640624999 0.54593628125 0.80433485 0.5484271171875 0.804992878125 0.5228573265625001 0.7899549953125 0.52754124375 0.7905973640624999 0.54593628125
2 0.1234672515625 0.5460626140625 0.173233640625 0.5265013749999999 0.15963051875 0.495488475 0.1081609015625 0.515703303125 0.1234672515625 0.5460626140625