2 0.1931367453125 0.8569586734374999 0.1615260671875 0.833934009375 0.14266714687499998 0.8667757953124999 0.170894021875 0.8865741140625 0.1931367453125 0.8569586734374999
2 0.338813721875 0.63964055625 0.3070652125 0.6245347812500001 0.2872401953125 0.6730623921875 0.31930892499999997 0.6935600375 0.338813721875 0.63964055625
2 0.245493909375 0.560531296875 0.21569847968750003 0.543190934375 0.202076815625 0.5636897359375 0.23367173125 0.58489670625 0.245493909375 0.560531296875
2 0.247120459375 0.48248767812500004 0.1734785546875 0.441688378125 0.1637288765625 0.4689502484375 0.23404821875 0.50954685625 0.247120459375 0.48248767812500004
2 0.2542292234375 0.42452429374999995 0.22402851875000002 0.4024139578125 0.20176547500000003 0.450849578125 0.23767882343750002 0.472352665625 0.2542292234375 0.42452429374999995
2 0.22505838281249999 0.3329937765625 0.2031422953125 0.3898554515625 0.23721510937499998 0.40446558125000004 0.2599588671875 0.3486420078125 0.22505838281249999 0.3329937765625
2 0.0772406671875 0.17745127031250002 0.0469879125 0.16081513125 0.025907064062500002 0.1901852046875 0.061079665625 0.2130581765625 0.0772406671875 0.17745127031250002
2 0.4810918984375 0.12924655000000002 0.5174878140625 0.1433628890625 0.54239661875 0.074330215625 0.508462184375 0.0609047015625 0.4810918984375 0.12924655000000002
2 0.46913188906250003 0.1615308515625 0.50502028125 0.181826815625 0.5152093453125001 0.15204029531250002 0.48211714531250005 0.1369182234375 0.46913188906250003 0.1615308515625
2 0.64501038125 0.25769156249999997 0.6085795296875001 0.24054757499999999 0.5801636484375 0.2948468265625 0.6145900421875 0.3145398265625 0.64501038125 0.25769156249999997
2 0.7370894359375 0.2138389671875 0.6978751015625 0.1978936421875 0.6917611609375001 0.23197199687499998 0.7271178796875 0.24084609218750003 0.7370894359375 0.2138389671875
2 0.9119865453125 0.5681895359375 0.9315653703125 0.5688856437500001 0.9383611484375001 0.5064361765625 0.9214704640625 0.504258165625 0.9119865453125 0.5681895359375
2 0.6287144296875 0.909451896875 0.5608677453124999 0.8759189921875 0.5397740421874999 0.9137884046875 0.6357815328124999 0.9677406875000001 0.6752407203125 0.8940992953125001 0.6437029671875 0.8771292781250001 0.6287144296875 0.909451896875
2 0.46372859218749996 0.5074669203125 0.44629350937499995 0.5397025531249999 0.4826024390625 0.556265440625 0.5005818343749999 0.5208790359375 0.46372859218749996 0.5074669203125
2 0.38943508437499996 0.6064211078125 0.43544475 0.6257781578125 0.44717389374999994 0.594451853125 0.40313676718749997 0.57376340625 0.38943508437499996 0.6064211078125
2 0.5110902234375 0.4160599203125 0.57150765 0.4032178 0.558539765625 0.355893896875 0.5024641578125 0.3669026125 0.5110902234375 0.4160599203125