2 0 0.9401953125 0.040671875 0.9597703125000001 0.066796875 0.9084984374999999 0 0.87731875 0 0.9401953125
2 0.046015625 0.9834968749999999 0.032359375 0.9977328125 0.08104687499999999 0.9987546875 0.07748437500000001 0.9965468749999999 0.046015625 0.9834968749999999
2 0.5468468750000001 0.7359296875 0.5251750000000001 0.8061375 0.56258125 0.8180015624999999 0.58039375 0.7462265625 0.5468468750000001 0.7359296875
2 0.47470625 0.7509718750000001 0.484503125 0.7145828125 0.392175 0.6916546875 0.3791125 0.7248734375 0.47470625 0.7509718750000001
2 0.541503125 0.5864906249999999 0.53289375 0.6181015624999999 0.57505 0.6275921875 0.58276875 0.6008984374999999 0.541503125 0.5864906249999999
2 0.36070625 0.45497812499999996 0.366940625 0.415703125 0.3328 0.41226874999999996 0.3256734375 0.45082500000000003 0.36070625 0.45497812499999996
2 0.7490203125 0.3543265625 0.7341765625 0.4176078125 0.8167078125 0.4342171875 0.8232390625000001 0.3600703125 0.7490203125 0.3543265625
2 0.9458484374999999 0.3436515625 0.9348656249999999 0.40455781249999995 0.9728656250000001 0.409896875 0.989490625 0.3588828125 0.9458484374999999 0.3436515625
2 0.7496140625 0.18626875 0.7427859375 0.2653734375 0.7917703125 0.2705 0.8066140624999999 0.19398125 0.7496140625 0.18626875
2 0.6106765625 0.023739062499999998 0.6071140625 0.061703125000000004 0.6599578125 0.06466875 0.6653 0.0278921875 0.6106765625 0.023739062499999998
2 0.2591734375 0.1621890625 0.2467046875 0.1981328125 0.3102375 0.2194875 0.3221109375 0.18330312499999998 0.2591734375 0.1621890625
2 0.20692343750000003 0.29600781249999997 0.2057359375 0.31696562500000003 0.23779843750000002 0.31498906249999997 0.2419546875 0.2995671875 0.20692343750000003 0.29600781249999997
2 0.20662656250000003 0.322303125 0.1956421875 0.35769687499999997 0.21464218750000003 0.3624421875 0.22414218749999998 0.3280390625 0.20662656250000003 0.322303125
2 0.94763125 0.646978125 0.9396140624999999 0.6815703125 0.984740625 0.6851296875 0.9883031250000001 0.65013125 0.94763125 0.646978125
2 0.7157703125 0.74800625 0.7499109374999999 0.7581687500000001 0.7620828125 0.7064843749999999 0.7258640625 0.6981796874999999 0.7157703125 0.74800625
2 0.184953125 0.693434375 0.22087656249999998 0.70301875 0.2348296875 0.666740625 0.1867359375 0.65784375 0.184953125 0.693434375
2 0.2422515625 0.6709968749999999 0.2306734375 0.7052968749999999 0.2514546875 0.7118234375 0.2651109375 0.67741875 0.2422515625 0.6709968749999999
2 0.400784375 0.8026453124999999 0.39455 0.8168140625 0.44739375 0.8304578125000001 0.45095625000000006 0.8168140625 0.400784375 0.8026453124999999
2 0.08728125 0.3365359375 0.075109375 0.40870937500000004 0.1297359375 0.4146421875 0.150515625 0.3410890625 0.08728125 0.3365359375