2 0.8087280890624999 0.2454789703125 0.8431603421875 0.2460799890625 0.842362834375 0.189705921875 0.807051515625 0.18843477343749998 0.8087280890624999 0.2454789703125
2 0.9852682500000001 0.4740026390625 0.990825028125 0.427823834375 0.9296159734374999 0.4303153453125 0.9267072375 0.4778827625 0.9852682500000001 0.4740026390625
2 0.7497941046875 0.3898005375 0.7515300828125 0.35838855000000003 0.6820926375 0.3559888328125 0.681514934375 0.3890853546875 0.7497941046875 0.3898005375
2 0.5027541421875 0.45788696562500003 0.501615003125 0.421084915625 0.4262290390625 0.41917520937499997 0.4301059734375 0.45231354375 0.5027541421875 0.45788696562500003
2 0.4896469578125 0.9026071953124999 0.52429660625 0.890753859375 0.5061218625 0.8433091296875 0.471457325 0.8560154609374999 0.4896469578125 0.9026071953124999
2 0.9744521609374999 0.821487109375 0.9693230406250001 0.77512334375 0.8723479390625 0.7852949453125 0.88307985 0.833875578125 0.9744521609374999 0.821487109375
2 0.68521185 0.6194740265625 0.7433816875 0.6210832234375 0.740884 0.5600490875 0.688643975 0.5590215921875 0.68521185 0.6194740265625
2 0.4021950828125 0.6394518078125 0.4566254328125 0.6510800828125001 0.470598428125 0.5820212390624999 0.4194868734375 0.5673754265625 0.4021950828125 0.6394518078125
2 0.249885034375 0.5537352624999999 0.30927325 0.5535857703125 0.3121251421875 0.4751642234375 0.25910367968750003 0.4678736984375 0.249885034375 0.5537352624999999
2 0.184637390625 0.8895711203125 0.1878110984375 0.945986665625 0.22903406249999997 0.9487909078125 0.22673702499999998 0.8932720515625 0.184637390625 0.8895711203125
2 0.0753648296875 0.9919733984375 0.16262229687500002 0.994187215625 0.16271918125 0.97162609375 0.107408534375 0.9593089140625001 0.1028921515625 0.9799941796875 0.0828614359375 0.9707463125 0.0753648296875 0.9919733984375
2 0.2760129921875 0.996068003125 0.2728858171875 0.9710971234375 0.23545420468749997 0.9722237125 0.2317836359375 0.9953944312499999 0.2760129921875 0.996068003125
2 0.2578910859375 0.1290900015625 0.295446909375 0.12084730937499999 0.28727084375 0.06192689375 0.251874853125 0.0655065703125 0.2578910859375 0.1290900015625
2 0.152125309375 0.23462583124999997 0.10283242968749999 0.23495153906250002 0.1043222234375 0.2855961921875 0.15304861875 0.283882259375 0.152125309375 0.23462583124999997
2 0.9938650859375 0.3698459125 0.956855065625 0.3667169828125 0.9491203453124999 0.40158574218750004 0.9957458078125001 0.40573222500000006 0.9938650859375 0.3698459125