1 0.0246259765625 0.3839998671875 0.042391509375000004 0.4201055109375 0.0749970234375 0.4028770203125 0.057286853125 0.367827740625 0.0246259765625 0.3839998671875
1 0.0746259015625 0.4025428609375 0.09867691875 0.39034866562500004 0.0859449234375 0.3695004984375 0.06394979218749999 0.38052924843749997 0.0746259015625 0.4025428609375
1 0.0902032703125 0.4507546140625 0.06081900312500001 0.46887198437500005 0.0840821484375 0.5022205015625001 0.11202357031250001 0.48347152812500005 0.0902032703125 0.4507546140625
1 0.127642653125 0.5055797 0.12038819375000001 0.4950261546875 0.0913934484375 0.5138287671875 0.09872166875 0.5257897546875 0.127642653125 0.5055797
1 0.0999303859375 0.5017419750000001 0.0953962546875 0.4959838828125 0.08482266875 0.5028857828125 0.08937528125000001 0.5089965171874999 0.0999303859375 0.5017419750000001
1 0.1121158125 0.48523161249999996 0.10530135781250001 0.48982110624999997 0.1129084578125 0.50035616875 0.119739753125 0.4961178390625 0.1121158125 0.48523161249999996
1 0.1367715828125 0.7033855140624999 0.14777613750000002 0.6505496703125 0.132212053125 0.6473144859375 0.12073982812499999 0.6989591109375 0.1367715828125 0.7033855140624999
1 0.10521810312499999 0.6965321906249999 0.1159897625 0.6392524468749999 0.08981700625 0.6345470234375 0.0781523609375 0.690252596875 0.10521810312499999 0.6965321906249999
1 0.0806002203125 0.6828330671875 0.08983818593750001 0.63495115625 0.07672007812500001 0.6319930265625 0.0670764203125 0.6798961984375 0.0806002203125 0.6828330671875
1 0.22208912656250002 0.7467172234375 0.23679465624999999 0.6872050984375 0.19897058750000002 0.6766295390625 0.1842226171875 0.7353318375 0.22208912656250002 0.7467172234375
1 0.25023225937500004 0.688527078125 0.2333574859375 0.7530126734375 0.2449014203125 0.7568637890625001 0.2617353953125 0.6915698453125 0.25023225937500004 0.688527078125
1 0.244880240625 0.75645965625 0.2576153953125 0.7598430984375 0.2704694578125 0.7113679984375 0.2585636671875 0.70834476875 0.244880240625 0.75645965625
1 0.2016585953125 0.921172434375 0.21515336875000002 0.8617253281249999 0.1897661375 0.8565734953125 0.1782497515625 0.9151079984375 0.2016585953125 0.921172434375
1 0.2025515796875 0.9227466062499999 0.22632227968750002 0.927983159375 0.2414743015625 0.8692581203125 0.216448925 0.8632784015625001 0.2025515796875 0.9227466062499999