2 0.3827304828125 0.630244775 0.43483240156249997 0.62495853125 0.417192578125 0.5540866484375 0.3693564734375 0.557884021875 0.3827304828125 0.630244775
2 0.53884291875 0.6361004546875 0.57553914375 0.636584871875 0.5578113171875 0.532969275 0.5197865140625 0.5410239203125 0.53884291875 0.6361004546875
2 0.5965221171875 0.55085379375 0.6295161015625 0.553458559375 0.6297179140625 0.516570278125 0.593580265625 0.5146384890625 0.5965221171875 0.55085379375
2 0.5886967125 0.48423940156249995 0.62501874375 0.4817200875 0.6198241171875 0.45397765 0.58682299375 0.45821718437500003 0.5886967125 0.48423940156249995
2 0.46037086718750003 0.2663492625 0.5012696562500001 0.2701019859375 0.49632915468750005 0.213212521875 0.4592155453125 0.20823648437500003 0.46037086718750003 0.2663492625
2 0.440593046875 0.7149405015625 0.4936982078125 0.7100235796875001 0.49161364062499996 0.67178501875 0.43828736562500004 0.6775792796875 0.440593046875 0.7149405015625
2 0.501915334375 0.9218956984375 0.5458901140625 0.9160427171875 0.54025484375 0.87755586875 0.4967812875 0.887015096875 0.501915334375 0.9218956984375
2 0.337338890625 0.8398546421875001 0.385795603125 0.82449426875 0.3764361796875 0.779795003125 0.3242210109375 0.7951901593749999 0.337338890625 0.8398546421875001
2 0.2537496671875 0.7982990875 0.310473790625 0.787681659375 0.299007671875 0.7475966796875 0.2439044859375 0.7532666890625 0.2537496671875 0.7982990875
2 0.2127444796875 0.88739010625 0.2664739140625 0.8726944718749999 0.2477877515625 0.8082966203125 0.1971821546875 0.8261866937500001 0.2127444796875 0.88739010625
2 0.206733484375 0.9447025968749999 0.207109615625 0.9807400578125 0.24032382187499998 0.983062621875 0.24168641562499998 0.946553109375 0.206733484375 0.9447025968749999
2 0.279130753125 0.6393683718750001 0.31359181875000003 0.6325509609375 0.29838441875 0.577919565625 0.2684784015625 0.58892273125 0.279130753125 0.6393683718750001
2 0.3687356765625 0.7224149421875 0.4014954234375 0.719051328125 0.3937011453125 0.677437509375 0.363534278125 0.683659265625 0.3687356765625 0.7224149421875
2 0.17165595312499998 0.5568562499999999 0.22677898124999998 0.5389860328125 0.20448262499999997 0.49219172968749997 0.154085784375 0.507118834375 0.17165595312499998 0.5568562499999999
2 0.134115325 0.5206023609375 0.0943674828125 0.5362741171875001 0.1131849671875 0.5733035234375 0.1461338875 0.5613211734375 0.134115325 0.5206023609375
2 0.036878009375 0.39297729062500003 0.07208281250000001 0.3787718875 0.04567396875 0.32276201250000003 0.0166609671875 0.3379955890625 0.036878009375 0.39297729062500003