2 0.7570906078124999 0.39032695 0.8115387296875 0.391947271875 0.8099686515625001 0.33986354687500003 0.7648143187499999 0.332711803125 0.7570906078124999 0.39032695
2 0.1274951171875 0.30041549375 0.1905865265625 0.3006015171875 0.2027156765625 0.1974524359375 0.1313441296875 0.18754834375 0.1274951171875 0.30041549375
2 0.056903753125 0.329863246875 0.0232644734375 0.321733628125 0.013307420312500002 0.384599990625 0.05897693750000001 0.38763001875 0.056903753125 0.329863246875
2 0.60949363125 0.7199885640625 0.7056435390625 0.7240104921875 0.701986703125 0.6673929421875 0.6138319328125 0.6660389515625 0.60949363125 0.7199885640625
2 0.4247025 0.655697140625 0.516893671875 0.649285390625 0.517404459375 0.6283513125 0.4221902953125 0.62728085625 0.4247025 0.655697140625
2 0.4259158125 0.692314325 0.5338780984375 0.6926022046875 0.535757759375 0.671884934375 0.42210495625 0.6720973984375 0.4259158125 0.692314325
2 0.4576664390625 0.730966465625 0.5291861140624999 0.7310857625 0.5296969015624999 0.7101516859375 0.45731121406249997 0.7155001671875 0.4576664390625 0.730966465625
2 0.29480189375 0.8116414546874999 0.3494663359375 0.8118959921875 0.351128134375 0.7925442640625 0.29581400156250004 0.796391721875 0.29480189375 0.8116414546874999
2 0.2938733390625 0.782075946875 0.35055634687500004 0.7784452984375 0.35019957968750004 0.76297875625 0.295102009375 0.7654588828125 0.2938733390625 0.782075946875
2 0.206127065625 0.6098714703125 0.33619864375 0.612259484375 0.334622428125 0.586793128125 0.2047674125 0.58303778125 0.206127065625 0.6098714703125
2 0.20949623437499998 0.0780920609375 0.1255683234375 0.0804148796875 0.1216748953125 0.093610459375 0.214337696875 0.09687600625000001 0.20949623437499998 0.0780920609375
2 0.20851790937499998 0.05391479375 0.1795335796875 0.054729740625 0.1810107484375 0.068176371875 0.21465542499999998 0.0644958078125 0.20851790937499998 0.05391479375
2 0.19795649531249998 0.6329920265625 0.1971471671875 0.6532839984375001 0.2318733828125 0.6503758828125 0.23243461562499998 0.6316503234375 0.19795649531249998 0.6329920265625