2 0.8078904140625 0.49741678437500003 0.8598164031250001 0.516435290625 0.8827306374999999 0.4583419765625 0.8368228156249999 0.43735007656249997 0.8078904140625 0.49741678437500003
2 0.8751407078125 0.247394571875 0.9023801499999999 0.269545215625 0.9359781390625 0.2288597578125 0.91087834375 0.2052618625 0.8751407078125 0.247394571875
2 0.8477865921875001 0.8288838671875001 0.8810580078125 0.8285738609375001 0.8841904234375001 0.782605903125 0.851642928125 0.7778809 0.8477865921875001 0.8288838671875001
2 0.5116250250000001 0.7143433421875 0.5474844171875 0.723876878125 0.5731655359375 0.6554396515625001 0.5412842640625 0.6465678328125 0.5116250250000001 0.7143433421875
2 0.3734440578125 0.6774886390625 0.36666243593750003 0.7260651828125 0.40103079687500004 0.7284466046875 0.4059811890625 0.6828073015625 0.3734440578125 0.6774886390625
2 0.2402504625 0.6947604703125 0.2756274515625 0.70220714375 0.2864469875 0.6652809703125 0.249268915625 0.6539413359374999 0.2402504625 0.6947604703125
2 0.055165420312500005 0.8298946234375 0.09182996875 0.8343945671874999 0.091903825 0.7984700734375 0.0563186203125 0.7978489296875 0.055165420312500005 0.8298946234375
2 0.262316928125 0.6541690906250001 0.294988209375 0.6633516171875 0.31504625937499997 0.6242097796875 0.28148036875 0.6099655546875 0.262316928125 0.6541690906250001
2 0.3240173859375 0.7900494171875 0.36129543124999997 0.7892155078124999 0.36567500625 0.748613884375 0.32405583125000004 0.753825821875 0.3240173859375 0.7900494171875
2 0.3146137328125 0.9856907218750001 0.31528025312499997 0.9846781390625001 0.275823903125 0.9679557328125 0.2688414984375 0.9816861703124999 0.3146137328125 0.9856907218750001
2 0.9307170921875001 0.277165925 0.9637483953125001 0.2352828953125 0.9520623 0.224983625 0.9157947406250001 0.2635440421875 0.9307170921875001 0.277165925