2 0.803985409375 0.19249264375 0.8077178296874999 0.24105135 0.8426874578125 0.24427247031250002 0.8410247562500001 0.1851988453125 0.803985409375 0.19249264375
2 0.44044240312499994 0.679470775 0.448508703125 0.73136974375 0.4823344921875 0.7420828703125 0.4720248265625 0.6813829984375 0.44044240312499994 0.679470775
2 0.43284718125 0.6138705625 0.43748328125 0.668327559375 0.468181428125 0.6616665015625001 0.4634016265625 0.607512753125 0.43284718125 0.6138705625
2 0.38549703125 0.39041744375 0.38926304843750004 0.4282722234375 0.4391839015625 0.4313043484375 0.4363153234375 0.385375909375 0.38549703125 0.39041744375
2 0.394901878125 0.27517197968749996 0.40153622968749997 0.3110927421875 0.4451874625 0.30791323125000003 0.443256759375 0.2684758546875 0.394901878125 0.27517197968749996
2 0.3884885296875 0.22080812500000002 0.39047729531250003 0.258756046875 0.4367809046875 0.24949188125 0.43678282343749997 0.21292604375000002 0.3884885296875 0.22080812500000002
2 0.3789572046875 0.17493001875 0.3846543609375 0.21565798125 0.43664707187499996 0.2129331578125 0.4289340453125 0.1651776296875 0.3789572046875 0.17493001875
2 0.3093854640625 0.6268811296875 0.3152370328125 0.68187055625 0.34437698125 0.6788554203125 0.3449583875 0.625611396875 0.3093854640625 0.6268811296875
2 0.28432780156250004 0.76078386875 0.305746446875 0.761445059375 0.2970872109375 0.7095771656250001 0.28121939375 0.712787021875 0.28432780156250004 0.76078386875
2 0.248232615625 0.7180831750000001 0.24931770156250002 0.7501328078125 0.2689556453125 0.752373734375 0.26241796875 0.7167451875 0.248232615625 0.7180831750000001
2 0.20418245937499999 0.7049330609375 0.206761640625 0.754146771875 0.2243069765625 0.7502544359375001 0.22123615000000002 0.7016610546875001 0.20418245937499999 0.7049330609375
2 0.01608645 0.7962461359375 0.02046645 0.837636128125 0.06411368125 0.83178285 0.058292224999999996 0.788683140625 0.01608645 0.7962461359375
2 0.713503084375 0.41544147656249997 0.6388648890625 0.4193530984375 0.6460766890625 0.545617453125 0.7202487671875 0.5328117875 0.713503084375 0.41544147656249997