2 0.8150603859375 0.6200276953125 0.8527658515625 0.557472703125 0.77302859375 0.506122928125 0.7365109953125 0.5715364968750001 0.8150603859375 0.6200276953125
2 0.6179848546875 0.8961467624999999 0.6501006953124999 0.7943625484375 0.6052655390624999 0.7801300234374999 0.5673001656250001 0.8662477203125001 0.6179848546875 0.8961467624999999
2 0 0.534963409375 0.015305340625 0.6438665640625 0.043032971875 0.6575902874999999 0.076145421875 0.5614220828125001 0 0.5276604 0 0.534963409375
2 0.7104577546875 0.38800641874999997 0.7279778218749999 0.355941071875 0.6972530953125 0.33853510937500003 0.683879153125 0.3708903828125 0.7104577546875 0.38800641874999997
2 0.6568476109375 0.380097496875 0.674271109375 0.349413153125 0.6356387406249999 0.3259047796875 0.6139741046875 0.3576803109375 0.6568476109375 0.380097496875
2 0.770377253125 0.2659733 0.7908539140624999 0.23134075312500002 0.7402656875 0.2000622671875 0.7254142796874999 0.2337004125 0.770377253125 0.2659733
2 0.807123515625 0.1575756625 0.8231288203125 0.16701826250000001 0.8446969937500001 0.136622178125 0.8160600640625001 0.1290733640625 0.807123515625 0.1575756625
2 0.7277098203125 0.061862265625 0.6966939359375 0.04859764375 0.68618179375 0.0797637109375 0.7056575671875 0.0991585796875 0.7277098203125 0.061862265625
2 0.69007384375 0.043973023437499995 0.6537552171875001 0.046981265625000004 0.6568692078125 0.0818772421875 0.6885607484375 0.08547951875000001 0.69007384375 0.043973023437499995
2 0.6658598109375 0.21150296875 0.6806147578124999 0.179244265625 0.6225376421875 0.1557655046875 0.6155924296874999 0.195504396875 0.6658598109375 0.21150296875
2 0.41854276874999996 0.11375978125 0.3707197703125 0.08267309375000001 0.35043613749999997 0.11454519062499999 0.40507247343749997 0.1474929390625 0.41854276874999996 0.11375978125
2 0.48981743906249997 0.305998371875 0.50576191875 0.27659679531250003 0.46674337968749996 0.2586108734375 0.4591877234375 0.2872113 0.48981743906249997 0.305998371875
2 0.7002711203125 0.13078487968750002 0.738437190625 0.15103873437499998 0.7746421812500001 0.09291800156249999 0.732342540625 0.067961221875 0.7002711203125 0.13078487968750002
2 0.7074486015625 0.6154756140625001 0.7283153484375 0.576675753125 0.6866479765625 0.5511664171875 0.6679132640625001 0.580778559375 0.7074486015625 0.6154756140625001