2 0.10429688749999999 0.051116790625 0.09515217031249999 0.0757526828125 0.2182864546875 0.066827278125 0.2155051640625 0.03506935625 0.10429688749999999 0.051116790625
2 0.75583498125 0.24669513125 0.7315997078125 0.358318403125 0.7864271828125 0.36569562499999997 0.8126247031249999 0.2530912765625 0.75583498125 0.24669513125
2 0.963393109375 0.297255359375 0.8428374640625 0.2826743734375 0.822659825 0.3723332375 0.941279334375 0.379121909375 0.963393109375 0.297255359375
2 0.7770703984375 0.43068815312500003 0.72710344375 0.430984153125 0.7301685124999999 0.5394995796875001 0.7946535859375 0.5438422546874999 0.7770703984375 0.43068815312500003
2 0.8042320281249999 0.3967069703125 0.8175348984375 0.50630498125 0.868926040625 0.498213028125 0.856980825 0.389293609375 0.8042320281249999 0.3967069703125
2 0.568562028125 0.5737128796875 0.6356537624999999 0.572666896875 0.63124900625 0.5313670562499999 0.56767705 0.537507128125 0.568562028125 0.5737128796875
2 0.670738746875 0.433596209375 0.599309471875 0.44363493906249996 0.6003871203125 0.48121159062499996 0.6727806265625 0.4780225140625 0.670738746875 0.433596209375
2 0.7107445125 0.19070530937500002 0.7806359765625001 0.207458528125 0.7871770328125 0.1536084984375 0.7218026734375 0.1412317125 0.7107445125 0.19070530937500002
2 0.537441053125 0 0.49252671093749995 0.1437512171875 0.6383038796875 0.179323203125 0.6709579796875 0.035765915625 0.570623690625 0 0.537441053125 0
2 0.660655265625 0.084192940625 0.641012428125 0.1729530015625 0.703608884375 0.18691778750000002 0.7272077859375 0.098542140625 0.660655265625 0.084192940625
2 0.8019775265625 0.1521280109375 0.8129065890625 0.116690225 0.7269501328125 0.1009751140625 0.7214825406250001 0.1346875796875 0.8019775265625 0.1521280109375