2 0.0722742390625 0.8454280859375001 0.168008609375 0.8705768796875001 0.172956178125 0.8392789531249999 0.08724443125 0.812536509375 0.0722742390625 0.8454280859375001
2 0 0.50980080625 0.0016984218749999998 0.541748959375 0.035043360937500004 0.550726053125 0.04920441875 0.48962062656249994 0 0.470805659375 0 0.50980080625
2 0.2462531578125 0.4770320359375 0.175787228125 0.45458030000000005 0.16457895312499998 0.48988565 0.22959278906249997 0.5097426375 0.2462531578125 0.4770320359375
2 0.40489190781250006 0.9221627734375 0.445371215625 0.9339145796875 0.45015166406249996 0.9002491062500001 0.416914484375 0.8841220796875 0.40489190781250006 0.9221627734375
2 0.198197796875 0.0607733484375 0.155054109375 0.0484014984375 0.1508658265625 0.0490648578125 0.1377325421875 0.08553588749999999 0.1896056859375 0.099466959375 0.198197796875 0.0607733484375
2 0.313047834375 0.11880943749999999 0.3443719203125 0.1273342078125 0.35869854375 0.0685964375 0.3234664703125 0.057965709374999994 0.313047834375 0.11880943749999999
2 0.34282280625 0.3533208875 0.37336654999999996 0.36338665625 0.3787393015625 0.3296797640625 0.3471821859375 0.3205776546875 0.34282280625 0.3533208875
2 0.7107762390625 0.629360546875 0.7762250625 0.6482927468749999 0.793860825 0.5518275546875 0.73091070625 0.5359926578125 0.7107762390625 0.629360546875
2 0.7230353093749999 0.881167221875 0.7412306265625 0.88763248125 0.76671009375 0.8013308328125 0.7496457234375 0.7953816921875 0.7230353093749999 0.881167221875
2 0.9691597281250001 0.8559213281250001 0.9313471218749999 0.842792646875 0.916375775 0.90931153125 0.9524180265625001 0.9145272437499999 0.9691597281250001 0.8559213281250001
2 0.61403215625 0.8780743015624999 0.6856898046875 0.8927051046875001 0.6866369078125001 0.8807364484375 0.622766259375 0.8602043234375 0.61403215625 0.8780743015624999
2 0.9733868875 0.508323475 0.9706346015625 0.46923274218750005 0.8770043234375 0.4823272078125 0.8826135781250001 0.5200293296875 0.9733868875 0.508323475
2 0.59733704375 0.6265778234375 0.6239392671874999 0.5113320390625 0.5985060453125 0.504777703125 0.5746708390624999 0.6231051671875 0.59733704375 0.6265778234375
2 0.46467276249999995 0.3233731109375 0.4960962765625 0.3327821625 0.5027364703125 0.300177040625 0.46805372500000003 0.28891269999999997 0.46467276249999995 0.3233731109375