2 0.094525 0.1568515625 0.1328703125 0.132290625 0.0954171875 0.08365 0.0591515625 0.1180546875 0.094525 0.1568515625
2 0.507996875 0.051618750000000005 0.543665625 0.0883953125 0.568634375 0.06466875 0.5377203125000001 0.0278921875 0.507996875 0.051618750000000005
2 0.1233578125 0.24795937499999998 0.0963078125 0.272490625 0.1316796875 0.312021875 0.16378281249999999 0.2817703125 0.1233578125 0.24795937499999998
2 0.0829328125 0.3365359375 0.0561796875 0.3600703125 0.0876875 0.3885421875 0.10730625 0.36185 0.0829328125 0.3365359375
2 0 0.8346671875 0.0561796875 0.7883421875 0.03715625 0.7551249999999999 0 0.7907140625 0 0.8346671875
2 0.1533796875 0.9987546875 0.1429765625 0.9864625 0.1043328125 0.9965468749999999 0.10730625 0.9983265625 0.1533796875 0.9987546875
2 0.21936874999999997 0.946746875 0.2416609375 0.9987546875 0.2898171875 0.9983265625 0.26128125 0.9295187500000001 0.21936874999999997 0.946746875
2 0.8361578125 0.941975 0.7963265625 0.94790625 0.8046484375 0.9983265625 0.842696875 0.9987546875 0.8361578125 0.941975
2 0.8468578125 0.9484999999999999 0.84448125 0.9983265625 0.8855000000000001 0.9987546875 0.8813390625 0.9484999999999999 0.8468578125 0.9484999999999999
2 0.518103125 0.9075703125000001 0.5561499999999999 0.8957078125000001 0.5484218750000001 0.8601171875 0.5097796875 0.8731671875 0.518103125 0.9075703125000001
2 0.5849828125000001 0.86313125 0.5906296875 0.8945203125000001 0.6215437500000001 0.88918125 0.6155999999999999 0.855371875 0.5849828125000001 0.86313125
2 0.595684375 0.1870953125 0.56625625 0.20881093750000002 0.6013328125 0.2521125 0.6274890625 0.224825 0.595684375 0.1870953125
2 0.4402234375 0.0759390625 0.458653125 0.0605171875 0.4420078125 0.0338234375 0.4146609375 0.055178125 0.4402234375 0.0759390625
2 0.8070281250000001 0.365 0.8171328125 0.40277812500000004 0.8522078125 0.3867625 0.84448125 0.3559171875 0.8070281250000001 0.365
2 0.8756921875 0.3614421875 0.8860953125 0.398034375 0.931871875 0.384984375 0.917603125 0.3470203125 0.8756921875 0.3614421875
2 0.939896875 0.6647703125 0.9461390625 0.6916546875 0.980025 0.67741875 0.9717015625000001 0.6566578125 0.939896875 0.6647703125