2 0.2716421875 0.13478125000000002 0.2787671875 0.1636359375 0.3494234375 0.157103125 0.3494234375 0.12621875 0.2716421875 0.13478125000000002
2 0.2841109375 0.07870625 0.2853 0.11315312500000001 0.34051718750000004 0.0923671875 0.3387375 0.05791875 0.2841109375 0.07870625
2 0.568221875 0.0831265625 0.5334875 0.0953359375 0.56258125 0.1624484375 0.5928625000000001 0.14938281250000002 0.568221875 0.0831265625
2 0.559315625 0.01009375 0.5691140625 0.050793750000000006 0.6213625 0.0377265625 0.6213625 0 0.559315625 0.01009375
2 0.484503125 0.3218140625 0.48064375000000004 0.291921875 0.4183 0.30320625 0.42305000000000004 0.33408906250000003 0.484503125 0.3218140625
2 0.2692671875 0.378040625 0.2743140625 0.34051718750000004 0.21404843750000002 0.3459671875 0.21642343749999998 0.37863281249999997 0.2692671875 0.378040625
2 0.2903453125 0.3458609375 0.2870796875 0.3750703125 0.3274546875 0.382196875 0.3328 0.3530953125 0.2903453125 0.3458609375
2 0.18317343749999998 0.37150625000000004 0.1816875 0.3556578125 0.1297359375 0.362003125 0.127953125 0.3744765625 0.18317343749999998 0.37150625000000004
2 0.6463 0.8882125000000001 0.618096875 0.9025062500000001 0.6801453125 0.99630625 0.7044890625 0.9808625 0.6463 0.8882125000000001
2 0.9503031249999999 0.38594062500000004 0.9503031249999999 0.34775 0.881428125 0.3530953125 0.8826140625000001 0.3851671875 0.9503031249999999 0.38594062500000004
2 0.9657406249999999 0.1648234375 0.97969375 0.2051421875 0.998753125 0.1939265625 0.998753125 0.15354062500000001 0.9657406249999999 0.1648234375
2 0.7834578125 0.1939265625 0.7071609375000001 0.22473593749999998 0.7193328125 0.2562875 0.7923640625 0.228965625 0.7834578125 0.1939265625
2 0.8612390624999999 0.0674234375 0.8870687500000001 0.06353125 0.8802390625 0.022284375000000002 0.8511453124999999 0.032975 0.8612390624999999 0.0674234375
2 0.9348656249999999 0.0288171875 0.96544375 0.019890625000000002 0.955646875 0 0.9194281249999999 0.000309375 0.9348656249999999 0.0288171875
2 0.8995374999999999 0.12409531250000001 0.8915218749999999 0.089396875 0.8630218749999999 0.0953359375 0.868959375 0.1291890625 0.8995374999999999 0.12409531250000001
2 0.9066625 0.1330015625 0.8719281249999999 0.14403749999999998 0.8808343750000001 0.157103125 0.912896875 0.1476015625 0.9066625 0.1330015625
2 0.796521875 0.1767015625 0.8175984375 0.2265171875 0.8363015624999999 0.223621875 0.815521875 0.1701703125 0.796521875 0.1767015625
2 0.47114375 0.4392125 0.4764875 0.492815625 0.50795625 0.4795984375 0.49845625 0.42852187500000005 0.47114375 0.4392125
2 0.45332968749999997 0.47900468749999997 0.473815625 0.47411250000000005 0.46639375000000005 0.4439640625 0.44323750000000006 0.448715625 0.45332968749999997 0.47900468749999997
2 0.59226875 0.8348171875 0.5976140625 0.8181312500000001 0.50558125 0.8062515625 0.50083125 0.8199125 0.59226875 0.8348171875
2 0.56020625 0.8567343749999999 0.5610968749999999 0.841053125 0.44620625 0.8353546875 0.444425 0.851984375 0.56020625 0.8567343749999999
2 0.46520625000000004 0.818725 0.466690625 0.8027562500000001 0.4064234375 0.7973421875 0.40464374999999997 0.8151609375 0.46520625000000004 0.818725
2 0.4373 0.8490140625 0.438190625 0.8330359375 0.39751875000000003 0.8306015625000001 0.39514375 0.8478265625000001 0.4373 0.8490140625
2 0.42215781249999995 0.85975625 0.42245625000000003 0.8769281250000001 0.45867500000000005 0.8828671874999999 0.4598625 0.8656437499999999 0.42215781249999995 0.85975625
2 0.132109375 0.7539875 0.1309234375 0.7190359374999999 0.103609375 0.7219171875 0.10123437500000002 0.7539875 0.132109375 0.7539875
2 0.6290828125 0.43861875 0.6534265625 0.42436562499999997 0.6350203125 0.3928875 0.6136453125 0.4118921875 0.6290828125 0.43861875
2 0.43551875000000007 0.10068125000000001 0.44353437500000004 0.13834375000000002 0.46282968750000003 0.1285953125 0.45926875 0.09830625 0.43551875000000007 0.10068125000000001
2 0.42839218749999997 0.486725 0.44976874999999994 0.4848 0.44382968749999996 0.44812031250000006 0.4218609375 0.4528734375 0.42839218749999997 0.486725
2 0.35595468750000003 0.5544328125 0.3767375 0.5480343750000001 0.35536093750000003 0.49385312499999995 0.3393296875 0.50395 0.35595468750000003 0.5544328125
2 0.520128125 0.971084375 0.46164375 0.9078125 0.4218609375 0.9440406250000001 0.46639375000000005 0.998753125 0.520128125 0.971084375