1 0.892788490625 1 0.8989025609375 0.998010165625 0.8855285500000001 0.9621690953125001 0.8541410640624999 0.9718061046875001 0.8622926718749999 1 0.892788490625 1
1 0.8320930796875 1 0.8241777390625 0.9840427546875 0.7949613921875 0.997171340625 0.7964075421875 1 0.8320930796875 1
1 0.28976525625 0.8989308250000001 0.2617468578125 0.8606290484375 0.24762735781249998 0.8683575484375 0.25595860937500003 0.8819698390624999 0.216788671875 0.9071109984374999 0.2356267375 0.935087428125 0.28976525625 0.8989308250000001
1 0.2243758515625 0.8203891375 0.2001029890625 0.7840948828125 0.1804442484375 0.7974997078125 0.20532141718750002 0.8332868890625 0.2243758515625 0.8203891375
1 0.1287520671875 0.7800938265624999 0.12467907812500001 0.756210459375 0.0950914046875 0.761464215625 0.10078284687500001 0.7860491234375 0.1287520671875 0.7800938265624999
1 0.128842653125 0.8366779796875001 0.1184045265625 0.78310970625 0.0777677765625 0.79299779375 0.08830313437500001 0.8454546875 0.128842653125 0.8366779796875001
1 0.35283821249999997 0.6518142046875 0.33230297656249996 0.585599034375 0.30742637031250003 0.594624615625 0.3164047546875 0.6200586046875001 0.2990469296875 0.626382334375 0.3113539359375 0.664989371875 0.35283821249999997 0.6518142046875
1 0.07739680156249999 0.5795422625 0.06818961875 0.5311227390625 0.029872859374999998 0.5400939140625 0.038065896875 0.5873048234375 0.07739680156249999 0.5795422625
1 0.061199534374999996 0.6302202968749999 0.05286051093750001 0.5846780140625001 0.03787143125 0.5895275828125001 0.045293540625 0.6327498734375 0.061199534374999996 0.6302202968749999
1 0.050114707812500006 0.4752049359375 0.038030284375 0.4276535734375 0.007135209375 0.43503272031250007 0.017503946875000002 0.482993921875 0.050114707812500006 0.4752049359375
1 0.970186215625 0.2095162375 0.9601935484374999 0.18287519218749998 0.9138451468750001 0.206828375 0.9247338203125001 0.22962820781249998 0.970186215625 0.2095162375
1 0.975905503125 0.22738269375 0.9672131640625 0.211497471875 0.925289509375 0.229676825 0.933886171875 0.2466735625 0.975905503125 0.22738269375
1 0.6787492140625 0.1728168015625 0.6683468421875001 0.14445851406250002 0.623839340625 0.16017046875000002 0.63545201875 0.1875131890625 0.6787492140625 0.1728168015625
1 0.6227005421875 0.21160600624999998 0.606578884375 0.1653812609375 0.5699027703125 0.1812184296875 0.584599021875 0.22451718281250002 0.6227005421875 0.21160600624999998
1 0.517057234375 0.2410151828125 0.5040958843750001 0.20346921562500003 0.4647385546875 0.21795192187499998 0.4783514078125 0.2544334328125 0.517057234375 0.2410151828125
1 0.42143301875 0.2903452625 0.40236459687500004 0.23938316249999997 0.354932796875 0.2565191046875 0.3722838390625 0.3078924640625 0.42143301875 0.2903452625