2 0.7030951562500001 0.5272699640625 0.676566875 0.48183896875 0.6418396625 0.5015033609375 0.66963076875 0.5432010546875 0.7030951562500001 0.5272699640625
2 0.8686225000000001 0.81828529375 0.82833095625 0.8199184140625 0.8409420046875 0.8926537203124999 0.876289875 0.8874225515624999 0.8686225000000001 0.81828529375
2 0.6828023421875 0.8971665453125001 0.6361435531249999 0.9231426421875 0.664679146875 0.968521 0.7035002953125 0.9350022640625 0.6828023421875 0.8971665453125001
2 0.8521979765625 0.982228259375 0.8544825828124999 0.9532414546875 0.8218527671875 0.9555162078125001 0.82046875625 0.9838911171875001 0.8521979765625 0.982228259375
2 0.5487117984375 0.0452971890625 0.5006566 0.018758543750000002 0.483780928125 0.04898975625 0.5320993406250001 0.079449078125 0.5487117984375 0.0452971890625
2 0.5909271125 0.13153946562500002 0.6172503203125 0.175448184375 0.6491843359375 0.1590316578125 0.6193255625 0.11468567968750001 0.5909271125 0.13153946562500002
2 0.590712190625 0.20748561406250002 0.5571041640625001 0.2266892171875 0.5734570375 0.25920575625 0.6050070015625 0.2361602 0.590712190625 0.20748561406250002
2 0.3860769125 0.337893890625 0.40777684374999995 0.390211225 0.4392060796875 0.377918609375 0.4147748671875 0.32347286249999996 0.3860769125 0.337893890625
2 0.4816249078125 0.18242630625 0.45060319375 0.202246571875 0.48673963750000004 0.2539420765625 0.5170505921874999 0.23612827187500002 0.4816249078125 0.18242630625
2 0.22979517968750002 0.021991690624999997 0.18708721875 0.015712890625 0.1801630453125 0.016075771875 0.16731435781249998 0.0825158296875 0.222621103125 0.0755478375 0.22979517968750002 0.021991690624999997
2 0.29061281562499997 0.5322569359375 0.2798364453125 0.5306346578125 0.2847719765625 0.5635439484375 0.29500911875 0.5630062859375 0.29061281562499997 0.5322569359375
2 0.28218918125000003 0.41816114843749996 0.24194830625 0.42009959375 0.247545521875 0.452491921875 0.2834208015625 0.4527093875 0.28218918125000003 0.41816114843749996
2 0.2958529328125 0.45303944375 0.25668682187499997 0.456007165625 0.268191578125 0.52800843125 0.3018422859375 0.5219706656249999 0.2958529328125 0.45303944375
2 0.3243063734375 0.7191483937500001 0.26047743749999996 0.737034171875 0.2830667671875 0.791851971875 0.345561890625 0.7702131703124999 0.3243063734375 0.7191483937500001
2 0.1388376421875 0.8402465265625001 0.09880992499999999 0.8499878593749999 0.11469805625 0.9057774843749999 0.1471509671875 0.8900197296875 0.1388376421875 0.8402465265625001
2 0.0611608234375 0.42781213124999995 0.0227427515625 0.4314699109375 0.02693379375 0.46069853437499997 0.066263765625 0.457152721875 0.0611608234375 0.42781213124999995
2 0.0081904859375 0.669376740625 0.035797742187499995 0.6711616015625 0.0327549375 0.6226321703125001 0.0056701171875 0.62128525 0.0081904859375 0.669376740625
2 0.2460707078125 0.3524083640625 0.25467626875 0.3797877640625 0.28890740625 0.36903559375 0.2762473859375 0.3405601625 0.2460707078125 0.3524083640625
2 0.54928151875 0.508384025 0.5274588453125 0.4778878203125 0.503485740625 0.49767623437499997 0.5177812015625001 0.5323329890624999 0.54928151875 0.508384025