2 0.8345439828125001 0.8535410265625 0.9169618859374999 0.8350170312499999 0.909582621875 0.77790378125 0.8183425515625 0.797795634375 0.8345439828125001 0.8535410265625
2 0.9027858546875001 0.7070468390625 0.8968540562499999 0.6664782015624999 0.8502814093750001 0.672339265625 0.8664708171875001 0.7177463671875 0.9027858546875001 0.7070468390625
2 1 0.5004499984375 0.9501019390625001 0.5189148828125 0.9637322218750001 0.552084396875 0.9985086296875 0.538876903125 1 0.5218304671875 1 0.5004499984375
2 0.7572713906249999 0.41312486093749995 0.745646771875 0.3551925625 0.679606684375 0.36335282343749997 0.6905892671875 0.4241833578125 0.7572713906249999 0.41312486093749995
2 0.7661072578125 0.33018132499999997 0.7995120015625 0.3236858171875 0.7933492609374999 0.2873079453125 0.7547244625 0.2954506171875 0.7661072578125 0.33018132499999997
2 0.40967855468750003 0.3845859734375 0.3924493875 0.33071854843750004 0.3385992484375 0.34197818125 0.3558069421875 0.39900637968749997 0.40967855468750003 0.3845859734375
2 0.0981605328125 0.1075699265625 0.08731592187500001 0.07219611406250001 0.0413409140625 0.091700759375 0.0491571609375 0.12313445625 0.0981605328125 0.1075699265625
2 0.49758857343749996 0.2244616625 0.4924888046875 0.207046115625 0.415112909375 0.22870039531250003 0.42159291093749995 0.24145447187500002 0.49758857343749996 0.2244616625
2 0.45925581718749997 0.195067290625 0.4526915234375 0.18134970781249998 0.4212163609375 0.189462884375 0.42130706093750003 0.207548803125 0.45925581718749997 0.195067290625
2 0.8667320453125 0.13143155625 0.8550892203125 0.09374664375 0.8208117156249999 0.10389147968750001 0.831238953125 0.1413251328125 0.8667320453125 0.13143155625
2 0.1872962734375 0.274831465625 0.177094903125 0.2399973953125 0.12869759218750002 0.24542207968750002 0.139148934375 0.28313124218749997 0.1872962734375 0.274831465625
2 0.12533882031250002 0.49996938125 0.1818862453125 0.4854952453125 0.17282394843749999 0.4636629359375 0.11573508749999999 0.478778890625 0.12533882031250002 0.49996938125