2 0.2225640734375 0.7328601890625001 0.2546932140625 0.76159670625 0.3012594421875 0.6891219703125 0.2639679375 0.663979578125 0.2225640734375 0.7328601890625001
2 0.0628275125 0.551468821875 0.07854030937499999 0.5525911406249999 0.06452695625 0.468616090625 0.047848681250000004 0.46952571406250004 0.0628275125 0.551468821875
2 0.4438592953125 0.24947942968749998 0.461214665625 0.2551455046875 0.46157555156249996 0.1802492484375 0.4484812890625 0.18075213750000002 0.4438592953125 0.24947942968749998
2 0.4707861078125 0.2285944234375 0.48353194843749997 0.22599229843750002 0.485209009375 0.18267695625 0.4674676 0.18115260312499998 0.4707861078125 0.2285944234375
2 0.604779384375 0.2382922546875 0.6215208375 0.2338185546875 0.6153396343749999 0.1817674703125 0.5980979375000001 0.18205300156249998 0.604779384375 0.2382922546875
2 0.6281073109374999 0.23505558437500002 0.6445924328125 0.23562224999999998 0.6379116 0.18175972499999998 0.6218246187500001 0.1827019 0.6281073109374999 0.23505558437500002
2 0.6153986828125 0.5795360015625 0.6401354609375 0.6040219953125 0.6770085515625001 0.5577931140625 0.6497565265625 0.5337714328125001 0.6153986828125 0.5795360015625
2 0.8246859296875 0.4272962359375 0.8722212375 0.45981141562500005 0.8904858703125 0.4286621234375 0.851041703125 0.399244959375 0.8246859296875 0.4272962359375
2 0.8394580796875 0.30291294999999996 0.862396853125 0.2619010171875 0.8353312734375 0.234321715625 0.805190284375 0.2767398921875 0.8394580796875 0.30291294999999996
2 0.9886185390625 0.34807883125 0.9854556453125 0.3119267984375 0.9691276296875 0.3334912359375 0.9886185390625 0.34807883125
2 0.9751014984375 0.2255935140625 0.97743824375 0.22028748125000003 0.9745734828125 0.187543103125 0.9574077031250001 0.1717499515625 0.9445369640625 0.201992796875 0.9751014984375 0.2255935140625