2 0.11432765468749999 0.20464220156250001 0.0724933921875 0.2218177140625 0.094441609375 0.25707416250000004 0.13063425312500002 0.24079316875 0.11432765468749999 0.20464220156250001
2 0.353550015625 0.14084277812499998 0.3386223859375 0.104814025 0.2861094546875 0.116886284375 0.29743285625000004 0.1623257828125 0.353550015625 0.14084277812499998
2 0.1108425 0.35573685 0.088894146875 0.32048195625 0.0492183390625 0.34478991875 0.0684067875 0.3798049203125 0.1108425 0.35573685
2 0.4384080109375 0.553852453125 0.46185768437499997 0.5878490328125 0.494030278125 0.569829803125 0.46290288124999995 0.5282147640625 0.4384080109375 0.553852453125
2 0.7472273984375 0.66420965625 0.7772418078125 0.6390548609375 0.7392142078124999 0.5968361328125 0.7068003015625 0.6176135765625 0.7472273984375 0.66420965625
2 0.894957409375 0.120150803125 0.8650637906249999 0.14392493281250002 0.87945466875 0.1701869265625 0.910487909375 0.149288690625 0.894957409375 0.120150803125
2 0.27471830937499997 0.8034372640624999 0.2855718984375 0.8224430406250001 0.325784184375 0.80790495 0.3056324515625 0.783918271875 0.27471830937499997 0.8034372640624999
2 0.7990701265625 0.24649319687500001 0.7851616015625 0.21471788749999998 0.75989063125 0.23334249843750002 0.77379929375 0.26511625156249996 0.7990701265625 0.24649319687500001
2 0.9467074234374999 0.6413804875 0.9480339593749999 0.62621809375 0.88634185 0.6319317640625 0.8958147750000001 0.650816746875 0.9467074234374999 0.6413804875
2 0.5158840437500001 0.6856392375 0.4953566546875 0.6977321125 0.5190458125 0.7289734515624999 0.5306908796875 0.723048653125 0.5158840437500001 0.6856392375
2 0.486177475 0.691373521875 0.47429109374999995 0.700056534375 0.5037982078125001 0.744307575 0.517304871875 0.7329885609375 0.486177475 0.691373521875
2 0.46030194062499996 0.7168904203124999 0.4968840421875 0.7756492296874999 0.507389759375 0.7668454234375 0.473808740625 0.70556985 0.46030194062499996 0.7168904203124999