2 0.0275019234375 0.286240146875 0.06854414375 0.25080610625 0.055030592187500005 0.2215067203125 0.0089884015625 0.2507177609375 0.0275019234375 0.286240146875
2 0.0752987203125 0.3282838890625 0.0921389703125 0.3046728984375 0.067535584375 0.28319385937499997 0.049827928125 0.305775196875 0.0752987203125 0.3282838890625
2 0.1182863515625 0.3677077640625 0.1616535234375 0.3317811390625 0.1331966734375 0.3093001375 0.0955463796875 0.34522563125 0.1182863515625 0.3677077640625
2 0.0887677421875 0.7230188015625 0.045541221874999996 0.7668067234375 0.054676342187500004 0.8097840828124999 0.1125799203125 0.7464870593749999 0.0887677421875 0.7230188015625
2 0.2875573859375 0.8841162921875 0.322842378125 0.84444285625 0.2717838921875 0.7927731546875 0.23538416562500003 0.831771415625 0.2875573859375 0.8841162921875
2 0.392524653125 0.9923129749999999 0.41600185312500004 0.9685052859375001 0.38829789375 0.9410065375000001 0.36472993125 0.96908421875 0.392524653125 0.9923129749999999
2 0.7773437265625 0.6003294359375 0.784170559375 0.58673965 0.729903640625 0.5199679421875001 0.718590184375 0.5305689890624999 0.7773437265625 0.6003294359375
2 0.795818440625 0.5672658078125 0.8048446 0.5525999265625 0.7589291640625 0.5022650984375 0.7496024609374999 0.5094071734375001 0.795818440625 0.5672658078125
2 0.8049247703125 0.5301233437499999 0.815606271875 0.51753366875 0.794082259375 0.490543975 0.786006125 0.5007588140625 0.8049247703125 0.5301233437499999
2 0.6275147125 0.4324687296875 0.6577586953125001 0.47763642500000003 0.6713820625 0.4674565125 0.6440784171875 0.424698903125 0.6275147125 0.4324687296875
2 0.8093974796875001 0.09697655625 0.8454302953124999 0.0808193375 0.8169214968749999 0.015249734374999999 0.7824302875 0.029866840625000002 0.8093974796875001 0.09697655625
2 0.6405055453124999 0.1850789125 0.6578984515624999 0.1783468625 0.634674290625 0.1262239234375 0.6146154765625 0.1356471828125 0.6405055453124999 0.1850789125
2 0.8057819500000001 0.31991245 0.8512462031249999 0.29385932656249997 0.8347193875000001 0.2560952078125 0.7836414390625001 0.27545036875 0.8057819500000001 0.31991245
2 0.86113749375 0.3803826171875 0.8957462765624999 0.3718122640625 0.8846584 0.33107101875 0.8494094734375001 0.34068795937499996 0.86113749375 0.3803826171875
2 0.7273626203125 0.4051752546875 0.7371659296875 0.39702135 0.726999196875 0.37490016875 0.71224396875 0.380769653125 0.7273626203125 0.4051752546875
2 0.6916359953125 0.38848859375 0.7066814375 0.4192834125 0.71541018125 0.40892985312499996 0.7033761484375 0.3865985640625 0.6916359953125 0.38848859375