2 0.2712546953125 0.1035768640625 0.22120371562500002 0.11887513593750001 0.2354813671875 0.17238340937500002 0.28555121875 0.1546214640625 0.2712546953125 0.1035768640625
2 0.3367475609375 0.1205052328125 0.3038085890625 0.136384925 0.316802065625 0.172847665625 0.354590684375 0.155887878125 0.3367475609375 0.1205052328125
2 0.4925479515625 0.052761292187499996 0.47892596562499995 0.0636811421875 0.5054458640624999 0.10031645781250001 0.522214709375 0.08443101562500001 0.4925479515625 0.052761292187499996
2 0.49619427812500005 0.339175625 0.5520966781250001 0.3190712296875 0.527816896875 0.2654744390625 0.5009921171875 0.2794012828125 0.494080609375 0.2669189171875 0.47769889374999996 0.270252971875 0.49619427812500005 0.339175625
2 0.293896309375 0.381850721875 0.2770057265625 0.33315230156250003 0.2410523515625 0.348785303125 0.2548641265625 0.3823943015625 0.293896309375 0.381850721875
2 0.11733114375 0.3713705296875 0.09255417031249999 0.3760017265625 0.10253886718750001 0.40789564843750004 0.125764525 0.40529033124999997 0.11733114375 0.3713705296875
2 0.077967521875 0.3773781703125 0.05889203125 0.38364424218750004 0.065529384375 0.42075510625 0.085913871875 0.4151732234375 0.077967521875 0.3773781703125
2 0.2099007078125 0.5714835093749999 0.181527340625 0.5843486234374999 0.2010252359375 0.6325593234375 0.228494134375 0.6246851171875 0.2099007078125 0.5714835093749999
2 0.13249411718749998 0.43254479999999995 0.1046925734375 0.44557550468749996 0.1134523109375 0.47958726250000006 0.139860321875 0.465849753125 0.13249411718749998 0.43254479999999995
2 0.395539959375 0.894639903125 0.3854964765625 0.8435811140625 0.3653253484375 0.8381076000000001 0.3639195734375 0.8973104078125 0.395539959375 0.894639903125
2 0.8014861874999999 0.9035671765625001 0.767338690625 0.90859980625 0.7733179546875 0.951389903125 0.8114592093749999 0.944106865625 0.8014861874999999 0.9035671765625001
2 0.8681866890625001 0.6645039203125 0.863909528125 0.6299212375 0.83073836875 0.6358515062500001 0.8390481953125001 0.6737507828125 0.8681866890625001 0.6645039203125
2 0.7720931984375 0.6832753874999999 0.7740878390625 0.6504927421875 0.7443821796875 0.64568085 0.738192178125 0.6852886812500001 0.7720931984375 0.6832753874999999
2 0.7237321828125001 0.178349371875 0.695680084375 0.194396621875 0.7244860281250001 0.2273620796875 0.7465308281249999 0.20897783906249998 0.7237321828125001 0.178349371875
2 0.95131321875 0.7210769921875 0.9488265734375 0.6888607640625 0.9282362687499999 0.6854273015625 0.9295562687500001 0.7216327421875001 0.95131321875 0.7210769921875
2 0.6900317671875 0.21624874843750003 0.6706933640625 0.2384990515625 0.682973415625 0.258079921875 0.7103211078125 0.2384350859375 0.6900317671875 0.21624874843750003
2 0.679541203125 0.1323232125 0.6661667687499999 0.14022565781250002 0.6882207421875 0.1644605640625 0.70261615 0.14913153125 0.679541203125 0.1323232125
2 0.675101590625 0.769733884375 0.6802799140625 0.7323050453125 0.66569931875 0.7293578562499999 0.660927653125 0.76752260625 0.675101590625 0.769733884375
2 0.631070153125 0.7274595390624999 0.6287466890625 0.761383253125 0.642432653125 0.765307640625 0.6468812953125 0.73075795625 0.631070153125 0.7274595390624999
2 0.32574667343749997 0.727002009375 0.29884774687500004 0.7347308109374999 0.31135586718749997 0.7685836671875 0.33646227500000003 0.7612673875 0.32574667343749997 0.727002009375
2 0.41527181718749995 0.6149291578125 0.4031231984375 0.6207107640625 0.4177472203125 0.65578965 0.4309405421875 0.651234125 0.41527181718749995 0.6149291578125
2 0.3891109875 0.617929809375 0.37460260624999997 0.62118173125 0.3867834046875 0.6561760875 0.3989225109375 0.6531713015625 0.4002413015625 0.6458284859375001 0.3891109875 0.617929809375
2 0.181542703125 0.5713817953125 0.2040513578125 0.5574510546875 0.1876247171875 0.5286529828125001 0.16444728125000002 0.5414638125 0.181542703125 0.5713817953125