2 1 0.48690704843750005 0.9981814484375 0.4522070109375 0.9563862609375 0.448855434375 0.9527345374999999 0.48507274687499996 1 0.48813010781250005 1 0.48690704843750005
2 0.5810349203125 0.1429102046875 0.6547245125 0.1459765421875 0.6506610375 0.094922365625 0.5865841374999999 0.0899659734375 0.5810349203125 0.1429102046875
2 0.6012170515624999 0 0.5996298015625 0.047714374999999996 0.6763031875000001 0.054781596875000005 0.6790859703125001 0.0019839140625000002 0.6248781359375 0 0.6012170515624999 0
2 0.3506446515625 0.141127959375 0.4466143171875 0.14579763125 0.4527510859375 0.07758297187499999 0.3637708609375 0.0739317078125 0.3506446515625 0.141127959375
2 0.4632408953125 0.06594771875 0.5731187109375 0.071274771875 0.5685401390625 0.0368735 0.46784062656250003 0.0213677671875 0.4632408953125 0.06594771875
2 0.0633094296875 0.40282300312499997 0.059651171875 0.465367365625 0.11535451249999999 0.4693763203125 0.1161738828125 0.40559602968749997 0.0633094296875 0.40282300312499997
2 0 0.48926853125 0.0017385546875 0.5224421203125 0.11548306875 0.5247924140625 0.10945128906249998 0.48908415468750005 0 0.48514019687500004 0 0.48926853125
2 0.0974447609375 0.7100231296875 0.10613068750000001 0.6375160515625 0.0597504765625 0.626091809375 0.052736673437500006 0.7040532265625 0.0974447609375 0.7100231296875
2 0.0960005765625 0.9207108906249999 0.1927668125 0.9405800171875001 0.2042208140625 0.86792786875 0.11619023906249999 0.8559154453125 0.0960005765625 0.9207108906249999
2 0.4351310703125 0.8267286859375 0.43002449687500005 0.861637534375 0.484488540625 0.8684808593750001 0.49636900156249997 0.8304475859375 0.4351310703125 0.8267286859375
2 0.5013242171875001 0.8191023906250001 0.572752740625 0.8319880187500001 0.574144871875 0.80558835625 0.500093178125 0.7956127515625 0.5013242171875001 0.8191023906250001
2 0.6315846140625 0.8427596953125001 0.6261077671875 0.8970848453125001 0.717123775 0.9130996328125001 0.720196125 0.8658271796875001 0.6315846140625 0.8427596953125001
2 0.6114567390625 0.69694139375 0.684125871875 0.706987890625 0.6800543046875 0.6822608421874999 0.6104428921875 0.6775960671875 0.6114567390625 0.69694139375
2 0.3817719125 0.5233085859375 0.46106846875 0.527465784375 0.46209694062500006 0.494156934375 0.38316404375 0.4969089234375 0.3817719125 0.5233085859375
2 0.39176133125 0.47567362187500006 0.4627568609375 0.48026742499999997 0.46174301562500003 0.4609220984375 0.38681576875 0.460691609375 0.39176133125 0.47567362187500006
2 0.3340734203125 0.539663284375 0.3744137578125 0.5417063953125 0.3728929890625 0.51268840625 0.3339367703125 0.5105743203124999 0.3340734203125 0.539663284375
2 0.33714585 0.4923923890625 0.37035028125 0.49065221875000004 0.36554798125 0.47843368125 0.332053903125 0.4746470609375 0.33714585 0.4923923890625
2 0.23607728125 0.8915492515624999 0.31191170625 0.9033575046875001 0.3126079796875 0.8542756765625 0.234560759375 0.8512374375 0.23607728125 0.8915492515624999
2 0.761599634375 0.10726445312499999 0.7554065359375 0.15926765468749998 0.8290564109374999 0.1577845234375 0.8332814078125 0.11360754843750001 0.761599634375 0.10726445312499999