2 0.272638971875 0.2257793890625 0.30886458906250003 0.23687430781250002 0.3344987953125 0.16543415 0.29614348125 0.158243328125 0.272638971875 0.2257793890625
2 0.1942543921875 0.3354328171875 0.2533257984375 0.3461346796875 0.27461186249999997 0.28429057812499997 0.2174023046875 0.27054635 0.1942543921875 0.3354328171875
2 0.0770937609375 0.3796007984375 0.054346778124999995 0.42623101874999997 0.09983355000000001 0.44823349375 0.12469318125 0.4079023484375 0.0770937609375 0.3796007984375
2 0.48644951875000003 0.32606989999999997 0.5572094828124999 0.343217475 0.5718150453125 0.2990437171875 0.5038513515624999 0.28018742812499997 0.48644951875000003 0.32606989999999997
2 0.6406456515625 0.27870168125 0.6187611875 0.3362598546875 0.6548952890625 0.34373966875 0.6750247218750001 0.2901366703125 0.6406456515625 0.27870168125
2 0.7503578 0.36435895937499996 0.7809400609375 0.36865701562500003 0.791619971875 0.335339440625 0.7656833234375 0.3241900015625 0.7503578 0.36435895937499996
2 0.78078143125 0.4124596609375 0.80330469375 0.4186277578125 0.8298665062499999 0.3491198765625 0.8056461718750001 0.34061156718749996 0.78078143125 0.4124596609375
2 0.5329480859375 0.8999228203125 0.57588085 0.9059566265625 0.594209728125 0.8352901046874999 0.5450628 0.8316854062499999 0.5329480859375 0.8999228203125
2 0.611224859375 0.897715675 0.641394846875 0.90495845 0.6606866390625 0.8530380624999999 0.62734463125 0.8477525640625 0.611224859375 0.897715675
2 0.7177710078125 0.719981525 0.7326475453125 0.7250749437499999 0.742822334375 0.691085215625 0.727767709375 0.6835652703124999 0.7177710078125 0.719981525
2 0.7423893734375 0.72404099375 0.7573500906249999 0.7285466609375 0.7693731921875 0.6942155328124999 0.7523383499999999 0.687919403125 0.7423893734375 0.72404099375
2 0.764077875 0.7318936859375 0.778789140625 0.7381630484375 0.7889535015625 0.699970025 0.7746486203125 0.6955581078125 0.764077875 0.7318936859375
2 0.6267864921874999 1 0.64016066875 0.956414009375 0.622279053125 0.95420070625 0.607747346875 1 0.6267864921874999 1
2 0.24405055468749998 0.7620666359375 0.2548115046875 0.7665800703125 0.2738902671875 0.73324055 0.25666008125 0.727817925 0.24405055468749998 0.7620666359375
2 0.2655722390625 0.771095053125 0.2800265046875 0.7749268 0.2896961734375 0.7402649171875 0.275932084375 0.730826221875 0.2655722390625 0.771095053125
2 0.28397836875000004 0.7766829468750001 0.2946564671875 0.7817859 0.3105381546875 0.7455971421875 0.2954707671875 0.738976359375 0.28397836875000004 0.7766829468750001
2 0.304581328125 0.7879821625 0.31794206875 0.7910622171874999 0.33197720468749997 0.7552135296875 0.31539671406249997 0.750781590625 0.304581328125 0.7879821625
2 0.826800340625 1 0.830036609375 0.9794970890625001 0.7837895609375 0.969696615625 0.784778984375 1 0.826800340625 1
2 0.69221581875 0.8676747703125001 0.7302038046875 0.8790173734375 0.7456558875 0.8373640828125 0.7021223328125 0.827645175 0.69221581875 0.8676747703125001
2 0.8942537921874999 0.45001904843749996 0.9255997234375 0.4574270921875 0.9321889265625 0.43614009375 0.9023119296875001 0.42713816250000003 0.8942537921874999 0.45001904843749996