2 0.283479815625 0.9425261015625 0.04197181875 0.7957497890624999 0.0319757359375 0.824087459375 0.26390225312500004 0.9754488125 0.283479815625 0.9425261015625
2 0.280819628125 0.8908014812499999 0.0829107375 0.7637953421875 0.06887464062500001 0.785527125 0.2680211 0.909585665625 0.280819628125 0.8908014812499999
2 0.632321334375 0.7917975187499999 0.6324324796874999 0.7514089312500001 0.5771304125000001 0.75578975625 0.579078771875 0.7971738140625 0.632321334375 0.7917975187499999
2 0.62175571875 0.7167688828125 0.6228054578125 0.6906504140624999 0.5872050468750001 0.6888413234375 0.584072296875 0.7153109953125 0.62175571875 0.7167688828125
2 0.6810698359375 0.7207749796875 0.6815466406249999 0.693458828125 0.6316792375 0.6925883890625 0.6339086140625 0.7179624109375 0.6810698359375 0.7207749796875
2 0.29128967656250004 0.801289328125 0.1920288328125 0.7383739671875 0.17801187031250001 0.7589199671875 0.285532109375 0.8249502609375 0.29128967656250004 0.801289328125
2 0.30087115625 0.7967042875 0.309462228125 0.7808174265625001 0.209626915625 0.7167027953125 0.2016621234375 0.730820628125 0.30087115625 0.7967042875
2 0.157427884375 0.7134162953125001 0.1721330734375 0.721394465625 0.1825585234375 0.702568859375 0.1737556734375 0.6965674390625 0.157427884375 0.7134162953125001
2 0.1791859875 0.72567601875 0.18917454843749998 0.7317903390625 0.2025770984375 0.7124228578125 0.19406436093749999 0.7067218578125 0.1931200234375 0.7098808609375 0.1791859875 0.72567601875
2 0.15021352187499998 0.752494778125 0.16438878750000002 0.7569006546875 0.17535452499999998 0.7410536828125001 0.16239984062499999 0.73467349375 0.15021352187499998 0.752494778125
2 0.7749254046875 0.4129364125 0.8332416484375 0.44008955624999996 0.8400206546875 0.42595258906250005 0.784716259375 0.3963563234375 0.7749254046875 0.4129364125
2 0.7358900015625001 0.539965121875 0.8058589046875 0.5459387203125 0.8073364249999999 0.529333853125 0.7379690625 0.522919121875 0.7358900015625001 0.539965121875