2 0.8852613093749999 0.5158955078125 0.8911176265625 0.4283565484375 0.8093871343749999 0.4193284015625 0.807560209375 0.5031619796875 0.8852613093749999 0.5158955078125
2 0.7552680140625 0.4182477234375 0.805437509375 0.42540744531249997 0.8092009250000001 0.318632934375 0.761754690625 0.3146441671875 0.7552680140625 0.4182477234375
2 0.6225124125 0.36050033593749997 0.6548326234374999 0.3670967078125 0.6585169703125 0.29092015937500004 0.6241795421874999 0.2891486890625 0.6225124125 0.36050033593749997
2 0.8482391671875 0.23854829687499998 0.9073094875000001 0.24539719375 0.9093506687499999 0.17522070781250002 0.8493129093749999 0.1672173703125 0.8482391671875 0.23854829687499998
2 0.88145339375 0.0835118796875 0.92308439375 0.08443454218749999 0.9198099171875 0.01533485 0.8849214109375 0.01269145625 0.88145339375 0.0835118796875
2 0.9298317359375 0.02241128125 0.9312954296875 0.0473128671875 0.9615867625 0.0468491828125 0.9609402046875 0.01924555625 0.9298317359375 0.02241128125
2 0.6378619515625 0.11934899218749999 0.6872913921875 0.12237420937500001 0.6886158 0.0554903703125 0.6349062515624999 0.0517218859375 0.6378619515625 0.11934899218749999
2 0.5488309421875 0.224645271875 0.60072 0.22996260937500002 0.5995651828125 0.162866728125 0.5460825093749999 0.1629536109375 0.5488309421875 0.224645271875
2 0.44043128437499995 0.16664303281249998 0.43770579375 0.20773193124999997 0.4734013484375 0.2088618625 0.47439825 0.173475828125 0.44043128437499995 0.16664303281249998
2 0.47252161406250004 0.1156170140625 0.5070111749999999 0.1161933828125 0.509135740625 0.057896225 0.46820017812500003 0.059919837499999996 0.47252161406250004 0.1156170140625
2 0.33962772812500003 0.3602805484375 0.3354099015625 0.3075503140625 0.306857290625 0.30676505625 0.30518111718749996 0.3608893390625 0.33962772812500003 0.3602805484375
2 0.7098720984375 0.751943109375 0.7480033703125 0.75477031875 0.74297606875 0.6934552921875 0.708269 0.6890232265625 0.7098720984375 0.751943109375
2 0.659761725 0.933710475 0.6567382640625 0.8981693421875001 0.6336519859374999 0.9007563062499999 0.63305300625 0.9346431640624999 0.659761725 0.933710475
2 0.4226203328125 1 0.4217474296875 0.9420221171875 0.380157875 0.9422862343749999 0.38269909062499996 0.9980440125 0.403735628125 1 0.4226203328125 1
2 0.23215711562500002 0.4650325296875 0.2301546046875 0.4247012859375 0.2170332671875 0.4233787203125 0.2159858953125 0.4614384578125 0.23215711562500002 0.4650325296875
2 0.2462565078125 0.4603813859375 0.26015622031249996 0.4670253390625 0.261313915625 0.4259911890625 0.2461585453125 0.4235498671875 0.2462565078125 0.4603813859375
2 0.14758546875 0.0853762 0.16555752031249998 0.089499934375 0.1683658984375 0.050784589062499996 0.1510907875 0.0496055125 0.14758546875 0.0853762
2 0.37992012656249996 0.816341246875 0.37934030625 0.8508215484375 0.416133478125 0.85280431875 0.41496018125 0.815713296875 0.37992012656249996 0.816341246875
2 0.72832454375 0.99108386875 0.761551225 0.9895670984375 0.757310728125 0.9763476640625001 0.7272214046875 0.9765072375000001 0.72832454375 0.99108386875