2 0.20120368281249998 0.214981934375 0.158692228125 0.22950491875 0.1762728953125 0.25731519375 0.20584440312500002 0.2492910625 0.20120368281249998 0.214981934375
2 0 0.38545219531249997 0.017107281250000002 0.3851381171875 0.023305528125 0.36437607031249997 0.061556078125000004 0.35763146562500003 0.0642264390625 0.3248430703125 0 0.32883627656250003 0 0.38545219531249997
2 0.23843969999999998 0.298340178125 0.19544591718749998 0.3101367484375 0.20667681093749998 0.3418781234375 0.24356093906249998 0.33537445625 0.23843969999999998 0.298340178125
2 0.6970161859374999 0.119127184375 0.696508015625 0.1641779765625 0.7341130546875 0.16176279843750002 0.73742946875 0.1246480546875 0.6970161859374999 0.119127184375
2 0.8010432125 0.733055659375 0.781664625 0.7589532203125 0.8172430015625001 0.7849957437499999 0.839519425 0.7515617328124999 0.8010432125 0.733055659375
2 0.7409360875 0.743654165625 0.7497148359375 0.705574678125 0.6819940250000001 0.6809841265625 0.6743400359375 0.71746114375 0.7409360875 0.743654165625
2 0.721331809375 0.3129510015625 0.7287459468749999 0.27511371875 0.6860821515625 0.2728011390625 0.677303403125 0.310880625 0.721331809375 0.3129510015625
2 0.71433204375 0.47295672031249997 0.710817621875 0.4370448484375 0.672972459375 0.4380982203125 0.6716679765625 0.47064260156250004 0.71433204375 0.47295672031249997
2 0.7264512640625 0.7813340609375 0.73425605625 0.7616928781250001 0.6695066703125 0.7379825265625 0.6591342984375 0.7510525453125 0.7264512640625 0.7813340609375
2 0.4537532125 0.48096650781249994 0.45133743437499996 0.4912278328125 0.502108628125 0.507567559375 0.5101548109375 0.48928637343750003 0.4537532125 0.48096650781249994
2 0.5896305703125 0.7562840328125 0.5956632843749999 0.7425734828125 0.5457779953124999 0.723267671875 0.5372512953124999 0.7388237109375 0.5896305703125 0.7562840328125
2 0.5289789078125 0.7318511421875 0.535899334375 0.715175775 0.47997952499999996 0.70957925 0.4771570921875 0.7255336171875 0.5289789078125 0.7318511421875
2 0.4240524265625 0.855729996875 0.3944925734375 0.8398673328124999 0.3828304515625 0.8615943968750001 0.40965773437499997 0.8779404718749999 0.4240524265625 0.855729996875
2 0.681912875 0.82431320625 0.6884281859375 0.8133306093750001 0.6576650953125001 0.790653040625 0.6472924546875001 0.8037215203124999 0.681912875 0.82431320625
2 0.70096301875 0.812524525 0.709487184375 0.7969721078124999 0.67944808125 0.7783824859374999 0.670199928125 0.78984695625 0.70096301875 0.812524525
2 0.272780309375 0.6688369234375 0.270783109375 0.6495199515625 0.231166140625 0.6565054921875 0.236782084375 0.67237450625 0.272780309375 0.6688369234375