2 0.463726009375 0.7483714296875 0.433396478125 0.77301314375 0.46722111093749996 0.8148462140625 0.4978349984375 0.8006796093749999 0.463726009375 0.7483714296875
2 0.44079201718750005 0.91070930625 0.42246613125000004 0.9466751562500001 0.4759810046875 0.9622452796875001 0.48621165 0.92906446875 0.44079201718750005 0.91070930625
2 0.3375130296875 0.6643624499999999 0.2985026421875 0.6645295765625 0.32060993125000004 0.7548077078125 0.35770591875 0.7501345828125 0.3375130296875 0.6643624499999999
2 0.2970253578125 0.8637461734375 0.332184559375 0.86959779375 0.33903495625 0.8294379703124999 0.2994672703125 0.8260864578125 0.2970253578125 0.8637461734375
2 0.081394453125 0.556441725 0.0459995 0.568059246875 0.059809520312499996 0.609755990625 0.092809003125 0.594610390625 0.081394453125 0.556441725
2 0.395243378125 0.6648372796875 0.42683842812500006 0.6405946953125 0.396464065625 0.606931846875 0.3654346046875 0.635894059375 0.395243378125 0.6648372796875
2 0.53223698125 0.7297053921875001 0.5622606640625001 0.75620996875 0.5856863515625 0.72123984375 0.5571365578125 0.7011144875 0.53223698125 0.7297053921875001
2 0.5375467953124999 0.588796178125 0.50598 0.5601298203125 0.48878930781249996 0.58810090625 0.5188333046875 0.6118970859374999 0.5375467953124999 0.588796178125
2 0.6821351578125 0.6181942 0.7165657828125 0.6421989140625 0.7397421078125 0.6021585 0.7061059046875 0.583738896875 0.6821351578125 0.6181942
2 0.6218685703125 0.5069081046874999 0.6493914125 0.5289995671875001 0.6712674515625 0.50028639375 0.6437888968750001 0.473979859375 0.6218685703125 0.5069081046874999
2 0.6320072546875 0.297903559375 0.5982616546874999 0.28581495625 0.5750601625 0.324358059375 0.6052710171875 0.34902795625 0.6320072546875 0.297903559375
2 0.6181746921875 0.221944771875 0.58066403125 0.20504213125 0.5561034359375 0.261532875 0.591873728125 0.2796128890625 0.6181746921875 0.221944771875
2 0.565394440625 0.051760862500000004 0.5215043953125 0.040076676562500003 0.5051857921875 0.08113496406250001 0.5437181671875 0.10448844374999999 0.565394440625 0.051760862500000004
2 0.3748579234375 0.27070193124999997 0.41431912656250003 0.299919809375 0.43332903749999996 0.2710594359375 0.394977728125 0.24226691718749999 0.3748579234375 0.27070193124999997
2 0.37636529375 0.3143488046875 0.355232075 0.3477519546875 0.380224934375 0.3690418234375 0.3995172984375 0.33051829375 0.37636529375 0.3143488046875
2 0.7352422578125 0.7714941078125 0.76686555 0.7929361218750001 0.79270916875 0.7660007328125 0.7545914 0.7419788546875 0.7352422578125 0.7714941078125
2 0.674447415625 0.8009626359375 0.6660383624999999 0.81611939375 0.6997618234375 0.8432402859374999 0.7094630234375 0.8260738359375001 0.674447415625 0.8009626359375
2 0.65249909375 0.8140573265625 0.6435036015625 0.8293069687499999 0.6829067656250001 0.8657494359375001 0.6936591796875 0.8457113093749999 0.65249909375 0.8140573265625
2 0.9051023593749999 0.2817029296875 0.8499223484374999 0.2669961078125 0.8382268937499999 0.303114103125 0.8943797421875 0.31616238124999996 0.9051023593749999 0.2817029296875
2 0.8731218921874999 0.675113375 0.8603701265625 0.69697104375 0.8907276562499999 0.7180123843749999 0.9057321546875 0.694896190625 0.8731218921874999 0.675113375
2 0.6229537234375 0.320377790625 0.651797525 0.33564736875 0.666580259375 0.30384960625 0.6415845296875 0.28947343124999997 0.6229537234375 0.320377790625
2 0.8121837812500001 0.6733431515625 0.843843215625 0.7025944078124999 0.8617384609375 0.67300885 0.831040909375 0.6445069765625 0.8121837812500001 0.6733431515625
2 0.24783194062499997 0.2649713703125 0.2115070140625 0.3200190703125 0.25531971875 0.35395809843750003 0.3018222828125 0.29369151250000003 0.24783194062499997 0.2649713703125