2 0.009240009375 0.7023569937499999 0.144054278125 0.94427698125 0.1730202140625 0.936281984375 0.0434481859375 0.6851236921875 0.009240009375 0.7023569937499999
2 0.075230034375 0.702842559375 0.18509462031249999 0.9101577953125 0.207752575 0.8976718218749999 0.094861240625 0.6913855250000001 0.075230034375 0.702842559375
2 0.2090663421875 0.40038406406249993 0.250213678125 0.4052144796875 0.2584415109375 0.3503527203125 0.21814355624999998 0.347646228125 0.2090663421875 0.40038406406249993
2 0.2910780796875 0.40111316406249997 0.3177018015625 0.39983447499999997 0.31838047812500003 0.3641945890625 0.2922524046875 0.363419840625 0.2910780796875 0.40111316406249997
2 0.2919095265625 0.351213290625 0.3170662265625 0.35520723906249996 0.31967648125000003 0.3054005921875 0.2923936109375 0.30397075625 0.2919095265625 0.351213290625
2 0.16088077812499998 0.6912780749999999 0.21924999218750002 0.8031424375 0.2407237171875 0.7905928375 0.184885703125 0.687185034375 0.16088077812499998 0.6912780749999999
2 0.24893064062499998 0.7815099078125 0.2635696796875 0.774549328125 0.2065753859375 0.6704848 0.19012794375 0.6779467328125001 0.24893064062499998 0.7815099078125
2 0.2811537359375 0.8117377609374999 0.275780990625 0.8025377140625001 0.256274 0.8116245624999999 0.2632069515625 0.826850459375 0.2811537359375 0.8117377609374999
2 0.2724407140625 0.7907702078125001 0.26734742031250003 0.7818805249999999 0.24709220312500002 0.7938994218750001 0.2524948625 0.8042901640625001 0.269223534375 0.7914918859375 0.2724407140625 0.7907702078125001
2 0.24234836249999997 0.8204077890624999 0.23688739062500003 0.8070396000000001 0.22031408749999998 0.816873196875 0.22372041562499997 0.8313212703125 0.24234836249999997 0.8204077890624999
2 0.6232520078125 0.2232071140625 0.5975856765625001 0.16597290468749998 0.583010265625 0.171749253125 0.6060293328124999 0.23181754843750002 0.6232520078125 0.2232071140625
2 0.4937365890625 0.2610118609375 0.4921763078125 0.19136600625 0.4755088234375 0.1916816296875 0.4765870859375 0.2618967890625 0.4937365890625 0.2610118609375