2 0 0.676080453125 0.0918249921875 0.6994120265625 0.10807957812499999 0.6543537890625 0 0.6266367234375 0 0.676080453125
2 0.5885230984375001 0.1160874515625 0.45842946875 0.088435196875 0.44711265781250004 0.1302459640625 0.578728340625 0.15645660625 0.5885230984375001 0.1160874515625
2 0.4874959671875 0.200133396875 0.438870115625 0.1861587609375 0.42515980468750003 0.229249871875 0.4819795703125 0.24322819999999998 0.4874959671875 0.200133396875
2 0.4045046359375 0.39352810625 0.40083614843750004 0.42792165468750004 0.48403210156250004 0.43347638593750004 0.4827701484375 0.4022807515625 0.4045046359375 0.39352810625
2 0.2859734875 0.608479740625 0.2723243859375 0.6498474796875 0.3639652640625 0.669931765625 0.3705200890625 0.6276631078125 0.2859734875 0.608479740625
2 0.4816044828125 0.6676482499999999 0.40754764843749997 0.647662671875 0.394142284375 0.6964510578125 0.47314654375 0.7131512828125001 0.4816044828125 0.6676482499999999
2 0.7646294421875 0.8496988125 0.715262028125 0.8392054453125001 0.7028617859375 0.8832650984375 0.7553423031250001 0.896239625 0.7646294421875 0.8496988125
2 1 0.365681571875 0.9699801890625 0.3605147265625 0.9658825468750001 0.38550416875 1 0.394828553125 1 0.365681571875
2 0.812060271875 0.6893739421875 0.736523365625 0.6763515515625 0.7259303953125 0.7333270140625 0.803299496875 0.7505806109375001 0.812060271875 0.6893739421875
2 0.6009585359375 0.717275959375 0.5632066234375 0.70925154375 0.5566502703125 0.751519878125 0.5971452703125 0.76376625 0.6009585359375 0.717275959375
2 0.6172235359375 0.3865907546875 0.5960669625 0.4718457046875 0.6819343734375 0.4876709265625 0.70628694375 0.4145023890625 0.6172235359375 0.3865907546875
2 0.8862669546875 0.274583525 0.8897340703125 0.2668318609375 0.8384512359375 0.251078434375 0.836622796875 0.26396424218750003 0.8862669546875 0.274583525
2 0.8920631437500001 0.24731460312500003 0.8922425328125 0.2321917421875 0.8437900984375 0.22310529375 0.840929934375 0.23941708281250001 0.8920631437500001 0.24731460312500003
2 0.89881045 0.21842680468750003 0.9052533890625 0.20524231718750002 0.8572441265625 0.1883668625 0.8472713578125 0.20529935781250003 0.89881045 0.21842680468750003
2 0.702148390625 0.11840908593749999 0.70519736875 0.10692805624999999 0.670560090625 0.1013851203125 0.6632278734375 0.11161387812500001 0.702148390625 0.11840908593749999