2 0.5174603796875 1 0.538550484375 0.9985252359375 0.5438811984374999 0.9733068250000001 0.4593402984375 0.9620175156249999 0.45500255 0.997973153125 0.4803031421875 1 0.5174603796875 1
2 0.2758246015625 0.825087946875 0.271643053125 0.8592582171875 0.301121809375 0.8663466203124999 0.3095913125 0.8274461328125 0.2758246015625 0.825087946875
2 0.1562523015625 0.788427028125 0.177851559375 0.7391093578125 0.14794860468749998 0.7198203703125 0.12277300937499999 0.7759710937500001 0.1562523015625 0.788427028125
2 0.9344490828125 0.05504655000000001 0.9271116953125 0.0367075828125 0.885413165625 0.0330594328125 0.8998248390624999 0.069284590625 0.9344490828125 0.05504655000000001
2 0.571402953125 0.24657444218750002 0.5668594359375 0.2848820328125 0.5995982796875 0.28536380625 0.597695240625 0.24582090937499998 0.571402953125 0.24657444218750002
2 0.5624270953125 0.24698119218749998 0.5333406968750001 0.2456269296875 0.5286938171875 0.2851159453125 0.560249815625 0.285492665625 0.5624270953125 0.24698119218749998
2 0.43297274531249996 0.16658475625 0.40283567343750004 0.1568021625 0.390303303125 0.17059205625 0.4286195734375 0.1822791375 0.43297274531249996 0.16658475625
2 0.38679394375 0.1970791734375 0.42173904531249995 0.2132363234375 0.42624746093750004 0.19576747187500002 0.3964634671875 0.185355440625 0.38679394375 0.1970791734375
2 0.371327046875 0.0468657890625 0.3631161328125 0.0657972 0.40153251718750005 0.076304140625 0.40460103593749996 0.061686265625 0.371327046875 0.0468657890625
2 0.3440545671875 0.0724659390625 0.339701259375 0.088161875 0.390926828125 0.10217041093749998 0.3927251921875 0.085021265625 0.3440545671875 0.0724659390625
2 0.0790210515625 0.20647512968749998 0.074076390625 0.22211775937499997 0.107096365625 0.22619867187499998 0.1092471859375 0.20844513125000003 0.0790210515625 0.20647512968749998
2 0.1066827859375 0.23092592500000003 0.0718882 0.2266913265625 0.069797496875 0.2437756828125 0.10593159062499999 0.24634255781249997 0.1066827859375 0.23092592500000003
2 0.1058145765625 0.5678683625 0.120096925 0.5476832140625 0.0892436796875 0.529037284375 0.07640116875 0.5498142390625 0.1058145765625 0.5678683625
2 0.16434768125000002 0.6277712453125 0.1513288734375 0.64032654375 0.2094667140625 0.6638722515625 0.2119937984375 0.648612559375 0.16434768125000002 0.6277712453125
2 0.1093222703125 0.6027129203125 0.1045827734375 0.6159925671875001 0.1241552703125 0.6171089203125 0.128841459375 0.6044206296875 0.1093222703125 0.6027129203125