2 0.7443254718750001 0.466020940625 0.7317631484375 0.41730125312500005 0.680119690625 0.42543689999999995 0.6893866515625 0.47411412343750003 0.7443254718750001 0.466020940625
2 0.952102921875 0.6966133515624999 0.8127000593749999 0.6915898421875 0.8117428 0.7471298656250001 0.9511730828125 0.7523766984375 0.952102921875 0.6966133515624999
2 0.3762816875 1 0.367863159375 0.9711984843750001 0.3077520828125 0.9785791968750001 0.315054271875 1 0.3762816875 1
2 0 0.461009971875 0.014664615624999999 0.5209064640625 0.0479666609375 0.5144246515625001 0.0342164046875 0.4365291375 0 0.441786765625 0 0.461009971875
2 0.47901248750000003 0.3466096984375 0.5317622328125 0.337740009375 0.5223326562499999 0.30479045781249997 0.47215747812500003 0.315140234375 0.47901248750000003 0.3466096984375
2 0.6117464671875 0.472725103125 0.6122318921875001 0.4182143171875 0.576357021875 0.42321740781250006 0.5792730781250001 0.4713268796875 0.6117464671875 0.472725103125
2 0.27473229374999997 0.33938099843749997 0.2653750765625 0.307020771875 0.2339859171875 0.3144657046875 0.2420437578125 0.345987409375 0.27473229374999997 0.33938099843749997
2 0.3085561578125 0.775630959375 0.3011323328125 0.7346568421875 0.2621543171875 0.7436317781249999 0.2694845359375 0.781407525 0.3085561578125 0.775630959375
2 0.0604883546875 0.616405665625 0.043138884375 0.5676739828125 0.01315570625 0.5719536640625 0.0209472625 0.620794728125 0.0604883546875 0.616405665625
2 0.9603183468750001 0.1564688015625 0.9535871609375001 0.1016476859375 0.7834240078125 0.12673013125000002 0.7952333312500001 0.1839203484375 0.9603183468750001 0.1564688015625
2 0.8527580312499999 0.0434188234375 0.8463474359375001 0.0106968 0.781520215625 0.0186565796875 0.790154296875 0.0597434171875 0.8527580312499999 0.0434188234375
2 0.798847459375 0.8321145640625 0.783627565625 0.7520066640625 0.7356129234375001 0.7507204656249999 0.7492572515625 0.8301764546875001 0.798847459375 0.8321145640625