2 0.6585138359375 0.5507288984375001 0.664726690625 0.6127008593750001 0.7544458078125 0.6044727062499999 0.7463515890625 0.53855058125 0.6585138359375 0.5507288984375001
2 0.8604195593749999 0.47853937812499997 0.933806309375 0.4737113578125 0.929473459375 0.4156913015625 0.86243231875 0.42671088749999997 0.8604195593749999 0.47853937812499997
2 1 0.479649928125 0.9969494156250001 0.45480491093750003 0.9683792640625001 0.45970765625 0.971414571875 0.484428259375 1 0.48091840937499997 1 0.479649928125
2 0 0.08234501875 0.010574334375 0.08240831875 0.01032394375 0.0576244109375 0 0.05889203125 0 0.08234501875
2 0.205224596875 0.54225781875 0.198790078125 0.5012252 0.16183136250000002 0.5071579296875 0.16433579843749999 0.538914425 0.205224596875 0.54225781875
2 1 0.52475400625 0.99510270625 0.49545956406249997 0.9636433140625 0.5007170640624999 0.9673532843749999 0.5309323390625 1 0.5269238281249999 1 0.52475400625
2 0.6557865265625 0.65113783125 0.67074410625 0.7437254078125 0.765554696875 0.7314874953125 0.7487552046875 0.628770765625 0.6557865265625 0.65113783125
2 0.28598989375 0.1825809015625 0.3214105046875 0.18360938124999998 0.3213698328125 0.16867489375 0.2873461203125 0.169266375 0.28598989375 0.1825809015625
2 0.32169193906250004 0.156682184375 0.3214247234375 0.144761834375 0.2893119625 0.146313525 0.28898550312500004 0.15825796875 0.32169193906250004 0.156682184375
2 0.3205697328125 0.13291365625 0.321998509375 0.1201900046875 0.2884791953125 0.12490229374999999 0.2914692609375 0.1346511875 0.3205697328125 0.13291365625
2 0.321947990625 0.110034525 0.320502315625 0.09826044687499999 0.2882450265625 0.0986350390625 0.2887591921875 0.1125794421875 0.321947990625 0.110034525
2 1 0.6043125500000001 0.9718951578125001 0.6093351015625 0.9703688578125 0.6212773140625 1 0.6192970140625 1 0.6043125500000001
2 1 0.6382134953125 0.9917828999999999 0.6397632015625 0.9965894421874999 0.6521132374999999 1 0.651725675 1 0.6382134953125
2 1 0.672380834375 0.9837444953125001 0.6766080984375 0.9830290890625 0.6878336453125 1 0.6846180015625001 1 0.672380834375
2 1 0.7044942843750001 0.9897163609374999 0.7057569578125 0.9869315734375 0.7196168328125 1 0.7177089359375 1 0.7044942843750001