2 0.34029284843749996 0.42254478593749994 0.29982610468750004 0.45616275 0.3258235890625 0.4825785734375 0.3662001375 0.4529006765625 0.34029284843749996 0.42254478593749994
2 0.08205128125 0.688329171875 0.044748176562500006 0.6730140234374999 0.0138968640625 0.7353593953125 0.0453238328125 0.7523647703125 0.08205128125 0.688329171875
2 0.22734360156250003 0.8510601812499999 0.1923830296875 0.8106923890625 0.1599927375 0.8391672171875 0.1850086015625 0.8839421390625001 0.22734360156250003 0.8510601812499999
2 0.041761609374999994 0.817965090625 0.011877625 0.8046674656249999 0.001161428125 0.8433257796875001 0.029785028125 0.85663710625 0.041761609374999994 0.817965090625
2 0.6639772703125 0.047556384374999996 0.6097434015625 0.0560587078125 0.6136733734375001 0.0938327796875 0.66949553125 0.0817362515625 0.6639772703125 0.047556384374999996
2 0.500823996875 0.1549190828125 0.5405773875000001 0.12266144999999999 0.5196559078125 0.097111228125 0.47643062187499996 0.128570515625 0.500823996875 0.1549190828125
2 0.5398174328125 0.22364109999999998 0.514804234375 0.1941009953125 0.49156422187500004 0.21615717812500002 0.513329446875 0.2486036390625 0.5398174328125 0.22364109999999998
2 0.6242113921875 0.42837447656250005 0.6624962390625 0.3866340765625 0.6404612671875001 0.3632674640625 0.5988818921875 0.40607376406249995 0.6242113921875 0.42837447656250005
2 0.648255484375 0.23709800468750003 0.6258835390625 0.207862996875 0.57422713125 0.24621003749999998 0.5966174296875 0.27331649687500004 0.648255484375 0.23709800468750003
2 0.9554102375 0.22147839687499998 0.9662754843749999 0.15330014218750002 0.9173979453125 0.14323460937500002 0.9058220921875 0.1960146078125 0.9554102375 0.22147839687499998
2 0.6964083953125 0.6040875328124999 0.6857270703125 0.6019262375000001 0.6710789984375001 0.629317553125 0.680514875 0.6333240984375 0.6964083953125 0.6040875328124999
2 0.7698168187500001 0.51317705625 0.7326657546875001 0.49759232343750004 0.7196922171875 0.529635809375 0.75347833125 0.5417015265625 0.7698168187500001 0.51317705625
2 0.743686034375 0.5418782671875 0.7078969484375001 0.5256939218750001 0.6786929296875 0.5884196015625001 0.708249215625 0.605602465625 0.743686034375 0.5418782671875
2 0.644007125 0.8046608031250001 0.5901448390625 0.7660228890624999 0.5527060046875001 0.8067382656250001 0.60403130625 0.8484466796874999 0.644007125 0.8046608031250001
2 0.7327535140625 1 0.75729245625 0.9660960968750001 0.7230104359375 0.9432519515625 0.698175028125 0.987180140625 0.7105986671875 1 0.7327535140625 1
2 0.9719137859375 0.598834371875 0.9370636421875 0.5822574281249999 0.9222333718750001 0.6080832593750001 0.9579787171874999 0.6248668765625001 0.9719137859375 0.598834371875
2 0.9323767984375 0.7859246609375 0.897124065625 0.77504376875 0.8776667218749999 0.819605815625 0.9073588359375 0.8282888859374999 0.9323767984375 0.7859246609375
2 0.77164390625 0.47094310625 0.7890947953125 0.44815816406250003 0.7647903171875 0.4267034625 0.743154615625 0.44913163437500003 0.77164390625 0.47094310625
2 0.48175993593750005 0.46982986875000005 0.450823015625 0.49102313437499995 0.472232603125 0.5243015421874999 0.49751925 0.49662418124999996 0.48175993593750005 0.46982986875000005