1 0.9501876921875001 0.5136359406250001 0.9411474578125001 0.4825811890625 0.891241953125 0.49845671874999997 0.9031598000000001 0.5424642000000001 0.9291767171875 0.5345822046875 0.9242822343749999 0.519391165625 0.9501876921875001 0.5136359406250001
1 0.6968878390625 0.40719431406249995 0.6570530625 0.3802147359375 0.6194742796875 0.43229595156249995 0.658563446875 0.45994836718750004 0.6968878390625 0.40719431406249995
1 0.5861660015625 0.5521670109375 0.53723066875 0.5631146859375 0.544144134375 0.594057978125 0.5944978328125 0.5831846359374999 0.5861660015625 0.5521670109375
1 0.5629248609374999 0.6156673765625 0.5582921468750001 0.5955113578125 0.5411199671875 0.597455925 0.5456427015624999 0.6197403546875 0.5629248609374999 0.6156673765625
1 0.38903755625 0.9073931796875 0.368500165625 0.8785804125000001 0.3337538078125 0.90378396875 0.3616097 0.94222733125 0.38821980625 0.9229967671875 0.3809755546875 0.9119493671875001 0.38903755625 0.9073931796875
1 0.1871415796875 0.9736222124999999 0.1791421765625 0.9227072171874999 0.12382341562500002 0.9333203515624999 0.12786138125 0.9648248578124999 0.15507358124999998 0.9612738562500001 0.15772819375 0.9784816828125 0.1871415796875 0.9736222124999999
1 0.0934457265625 0.9701340828125 0.0881009375 0.9364269140625 0.0314380609375 0.945548909375 0.034885046875 0.9747458874999999 0.0490702671875 0.975489303125 0.0934457265625 0.9701340828125
1 0.9773887140624999 0.13030137343749998 0.9527545156249999 0.1389677453125 0.9589542625 0.156361365625 0.9836643546875001 0.1462767078125 0.9773887140624999 0.13030137343749998
1 0.9608165156249999 0.134411559375 0.9484154609375001 0.0996242390625 0.9129553843749999 0.111278121875 0.9260291953124999 0.14681261406249999 0.9608165156249999 0.134411559375
1 0.916368903125 0.1818660109375 0.8845886171874999 0.123305315625 0.85603605625 0.13887764375 0.8871435046875 0.196692728125 0.916368903125 0.1818660109375
1 0.864812328125 0.1613849921875 0.8555528484374999 0.148097803125 0.8306940890625001 0.1610191921875 0.839245165625 0.1742692546875 0.864812328125 0.1613849921875
1 0.9344062140625 0.21766062812500003 0.9220444796875 0.1956772875 0.900882725 0.205946340625 0.89501963125 0.1956832375 0.859934978125 0.21375775625000001 0.8787922328125 0.24746117031249998 0.9344062140625 0.21766062812500003
1 0.34906854374999996 0.058553682812499994 0.31922105625 0.018524228125 0.305056825 0.0275609390625 0.3134103265625 0.042341821875000005 0.27553575625 0.06839063125 0.29299416875 0.09603440625000001 0.34906854374999996 0.058553682812499994
1 0.12509852500000002 0.1524294015625 0.11889821249999999 0.12146246406250001 0.076777034375 0.1290340125 0.084893778125 0.1607522796875 0.12509852500000002 0.1524294015625
1 0.11366343593749999 0.1218405765625 0.10506636093749999 0.086837984375 0.079952328125 0.093345034375 0.0886500625 0.1263970984375 0.11366343593749999 0.1218405765625
1 0.1423064234375 0 0.144879828125 0.011343196875 0.1865206734375 0.0004873203125 0.18634392187499998 0 0.1423064234375 0