2 1 0.24692740624999998 0.9871578921875 0.237036575 0.9625112218749999 0.2622602421875 1 0.2925126359375 1 0.24692740624999998
2 0.8403288999999999 0.10037313750000001 0.8362813640625 0.137004934375 0.8881723546875 0.14190261875000001 0.8892748671874999 0.10659516718749999 0.8403288999999999 0.10037313750000001
2 0.773670528125 0.20486995000000002 0.7742616390625 0.22545247812500002 0.8238180546875 0.229913125 0.8218212359375 0.20191604375 0.773670528125 0.20486995000000002
2 0.83060638125 0.5829300265625 0.8008594984374999 0.6011761078125 0.8265272843749999 0.6334088984374999 0.8620501703125001 0.6131699078125 0.83060638125 0.5829300265625
2 0.9144523687499999 0.6784248859375 0.929583796875 0.667843234375 0.8996139124999999 0.6258161578125 0.8856655671875 0.63824538125 0.9144523687499999 0.6784248859375
2 0.9341554734375 0.6590123109375 0.9686450828125001 0.63437551875 0.9492067125 0.61468373125 0.9211081359375 0.63726788125 0.9341554734375 0.6590123109375
2 0.7387215421875 1 0.704085790625 0.9756243015624999 0.69042500625 1 0.7387215421875 1
2 0.1420515078125 0.528377134375 0.1047937484375 0.503737753125 0.0618213796875 0.5696441328125 0.0951225078125 0.592787790625 0.1420515078125 0.528377134375
2 0.48648929062499996 0 0.482093778125 0.036003975 0.5310384781249999 0.042224195312500004 0.54083020625 0.0072081624999999995 0.5024398875 0 0.48648929062499996 0
2 0.099538471875 0.3010315578125 0.1291947453125 0.32433059218750004 0.1480331078125 0.29271686875 0.1166259484375 0.27592832968750003 0.099538471875 0.3010315578125
2 0.152611803125 0.082109221875 0.139967696875 0.1298736203125 0.17074769375 0.1382425296875 0.18862575312500002 0.0932779703125 0.152611803125 0.082109221875
2 0.1539303765625 0.4575894546875 0.1276694984375 0.5107827390625 0.1747296671875 0.54136774375 0.2136802 0.48800352187499996 0.1539303765625 0.4575894546875