2 0.5521419125 0.18454869375 0.62798461875 0.2203158625 0.6712211609375001 0.15451156562499999 0.5936323203125 0.11355625312499999 0.5521419125 0.18454869375
2 0.4600762875 0.14376226875 0.43713424375 0.1854841796875 0.5291424328125001 0.23354941875000002 0.5560889375 0.19062942656249998 0.4600762875 0.14376226875
2 0.373470721875 0.27014710937499997 0.3578861125 0.30079538906250003 0.422391003125 0.3313397171875 0.4415629015625 0.3044967203125 0.373470721875 0.27014710937499997
2 0.3660700953125 0 0.33806630000000004 0.0455318890625 0.4027936140625 0.075525703125 0.43307645624999996 0.024347976562500002 0.38240830625 0 0.3660700953125 0
2 0.17063720468750002 0.1468925375 0.14534888125 0.194425871875 0.2083315078125 0.2192321265625 0.23119994687499998 0.1753065515625 0.17063720468750002 0.1468925375
2 0.23251023750000002 0.2719182234375 0.2108362484375 0.32081241562499996 0.26831227343749997 0.3433938578125 0.294275084375 0.2981536 0.23251023750000002 0.2719182234375
2 0.22321343124999998 0.4058825296875 0.19129215625 0.3905790171875 0.1712344765625 0.41883023750000004 0.207662496875 0.43803245625000004 0.22321343124999998 0.4058825296875
2 0.0998339453125 0.3118342796875 0.0850326140625 0.35005385625 0.13767220156249999 0.36876010937500003 0.15222691093750002 0.3374867578125 0.0998339453125 0.3118342796875
2 0.2449128765625 0.5978489140625001 0.293676109375 0.6213945015625 0.30713065156249997 0.5896783390625 0.25724363906250003 0.5720841984375 0.2449128765625 0.5978489140625001
2 0.7755574734375 0.35671567187500003 0.75739194375 0.3866194734375 0.8155241562500001 0.4107467921875 0.833616325 0.3770620734375 0.7755574734375 0.35671567187500003
2 0.9204702625 0.5409051109375 0.9511838218750001 0.5552353328125 0.961195184375 0.53045634375 0.9274969890625 0.5187625328125 0.9204702625 0.5409051109375
2 0.8553043953125 0.7893752468749999 0.9072752671875 0.8097324625000001 0.926916703125 0.7747491734375 0.8719791109375 0.7512738718749999 0.8553043953125 0.7893752468749999
2 0.31491003906250004 0.727338290625 0.34925333593749996 0.743775403125 0.3591141109375 0.7304641000000001 0.3214551921875 0.7158892890625 0.31491003906250004 0.727338290625
2 0.33530721093750004 0.68794849375 0.3269127078125 0.7008006390625 0.3605998171875 0.7156918734375 0.37232289375 0.7056961937499999 0.33530721093750004 0.68794849375
2 0.7881911953125 0.720114325 0.7538296359375 0.7060999078125 0.740151225 0.738366 0.7714147125 0.7529200953124999 0.7881911953125 0.720114325