2 0.5455234375 0.2573921875 0.5437421875 0.19267343750000002 0.5116703125 0.1986109375 0.5116703125 0.2609546875 0.5455234375 0.2573921875
2 0.64114375 0.2158296875 0.638175 0.14160937499999998 0.5930359375 0.1404234375 0.6001640625 0.2152359375 0.64114375 0.2158296875
2 0.46503659375 0 0.37758150156250003 0.012291010937500001 0.37863281249999997 0.107171875 0.5520562484375 0.091734375 0.546253125 0 0.46503659375 0
2 0.550275 0.7484265625 0.5431484375 0.6647062484374999 0.5110765625 0.6676765625 0.515234375 0.7478328140625 0.550275 0.7484265625
2 0.5318640625 0.8208640624999999 0.5704671859375 0.8155218734374999 0.5680921875 0.7448640640625 0.5318640625 0.7484265625 0.5318640625 0.8208640624999999
2 0.7213234374999999 0.56495625 0.7195406249999999 0.51983125 0.6084781265625 0.5263625000000001 0.6120421859375 0.6041453125 0.7213234374999999 0.56495625
2 0.966015625 0.7128015624999999 0.9636390625000001 0.6575828125000001 0.9101875015625 0.6593640625 0.9173140625 0.7181453125 0.966015625 0.7128015624999999
2 0.9112206359374999 0.9471204953125 0.9101875015625 0.8927078125 0.8740046875 0.9013171859375 0.8763528484374999 0.9520208421874999 0.9112206359374999 0.9471204953125
2 0.6720281265625 0.7496140625 0.6335343765625 0.7525828125 0.6393609375 0.8078015609375001 0.6726203125 0.8030531249999999 0.6720281265625 0.7496140625
2 0.9560477546874999 0.152300115625 0.9372406249999999 0.154078125 0.9422578140625 0.2110796875 0.9639849265624999 0.20877603125 0.9560477546874999 0.152300115625
2 0.75220625 0.31498593750000003 0.72904375 0.3161734375 0.73023125 0.3660484375 0.7539875015625 0.3672375 0.75220625 0.31498593750000003