2 0.873461396875 0.6942009765625 0.879345203125 0.657410853125 0.8457975640625 0.6476265421875 0.83900536875 0.6852443781249999 0.873461396875 0.6942009765625
2 0.7180317890625 0.8505850109375 0.7206825359375 0.812677578125 0.6839128328124999 0.8112952234374999 0.6832445296875 0.8463652828124999 0.7180317890625 0.8505850109375
2 0.5981519546875 0.6856630625 0.5915505015625 0.6542510515625 0.5444351890625 0.654527625 0.5413992296875 0.6894321234375 0.5981519546875 0.6856630625
2 0.557013803125 0.2280505640625 0.55520203125 0.17941508281250002 0.5244920734375 0.182920465625 0.5235337359375001 0.2221382109375 0.557013803125 0.2280505640625
2 0.2466018078125 0.02025955 0.241416825 0.0378363421875 0.278207103125 0.0484441671875 0.28526713593749997 0.016876771875 0.2466018078125 0.02025955
2 0.15545928281250002 0.2731822875 0.15360195000000001 0.2352556515625 0.15468368593749998 0.23324809531250001 0.1227304625 0.2310137078125 0.12211602968749999 0.2738251328125 0.15545928281250002 0.2731822875
2 0.3018601296875 0.2956196640625 0.30157624375 0.3435149703125 0.3359369828125 0.34532250468750003 0.3379432203125 0.2996308390625 0.3018601296875 0.2956196640625
2 0.19629714843749999 0.9051673515624999 0.1922636546875 0.86827894375 0.16180688125 0.8712099656250001 0.16574651875 0.9083878437499999 0.19629714843749999 0.9051673515624999
2 0.12037224843750001 0.8599782078124999 0.10588959375 0.8283126875000001 0.0751702671875 0.8431293453125001 0.086749746875 0.8731038578125 0.12037224843750001 0.8599782078124999
2 0.15945014375 0.6412948796875 0.1562588171875 0.592564496875 0.1413780703125 0.5936055671875 0.141573815625 0.6418320125 0.15945014375 0.6412948796875
2 0.136757228125 0.6426856015625 0.134713875 0.594629128125 0.12198746093749999 0.5987968421875001 0.127122490625 0.644392675 0.136757228125 0.6426856015625
2 0.115028034375 0.6387837828125 0.11126932656249999 0.5983465234375 0.10107000625 0.6003101515625 0.1034951421875 0.6421452921874999 0.115028034375 0.6387837828125
2 0.07676707031249999 0.658727478125 0.07327255625 0.6189023265625 0.059051246875 0.622967071875 0.06345893281250001 0.66196328125 0.07676707031249999 0.658727478125
2 0.0464236359375 0.658984890625 0.058973687500000004 0.65807844375 0.0523765796875 0.6248795687500001 0.03978333125 0.6263813296875 0.0464236359375 0.658984890625
2 0.5767972015625 0.3934130859375 0.5389061265625 0.3934403171875 0.540013065625 0.42863608124999997 0.5763163859375 0.42819865625000003 0.5767972015625 0.3934130859375
2 0.5858151296874999 0.90204834375 0.54930584375 0.8994953656250001 0.5464603515625 0.9486995437499999 0.5835309843750001 0.9542677749999999 0.5858151296874999 0.90204834375
2 0.6945496343750001 0.392719140625 0.6546962890625 0.3872539234375 0.6531043359375001 0.4270209953125 0.69770311875 0.435494878125 0.6945496343750001 0.392719140625