2 0.5301638171875 0.8935513109375 0.5262555671875 0.8396633953125001 0.47841405937500003 0.8488819781249999 0.490022940625 0.8991655625 0.5301638171875 0.8935513109375
2 0.9155688625 0.7284763046875 0.8590158515624999 0.6471719515625 0.82652743125 0.66745639375 0.8845835859375001 0.7460403906249999 0.9155688625 0.7284763046875
2 0.8430071140625 0.9236001578125 0.8762056046875 0.9195886828125 0.869491759375 0.8693921234375 0.8252129203124999 0.8729196671875 0.8430071140625 0.9236001578125
2 0.7526255625 0.9201157140625 0.7537858187500001 0.8802774109374999 0.7101313078125 0.8812233453125 0.7109317109375 0.92032996875 0.7526255625 0.9201157140625
2 0.5999216328125 0.3246758515625 0.6488745671875 0.3255503125 0.6404712671875 0.24956662500000001 0.5925873203124999 0.253315503125 0.5999216328125 0.3246758515625
2 0.14332207187499998 0.075781125 0.1660509015625 0.1715910390625 0.211889525 0.1537039609375 0.1850659953125 0.0612736453125 0.14332207187499998 0.075781125
2 0.327647196875 0.446587934375 0.3678342203125 0.4385271609375 0.3488364640625 0.3905588 0.3181742546875 0.39763773125 0.327647196875 0.446587934375
2 0.4270700109375 0.3968462296875 0.46178194375 0.3888323484375 0.454266090625 0.35099868437500004 0.4185303046875 0.3598567046875 0.4270700109375 0.3968462296875
2 0 0.5266626765625 0.0262293703125 0.5240894890625001 0.023251471875 0.490075084375 0 0.4883748828125 0 0.5266626765625
2 0.7449080890625 0.704564709375 0.7398811609375 0.6880696296875 0.6863878984375 0.699202390625 0.69207839375 0.7119730546875 0.7449080890625 0.704564709375
2 0.742508059375 0.6783322640625 0.7386381984375 0.661570053125 0.680249896875 0.6726157890625 0.6821382375 0.688706534375 0.742508059375 0.6783322640625
2 0.9296223984375 0.8025461640625 0.9114682765625 0.7714293046875 0.8812500234374999 0.7857101375 0.9003253765625001 0.8181778234375001 0.9296223984375 0.8025461640625
2 0.9283127 0.1380632546875 0.9160366968749999 0.0848900515625 0.8799527812499999 0.1017422125 0.894638790625 0.140279409375 0.9283127 0.1380632546875
2 0.931903496875 0.3320444125 0.9199378859375 0.2854945828125 0.86439625625 0.30623114375 0.8769776359374999 0.3488495046875 0.931903496875 0.3320444125
2 0.705119015625 0.3685725984375 0.697958178125 0.3349161359375 0.657773690625 0.3350625546875 0.6661798296875 0.371473546875 0.705119015625 0.3685725984375
2 0.478500609375 0.506119721875 0.5042687953125 0.4910397671875 0.47970736562500005 0.46383641718749996 0.457188571875 0.47451479062499996 0.478500609375 0.506119721875