2 0.19267343750000002 0.5437421875 0.2573921875 0.5455234375 0.2609546875 0.5116703125 0.1986109375 0.5116703125 0.19267343750000002 0.5437421875
2 0.14160937499999998 0.638175 0.2158296875 0.64114375 0.2152359375 0.6001640625 0.1404234375 0.5930359375 0.14160937499999998 0.638175
2 0 0.546253125 0.091734375 0.5520562499999999 0.107171875 0.37863281249999997 0 0.3774453125 0 0.546253125
2 0.6647062499999999 0.5431484375 0.7484265625 0.550275 0.7478328125 0.515234375 0.6676765625 0.5110765625 0.6647062499999999 0.5431484375
2 0.815521875 0.5704671875 0.8208640624999999 0.5318640625 0.7484265625 0.5318640625 0.7448640625 0.5680921875 0.815521875 0.5704671875
2 0.51983125 0.7195406249999999 0.56495625 0.7213234374999999 0.6041453125 0.6120421875 0.5263625000000001 0.608478125 0.51983125 0.7195406249999999
2 0.6575828125000001 0.9636390625000001 0.7128015624999999 0.966015625 0.7181453125 0.9173140625 0.6593640625 0.9101874999999999 0.6575828125000001 0.9636390625000001
2 0.990084375 0.8781156250000001 0.9013171874999999 0.8740046875 0.8927078125 0.9101874999999999 0.986521875 0.91196875 0.990084375 0.8781156250000001
2 0.7525828125 0.633534375 0.7496140625 0.672028125 0.8030531249999999 0.6726203125 0.8078015625000001 0.6393609375 0.7525828125 0.633534375
2 0.154078125 0.9372406249999999 0.150515625 0.9749234375 0.20692343750000003 0.9814578125000001 0.2110796875 0.9422578125 0.154078125 0.9372406249999999
2 0.3161734375 0.72904375 0.31498593750000003 0.75220625 0.3672375 0.7539875 0.3660484375 0.73023125 0.3161734375 0.72904375
2 0.9627718749999999 0.0294109375 0.998753125 0.0296875 0.9983968750000001 0.0009046874999999999 0.9645531249999999 0.001496875 0.9627718749999999 0.0294109375