2 0.6674475796875 0.5608879375 0.6696150328125 0.61975175 0.7157205453125 0.6143848671875001 0.7177472859375 0.56039368125 0.6674475796875 0.5608879375
2 0.8812829093750001 0.65260919375 0.809581696875 0.657405134375 0.80886235625 0.6953350703125001 0.885373240625 0.696913028125 0.8812829093750001 0.65260919375
2 0.634578859375 0.74242985 0.598491796875 0.7444802234375001 0.6021817078125 0.800187478125 0.642850915625 0.8056733203125 0.634578859375 0.74242985
2 0.6775470796875 0.9507990921875 0.6047765046875 0.951761175 0.602258021875 0.9802764046875 0.681683109375 0.9824208249999999 0.6775470796875 0.9507990921875
2 0.1505701734375 0.5625403125 0.14313055624999999 0.5790315703125 0.2417872734375 0.5911491046874999 0.2394676609375 0.5719649718750001 0.1505701734375 0.5625403125
2 0.28046410312500003 0.594437853125 0.24703284375 0.592168740625 0.2453796296875 0.6504617984375 0.28148183437499996 0.6514370953124999 0.28046410312500003 0.594437853125
2 0.33737054375 0.5257338265625 0.28701838281250003 0.51715449375 0.289671046875 0.5750779875 0.33336899062500003 0.580549284375 0.33737054375 0.5257338265625
2 0.376371725 0 0.377013196875 0.024609689062500002 0.4180811578125 0.0296000125 0.4183042265625 0 0.376371725 0
2 0.4773608078125 0.0731487140625 0.424957259375 0.0720274859375 0.43223407968750005 0.1030500015625 0.47999310624999997 0.10629115156249999 0.4773608078125 0.0731487140625
2 0.6053547421875 0.47268038125 0.6082937984375001 0.5244628828125 0.64351009375 0.5284399140625 0.6439991593750001 0.469920565625 0.6053547421875 0.47268038125
2 0.2791768359375 0.0938449296875 0.28539838125 0.1318522328125 0.32163314062500004 0.12747796875 0.3227090328125 0.090825475 0.2791768359375 0.0938449296875
2 0.1367292453125 0.10785167656250001 0.13921898593749998 0.1650574625 0.1835311921875 0.168916340625 0.178886446875 0.10879421874999999 0.1367292453125 0.10785167656250001
2 0.1303422078125 0.006904859375 0.13364686718750002 0.0443595015625 0.1904309875 0.04940270625 0.1826170234375 0.0055847984375 0.1303422078125 0.006904859375
2 0.9188642874999999 0.08585149843749999 0.913828940625 0.10086498749999999 0.98678625 0.11295330781249999 0.99087635625 0.0950150984375 0.9188642874999999 0.08585149843749999
2 0.777425559375 0.7792614234374999 0.7596177171875 0.780634059375 0.767896009375 0.803392709375 0.7813992078124999 0.8023914703124999 0.777425559375 0.7792614234374999
2 0.787899728125 0.7782762640625001 0.7889746093750001 0.8038639796875 0.8070272453125 0.8043519234375 0.80315145 0.7776149046875 0.787899728125 0.7782762640625001