2 0.8373075546875001 0.6751968781250001 0.8899625999999999 0.6708253828124999 0.8819097578124999 0.6149842953125 0.82966146875 0.62319420625 0.8373075546875001 0.6751968781250001
2 0.731543803125 0.7207854234375 0.7414028625 0.6833832390625 0.7046882984375 0.67263689375 0.6967337859375 0.7053186593749999 0.731543803125 0.7207854234375
2 0.9245213484375 0.2965867125 0.9399447234375 0.2884117671875 0.9189012062499999 0.24373707812499998 0.9002448125000001 0.2526080921875 0.9245213484375 0.2965867125
2 0.801719903125 0.40050043906250005 0.8319802624999999 0.383323659375 0.796772703125 0.3065908640625 0.7587951312500001 0.32381631093749996 0.801719903125 0.40050043906250005
2 0.7715286109374999 0.2929390234375 0.7555619375 0.253623065625 0.7085169734375001 0.27495289375 0.72403658125 0.31851278125000004 0.7715286109374999 0.2929390234375
2 0.71482606875 0.4596245859375 0.6907922281250001 0.4278794515625 0.647551759375 0.46070632343750006 0.666052234375 0.48954161875 0.71482606875 0.4596245859375
2 0.528791190625 0.3658144765625 0.5482971796875 0.33111773125 0.506413859375 0.3248928125 0.493691734375 0.347990415625 0.528791190625 0.3658144765625
2 0.0963597484375 0.38481246874999997 0.0749688734375 0.4173509609375 0.1252178078125 0.44647549687500004 0.139368359375 0.4106385421875 0.0963597484375 0.38481246874999997
2 0.2725366921875 0.6521171609375 0.304854159375 0.6212312468750001 0.2654767546875 0.580002521875 0.23632280625000002 0.6057159078125001 0.2725366921875 0.6521171609375
2 0.5088400156249999 0.49209500000000006 0.5407404578125 0.4923655796875 0.5360370640625 0.454059503125 0.5028808796875001 0.4569341515625 0.5088400156249999 0.49209500000000006
2 0.0189720734375 0.156225740625 0.076087815625 0.177926840625 0.10888911406249999 0.0698109890625 0.0528966109375 0.052398718749999997 0.0189720734375 0.156225740625
2 0.8901582109374999 0.8571450296875 0.8325481953124999 0.7831597625 0.77239860625 0.8342160312500001 0.8351688671874999 0.8970974703125 0.8901582109374999 0.8571450296875