2 0.8860945421875 0.8473320765624999 0.904210946875 0.8849681328125 0.9341151953125 0.8740838765625 0.9149301187500001 0.8294640281250001 0.8860945421875 0.8473320765624999
2 0.871416765625 0.8231866515625 0.8398573125000001 0.8376231203125 0.8591525000000001 0.87040714375 0.8946116796875 0.8545512921875 0.871416765625 0.8231866515625
2 0.885704621875 0.6277977734375 0.8638100625 0.5959581796875 0.8414745124999999 0.6114604109374999 0.8698715078125 0.6409316484375001 0.885704621875 0.6277977734375
2 0.86096701875 0.588146984375 0.8318538046875 0.5486172296875 0.81117199375 0.56056778125 0.8381574515624999 0.602346859375 0.86096701875 0.588146984375
2 0.332474984375 0.44288031562499997 0.2885618921875 0.3748265859375 0.2444867828125 0.4115070125 0.2729062859375 0.4734075265625 0.332474984375 0.44288031562499997
2 0.2504364796875 0.29434545 0.225796065625 0.226646471875 0.1862044125 0.251377515625 0.21272837656250002 0.3080700796875 0.2504364796875 0.29434545
2 0.7389547203125 0.5849554890625 0.75282169375 0.5739073609374999 0.730807078125 0.5446388828125001 0.72224719375 0.5540729828125001 0.7389547203125 0.5849554890625
2 0.759761434375 0.5669568484374999 0.771921290625 0.5558965406249999 0.7506186328125 0.5349023093749999 0.74124645 0.5421046359374999 0.759761434375 0.5669568484374999
2 0.68131995 0.5127341375000001 0.6942052484375 0.5036212828125 0.6751629453125 0.4732726359375 0.6645773046875 0.48407590625 0.68131995 0.5127341375000001
2 0.6864633125 0.467895928125 0.7047265265625 0.4972644296875 0.7177455453125 0.48620733749999995 0.6993832890625 0.46003416406250003 0.6864633125 0.467895928125
2 0.726612534375 0.48108445 0.7406246750000001 0.47250924375 0.7218770515624999 0.44552854843749995 0.7103785968749999 0.4572959109375 0.726612534375 0.48108445
2 0.74784155625 0.468302875 0.7647874203125 0.46087137499999997 0.7419916578125 0.43315258593749995 0.7304896859375 0.43797081718750003 0.74784155625 0.468302875
2 0.7716548140625 0.45395052031249994 0.79016113125 0.44215826406250003 0.7702635171875001 0.4171757703125 0.7552137515624999 0.4226534375 0.7716548140625 0.45395052031249994
2 0.797441484375 0.4363491546875 0.8079295515625 0.42874067812499994 0.7905811968750001 0.40535775156250003 0.775024771875 0.41291539374999997 0.797441484375 0.4363491546875