2 0.8723973171875 0.652986853125 0.902081378125 0.6544752125 0.8956451984375 0.576489221875 0.8653282546875 0.5823822375 0.8723973171875 0.652986853125
2 0.9207061 0.63694149375 0.9547469718749999 0.6315359359375 0.9647293078124999 0.573946575 0.9305742046875001 0.5787726578125 0.9207061 0.63694149375
2 0.890839528125 0.38991421718749997 0.8961969515625 0.35348835312500004 0.8264563609375 0.34194273124999996 0.8194087234375 0.37416066875 0.890839528125 0.38991421718749997
2 0.92776548125 0.3464431640625 0.9695873374999999 0.34829565156250003 0.9676565343749999 0.28546277343750004 0.930623115625 0.2926613421875 0.92776548125 0.3464431640625
2 0.707948490625 0.4792974421875 0.677869103125 0.481212675 0.6775454375 0.5438789125 0.7087671906249999 0.5426489218749999 0.707948490625 0.4792974421875
2 0.699615571875 0.6911086953125001 0.6637445343749999 0.7032226546875 0.6732462890625001 0.7552085109375 0.7057649265625 0.7513069796875 0.699615571875 0.6911086953125001
2 0.6632614875 0.6851706578125001 0.69131109375 0.676391621875 0.6761088984375 0.6360973296875 0.6485619484375 0.6468972734375 0.6632614875 0.6851706578125001
2 0.702427103125 0.784922415625 0.6865863171875 0.7864878015625 0.694207109375 0.8412603234375 0.706111196875 0.8371302249999999 0.702427103125 0.784922415625
2 0 0.42678822031249997 0.0823549765625 0.4608747109375 0.0910047015625 0.43046238125 0 0.39529004843750004 0 0.42678822031249997
2 0.5635308515624999 0.0289195421875 0.5260418953125 0.036206656250000004 0.53971680625 0.10250450156249999 0.5714257171875 0.0975490484375 0.5635308515624999 0.0289195421875
2 0.7306785171875 0.244122334375 0.74636370625 0.16334854062499998 0.7102690171875 0.16129169062499998 0.697384140625 0.2381944125 0.7306785171875 0.244122334375
2 0.854593390625 0.036760629687500004 0.8557012500000001 0.0628584171875 0.8914427515625001 0.06619364375 0.896385609375 0.035594562499999996 0.854593390625 0.036760629687500004
2 0.8283532953125 0.0373247140625 0.7927629109375001 0.036077134375 0.7935973296875 0.0670653859375 0.8279614046875 0.06643431718750001 0.8283532953125 0.0373247140625
2 0.778455234375 0.06698439375000001 0.7826607796875 0.03078243125 0.7671394484375 0.0274484125 0.7639302671875 0.06073481562500001 0.778455234375 0.06698439375000001
2 0.7078575234375 0.136053759375 0.7607794953125 0.14723781875 0.7635653765625 0.127340678125 0.70713091875 0.11714181093750001 0.7078575234375 0.136053759375
2 0.511538775 0.521709665625 0.56517669375 0.5167272781250001 0.57045943125 0.48787671875000005 0.5185086046875 0.48829712656249996 0.511538775 0.521709665625
2 0.5304080875 0.5207637265625 0.529514684375 0.541806753125 0.5611729328124999 0.54593409375 0.561418775 0.522296646875 0.5304080875 0.5207637265625
2 0.1690880765625 0.46488168593749996 0.153728640625 0.4733126171875 0.1858065828125 0.5602262062500001 0.1983101890625 0.552956846875 0.1690880765625 0.46488168593749996
2 0.1535551484375 0.5051016515625 0.13833194531249998 0.5089680375000001 0.16508677968750002 0.6217157156249999 0.181071053125 0.6167940984375 0.1535551484375 0.5051016515625
2 0.20916196406249998 0.5904660046875 0.1937698359375 0.5949700875 0.2088242875 0.6537398296875 0.225976075 0.6485928624999999 0.20916196406249998 0.5904660046875
2 0.18487665625 0.624220015625 0.1693620328125 0.628143046875 0.1785715078125 0.6692981828125 0.1950268640625 0.6636801328125 0.18487665625 0.624220015625
2 0.1447931515625 0.6480403296875 0.16170647656249998 0.6450567359375 0.14873275156250002 0.6091681765625 0.13205234375 0.6136202468749999 0.1447931515625 0.6480403296875
2 0.3554114984375 0.9040896140625 0.32087580625 0.9095945375 0.326767034375 0.939902278125 0.3577949546875 0.9314516078124999 0.3554114984375 0.9040896140625
2 0.5449695906249999 0.334960596875 0.535623340625 0.3615767078125 0.5648044765625 0.3716309078125 0.57938145 0.3470223625 0.5449695906249999 0.334960596875
2 0.8657857546875001 0.4864209265625 0.9042857421875 0.4871029375 0.90208539375 0.46333612031250004 0.8716733671875 0.465620034375 0.8657857546875001 0.4864209265625
2 0.5245053078125 0.5464080640625 0.5266945140625 0.5677591859375 0.5611703515625 0.56771125625 0.5616443125 0.5452391953125 0.5245053078125 0.5464080640625
2 0.47636774531250003 0.6301632109375 0.47405241093750006 0.6517850640625 0.5267799125 0.6584720421875 0.533632371875 0.6408087578125 0.47636774531250003 0.6301632109375
2 0.1069988828125 0.61546583125 0.033730143750000004 0.570128821875 0.0168227484375 0.628155390625 0.0790272875 0.6614303734375 0.1069988828125 0.61546583125