2 1 0.8026514328125 0.9821259937500001 0.7905504640625 0.9421790703124999 0.836501215625 0.9972415515625 0.8718674828124999 1 0.8671725468749999 1 0.8026514328125
2 0.9196333765625001 0.6503946203125001 0.9738532171875001 0.6749035531249999 0.990403065625 0.636395484375 0.9368920968750001 0.6157759484375 0.9196333765625001 0.6503946203125001
2 0.8371205093749999 0.7741804875 0.8729419859374999 0.788368534375 0.88517371875 0.7542185203125 0.848598384375 0.7413634484375 0.8371205093749999 0.7741804875
2 0.9078713734375 0.899183853125 0.8679050703125 0.9534556515625001 0.8960412859375 0.9598763515625001 0.9881604312500001 0.9501942390625 0.9078713734375 0.899183853125
2 1 0.9227080921875 0.991451125 0.9190201171875 0.9831466984375 0.9365733875 1 0.9412636484375 1 0.9227080921875
2 0.437023253125 0.9522493937500001 0.46220663125000006 0.9674675687500001 0.483811403125 0.9401470906249999 0.453579315625 0.9194657859375001 0.437023253125 0.9522493937500001
2 0.08712745625 0.9121051124999999 0.1032074546875 0.9032083703125 0.086245425 0.878151934375 0.07166901875000001 0.88147346875 0.08712745625 0.9121051124999999
2 0.06917135937499999 0.9258730828124999 0.0850281375 0.9176926609375 0.0688699828125 0.88892405 0.05236554375 0.8966226578125 0.06917135937499999 0.9258730828124999
2 0.1374971015625 0.6671057312500001 0.17501870625 0.5867041453125 0.1430415078125 0.5721701796875001 0.1083102859375 0.6450089718750001 0.1374971015625 0.6671057312500001
2 0.24925898281249997 0.6057403921875 0.25949224531250004 0.5724571453125 0.2261173265625 0.5616506390625 0.212091434375 0.59294599375 0.24925898281249997 0.6057403921875
2 0.21629574687500003 0.6158915984375 0.20390724218749998 0.6343643078125 0.2702217515625 0.6631810406249999 0.280233646875 0.6448324328124999 0.21629574687500003 0.6158915984375
2 0.2625405703125 0.6128205624999999 0.24919106562499999 0.6278152953125 0.3024216921875 0.6514478296874999 0.3074910015625 0.63719611875 0.2625405703125 0.6128205624999999
2 0 0.5213482796875 0.014327875 0.5290381359375 0.03320291875 0.48709161874999996 0 0.4695304921875 0 0.5213482796875
2 0.307996909375 0.269951746875 0.32487422499999996 0.2345593296875 0.2900407328125 0.21555569062500002 0.27321752187500004 0.25430302031249996 0.307996909375 0.269951746875
2 0.30098908281250003 0.1606746953125 0.306880128125 0.1201446984375 0.26884157656249996 0.11042380781250001 0.2634859078125 0.15035236093749998 0.30098908281250003 0.1606746953125
2 0.9088513031250001 0.16721694375 0.8896661031249999 0.20621252812500002 0.9561030234375 0.23620886406250002 0.9694273921875001 0.194845746875 0.9088513031250001 0.16721694375
2 0.3679093171875 0.6326353890624999 0.416505421875 0.6547754359375 0.42086512656249997 0.6366124109375 0.3782931046875 0.61782510625 0.3679093171875 0.6326353890624999
2 0.86028265 0.738941340625 0.92655498125 0.7702118625 0.9554251234375 0.6955413078125 0.8854747062499999 0.671878175 0.86028265 0.738941340625
2 0.4679591765625 1 0.472549225 0.9920272640625001 0.41276139218749996 0.9684900421875 0.3932856671875 0.996201053125 0.4236061828125 1 0.4679591765625 1