2 0.5171875 0.221875 0.0484375 0.06875
2 0.39601377968749996 0.9409497859375 0.4016011640625 0.989004925 0.5317784203125 0.9747045015625 0.5280004265625 0.920561425 0.39601377968749996 0.9409497859375
2 0.7092693703124999 0.950620759375 0.7696677546874999 0.9414131171875001 0.7663032265624999 0.8814266578125001 0.697017625 0.889316909375 0.7092693703124999 0.950620759375
2 0.8187407125 0.720731221875 0.8316484171875 0.8021137046875 0.9599321281250001 0.7852627187500001 0.9420885875 0.7004254734375001 0.8187407125 0.720731221875
2 0.46906233906250006 0.4881468796875 0.485507146875 0.573230759375 0.521385596875 0.564019975 0.5073260640624999 0.48428440000000006 0.46906233906250006 0.4881468796875
2 0.2881046625 0.5907298796875 0.30051441562500003 0.6938350984375 0.324789253125 0.6924392359375 0.3076884875 0.5872767234375 0.2881046625 0.5907298796875
2 0.34873484375 0.6810058671875 0.32447484375 0.5843168359375001 0.3116380578125 0.585138084375 0.32684681875 0.6877497625 0.34873484375 0.6810058671875
2 0.0026628875 0.558846315625 0.0123669421875 0.5975222359375 0.040098079687499996 0.591190265625 0.0322860296875 0.5550651796875 0.0026628875 0.558846315625
2 0.6303050531250001 0.15104796250000002 0.65515009375 0.1856118953125 0.6983530703125 0.1606857796875 0.6783630640625 0.1209391046875 0.6303050531250001 0.15104796250000002
2 0.6962850781250001 0.2389384046875 0.7069800828125 0.2586875203125 0.73956625625 0.24717280625 0.73183555 0.21968830156250002 0.6962850781250001 0.2389384046875
2 0.36624759375 0.868281828125 0.43545579375 0.8520343015625 0.4194873375 0.7748978171875 0.3503576234375 0.78521981875 0.36624759375 0.868281828125
2 0.4413135265625 0.8482010687500001 0.4612626796875 0.845928978125 0.45235771874999997 0.8095444203125 0.43442705156250006 0.8102166984375 0.4413135265625 0.8482010687500001
2 0.23954352812500002 0.2273607890625 0.32863376718750004 0.2091623953125 0.31880557187499997 0.14743120781250002 0.224003475 0.17099198437500002 0.23954352812500002 0.2273607890625
2 0.7236270703125001 0.70789153125 0.844494434375 0.6862683796875 0.8261252750000001 0.5644464640625 0.70551266875 0.5863356703125 0.7236270703125001 0.70789153125
2 0.7683539484375 0.3052213890625 0.783746528125 0.29939593124999997 0.7715386718749999 0.2654611953125 0.7535721125 0.2729844125 0.7683539484375 0.3052213890625