2 0.2909301078125 0.2508862609375 0.2889285234375 0.21305259531249998 0.21771231875 0.2195204703125 0.2154105515625 0.25847608437499997 0.2909301078125 0.2508862609375
2 0.41038102656250003 0.2234296859375 0.41428772187499996 0.1635239390625 0.34572867500000004 0.170286803125 0.3452243953125 0.2291220203125 0.41038102656250003 0.2234296859375
2 0.5362355453125 0.0497382515625 0.4854874484375 0.06052868125000001 0.501432978125 0.11356095937499999 0.54658020625 0.09919675312500001 0.5362355453125 0.0497382515625
2 0.3340343578125 0.517580990625 0.334514525 0.44477452656249994 0.285785075 0.4505594765625 0.287639346875 0.5210661062499999 0.3340343578125 0.517580990625
2 0.3123927046875 0.5756211437500001 0.251249925 0.5829309671875 0.254028196875 0.6190552046875 0.31090870625 0.6124914421875001 0.3123927046875 0.5756211437500001
2 0.3045929125 0.7408201984375 0.3078210453125 0.7101065656250001 0.26513769531250003 0.715259103125 0.2696813046875 0.743122615625 0.3045929125 0.7408201984375
2 0.3476688171875 0.7746095203125 0.34713280625 0.751263096875 0.271403584375 0.7580076234375 0.27379973125 0.78356685625 0.3476688171875 0.7746095203125
2 0.8755407406250001 0.6718366609374999 0.8800725406250001 0.6287194734375 0.81093125625 0.6239662015625 0.802539159375 0.672525315625 0.8755407406250001 0.6718366609374999
2 0.8587229437499999 0.73516313125 0.858994090625 0.7041371359374999 0.806615371875 0.7076909109375 0.8036777078125 0.7413211953125 0.8587229437499999 0.73516313125
2 0.6621067218750001 0.7801874765625 0.6607635578125 0.7645206250000001 0.6230106015625 0.7654104937499999 0.6266651265625 0.7818371703125 0.6621067218750001 0.7801874765625
2 0.6594992265624999 0.8049961359375001 0.6587467234375 0.7893897953125 0.621291221875 0.7903046421875 0.623279228125 0.8083566484375 0.6594992265624999 0.8049961359375001
2 0.663643390625 0.8281247687500001 0.66111923125 0.8123337921875 0.62330568125 0.8138001703125 0.62412588125 0.8287474765624999 0.663643390625 0.8281247687500001
2 0.9654565921874999 0.7433946171875 0.9667890078125 0.7250223078125 0.9111270234375001 0.7285279390625 0.9089486296875 0.7464138390625 0.9654565921874999 0.7433946171875
2 0.8179779703125 0.32658620781250003 0.8162019125000001 0.315053003125 0.7799200125 0.3190024609375 0.7810132046875 0.3370326890625 0.8179779703125 0.32658620781250003
2 0.8199767046875 0.3530714703125 0.8197555796874999 0.338119575 0.77817663125 0.3384297765625 0.7840051234375001 0.354068440625 0.8199767046875 0.3530714703125
2 0.8230927515625 0.3689262265625 0.8207246421875001 0.3573307984375 0.7813578390625 0.359359771875 0.7841368265625001 0.3755813078125 0.8230927515625 0.3689262265625
2 0.8264602265625 0.3937642890625 0.8267039171875 0.3800552890625 0.7879918828125 0.381549778125 0.788280990625 0.3987099421875 0.8264602265625 0.3937642890625
2 0.9203558140625001 0.9393097953125 0.9251072796875001 0.8997978203124999 0.8870897109375001 0.8889896937499999 0.8854108953125 0.93623395625 0.9203558140625001 0.9393097953125
2 0.812067596875 0.8150583703125 0.8102520421875001 0.7754547640625 0.76901489375 0.775382978125 0.7679133890625 0.8199746156250001 0.812067596875 0.8150583703125
2 0.355729796875 0.902658275 0.35612507187500003 0.8704512828125001 0.33197440624999996 0.8727346718750001 0.33348104218749997 0.903901959375 0.355729796875 0.902658275