2 0.8924620125 0.7005692859375 0.9028640250000001 0.7509931921875 0.9502599046875 0.752320121875 0.948732509375 0.7062741 0.8924620125 0.7005692859375
2 0.9327708749999999 0.5848022734375 0.929652253125 0.6401008390625 0.9814751671874999 0.6488038875 0.9892806578125001 0.5857307625 0.9327708749999999 0.5848022734375
2 0.6973333546875 0.3317749234375 0.649799309375 0.3295129203125 0.6495043015624999 0.372226228125 0.6983428421875 0.368790696875 0.6973333546875 0.3317749234375
2 0.6328737890625 0.271635165625 0.5344222265624999 0.2658021796875 0.531474665625 0.2996149703125 0.629192746875 0.3096167359375 0.6328737890625 0.271635165625
2 0.4001006359375 0 0.4049209328125 0.0189010296875 0.45647385781249994 0.0069099953125 0.45482841250000006 0 0.4001006359375 0
2 0.32281543749999997 0.5597683640625 0.3190640703125 0.61011621875 0.37287693125 0.6143722578124999 0.376471053125 0.5632065484375001 0.32281543749999997 0.5597683640625
2 0.6463227015624999 1 0.6485097468750001 0.9454654437500001 0.56193974375 0.94405345625 0.5693916640625 1 0.6463227015624999 1
2 0.525415390625 0.9562859703125 0.5255376921875 0.9265285640625001 0.49142674687500004 0.9268015953125 0.49418543593750003 0.9555978015625 0.525415390625 0.9562859703125
2 0.8637192921875 0.51480283125 0.7900828203125 0.5186843359375 0.7929430984375 0.536655603125 0.8623500078124999 0.5362455078125 0.8637192921875 0.51480283125
2 0.7461105234375001 0.576584509375 0.743701303125 0.5919575140625 0.7786858515625 0.5901583109375 0.78263639375 0.5745922046875 0.7461105234375001 0.576584509375
2 0.7887927296874999 0.573870590625 0.78471674375 0.5901571078125001 0.780921665625 0.5911554531250001 0.81961386875 0.58713508125 0.821295246875 0.5741802359375 0.7887927296874999 0.573870590625
2 0.830169021875 0.5751436 0.8249569187500001 0.5927354765625 0.858240909375 0.5903317859375 0.858372496875 0.5758994390625001 0.830169021875 0.5751436