2 0.909730065625 0.43810354531250006 0.8985861171874999 0.4429485421875 0.91260553125 0.52147585625 0.9237032062500001 0.5163354234375 0.909730065625 0.43810354531250006
2 0.8816214062500001 0.4500761921875 0.873301003125 0.449771071875 0.8790845718750001 0.5303698890625 0.8914503484375 0.52756161875 0.8816214062500001 0.4500761921875
2 0.6100218296875 0.6098725375 0.653415065625 0.73074426875 0.7270194546875001 0.7139152609375 0.6849473328125 0.57992536875 0.6100218296875 0.6098725375
2 0.6062221484375 0.387210128125 0.56561979375 0.3921942296875 0.5815421421875 0.474219765625 0.6222396828125001 0.46685745624999997 0.6062221484375 0.387210128125
2 0.67236174375 0.20250812499999998 0.68175553125 0.26753239687499997 0.7318534640625 0.257465371875 0.7192148578124999 0.201466090625 0.67236174375 0.20250812499999998
2 0.7251706109375 0.27611621249999996 0.688751590625 0.280952665625 0.700276246875 0.356002428125 0.73343175625 0.3536563875 0.7251706109375 0.27611621249999996
2 0.2405632796875 0.8250694218750001 0.1919845890625 0.8425113578125 0.20348501875 0.8658726640625 0.2521905765625 0.8499147078125 0.2405632796875 0.8250694218750001
2 0.25832479531249997 0.9405996171875 0.28365765625 0.98001564375 0.3487477421875 0.9868568874999999 0.3671169703125 0.97957656875 0.330026196875 0.9202708312500001 0.25832479531249997 0.9405996171875
2 0.053956056249999995 0.748113165625 0.0699239359375 0.79746095625 0.101969578125 0.7803008765625 0.0875391828125 0.740999296875 0.053956056249999995 0.748113165625
2 0.0492673671875 0.41913576875 0.014822267187499998 0.4262797375 0.023834021875 0.4633956546875 0.05451393125 0.45816550468750006 0.0492673671875 0.41913576875
2 0.08534214531249999 0.0248694140625 0.050546909375000004 0.02162865 0.051379224999999994 0.09645768593750001 0.089257996875 0.0933525953125 0.08534214531249999 0.0248694140625
2 0.684040484375 0.8060197484374999 0.6292125421875 0.8195180015625001 0.6419472765625 0.8612568046875 0.6935336578125 0.842818671875 0.684040484375 0.8060197484374999
2 0.6945581140625 0.8891236250000001 0.70348698125 0.9238659890625 0.7194514062499999 0.9221202765625 0.706799559375 0.8827550265624999 0.6945581140625 0.8891236250000001
2 0.667859278125 0.3681255234375 0.6291459500000001 0.37571716093749996 0.633064525 0.40290947031249996 0.674269440625 0.393152996875 0.667859278125 0.3681255234375