2 0.285790190625 0.340089196875 0.24828747812500002 0.3512770625 0.25760715 0.4132057265625 0.29390324843750004 0.41639302031250003 0.285790190625 0.340089196875
2 0.11446298125000001 0.3892310984375 0.060277528125 0.397539671875 0.0686009734375 0.44319469843750003 0.11700040468749999 0.44091819374999996 0.11446298125000001 0.3892310984375
2 0 0.43904265625 0.010554418749999999 0.43869759531249997 0.0054018890625 0.3910281203125 0 0.39143534375 0 0.43904265625
2 0.24125572499999998 0.934363996875 0.2242207171875 0.9863399859375 0.24222411406250002 0.9922556015625 0.256231503125 0.940420946875 0.24125572499999998 0.934363996875
2 0.22903744375 0.9334312234375 0.21475585625 0.9262833031250001 0.198153665625 0.97998876875 0.21212278593749997 0.984462534375 0.22903744375 0.9334312234375
2 1 0.5022835531250001 0.9601848703125 0.5060573828125 0.9748412890625 0.5574781546875001 1 0.5585899546875 1 0.5022835531250001
2 1 0.67627245625 0.967691603125 0.6883773343749999 0.98336893125 0.72424539375 1 0.7153894703125 1 0.67627245625
2 0.9114957609375001 0.7158525328125 0.9277515421875 0.7466777296875 0.96549561875 0.7409402468749999 0.95212580625 0.7020491546875001 0.9114957609375001 0.7158525328125
2 0.6870554015625 0.127142040625 0.672217290625 0.1293101703125 0.6802631531250001 0.15667820937500002 0.6942364750000001 0.1587016109375 0.6870554015625 0.127142040625
2 0.664589315625 0.12907190468750002 0.6543567109375 0.12886950625 0.668428896875 0.1926728703125 0.6838417921875 0.19066578437499998 0.664589315625 0.12907190468750002
2 0.6353404640625 0.1311630828125 0.6528600359375 0.208793159375 0.666833390625 0.208368846875 0.6436994609375 0.12540739218750002 0.6353404640625 0.1311630828125
2 0.6276478062499999 0.135528784375 0.6140182140625 0.136479315625 0.632833653125 0.214398225 0.6473862203125 0.2089340828125 0.6276478062499999 0.135528784375
2 0.591829475 0.145683153125 0.6128118859375 0.2151067234375 0.62448391875 0.20791307187500002 0.60710179375 0.14065148125 0.591829475 0.145683153125
2 0.64491885 0 0.64176858125 0.008091285937500001 0.6794951640625 0.0210203203125 0.6848355875000001 0 0.64491885 0