2 0.24995088281250002 0.14723471875 0.2984200015625 0.151991134375 0.3076646 0.1181121140625 0.24919970937499997 0.1094915296875 0.24995088281250002 0.14723471875
2 0.6664021421874999 0.58981755625 0.718913346875 0.5908859640624999 0.7353375046874999 0.5594343796875 0.673769546875 0.5590469953125 0.6664021421874999 0.58981755625
2 0.6004796484375 0.58590603125 0.654914371875 0.5907967234375 0.6536851875 0.5594082703125001 0.5995241515624999 0.55471175625 0.6004796484375 0.58590603125
2 0.3721990171875 0.5937345984375 0.41013266093749995 0.5965992124999999 0.4217873859375 0.547963290625 0.3760585796875 0.5428129 0.3721990171875 0.5937345984375
2 0.260337525 0.5644604703125 0.29686461406250003 0.5641644828125 0.3013133640625 0.5206242953125 0.26213986562499997 0.5156774359375 0.260337525 0.5644604703125
2 0.20568591249999998 0.5613362000000001 0.243402665625 0.5659672359375 0.24231978281250002 0.518758378125 0.20630979531250002 0.512406896875 0.20568591249999998 0.5613362000000001
2 0.1588497015625 0.5627560734375 0.199948215625 0.5642178046875 0.206293228125 0.5125418203125001 0.157923859375 0.511845009375 0.1588497015625 0.5627560734375
2 0.591853653125 0.70975135 0.6470237812499999 0.71353749375 0.64911455 0.6843166734375 0.5967803843749999 0.6744983718750001 0.591853653125 0.70975135
2 0.7193708921875 0.757680296875 0.7237413453125 0.7367018625 0.67115778125 0.73622278125 0.6715634546875 0.7524069156250001 0.7193708921875 0.757680296875
2 0.6710510546874999 0.7858122171875 0.7028022046875 0.790308978125 0.7084191796875 0.7713585109375 0.6721966546875 0.7716100328125 0.6710510546874999 0.7858122171875
2 0.6504514890624999 0.8269096609375 0.6993654031250001 0.8329155343749999 0.6985789171875 0.8149608531249999 0.6501905359375 0.809546875 0.6504514890624999 0.8269096609375
2 0.750510196875 1 0.7510514578125 0.9868777140624999 0.7075956453125001 0.9851265421875001 0.707636971875 1 0.750510196875 1
2 0.4538005328125 0.2750570734375 0.4446919421875 0.34924059218750003 0.5702903734375 0.36406393125 0.5705591 0.2887950140625 0.4538005328125 0.2750570734375