2 0.1017275125 0.3258444 0.1261653609375 0.3576009890625 0.15709141875 0.339664678125 0.1329744765625 0.307225121875 0.1017275125 0.3258444
2 0.1707075421875 0.545165059375 0.219320125 0.5141786765624999 0.1681155578125 0.44925836406249997 0.1272981765625 0.4782796625 0.1707075421875 0.545165059375
2 0.12998321875000002 0.605547771875 0.159046225 0.58992285 0.14035500781250002 0.5552290906249999 0.1108428625 0.5751644 0.12998321875000002 0.605547771875
2 0.0185053984375 0.5483005046875 0.0023851328125000003 0.55860399375 0.00377601875 0.5851436859375 0.01329143125 0.5955301234375 0.039594767187500005 0.57386615 0.0185053984375 0.5483005046875
2 0.9776149890625 0.05977558125 0.9372425359375001 0.0822488109375 0.96639906875 0.131998228125 0.980948796875 0.12338843906250001 0.9776149890625 0.05977558125
2 0.9915870328124999 0.32637805625 0.9584472249999999 0.351202684375 0.9795245906250001 0.38561861406250003 0.9938770281249999 0.3700737703125 0.9915870328124999 0.32637805625
2 0.931225003125 0.5437918359375 0.961149271875 0.520471975 0.9273932203124999 0.47488175625 0.9002260859375 0.49576198125 0.931225003125 0.5437918359375
2 0.5510755046875 0.6434292578125 0.579586565625 0.6265968375 0.5432963546875 0.5599584828124999 0.5178143984375 0.5751143453124999 0.5510755046875 0.6434292578125
2 0.43572750625 0.3737597078125 0.448520315625 0.364697525 0.403808146875 0.3095550640625 0.3840636625 0.32203609375000003 0.43572750625 0.3737597078125
2 0.48661591406250004 0.51578626875 0.5181975796875 0.49608895468750003 0.4964347765625 0.46428819531250004 0.4674563421875 0.4859979 0.48661591406250004 0.51578626875
2 0.42473055937500004 0.67170273125 0.43601795781249997 0.6887367203125 0.4773219953125 0.6543306890625 0.46253626406250004 0.643903634375 0.42473055937500004 0.67170273125
2 0.048518989062500004 0.8457619812500001 0.1200040984375 0.908280796875 0.1465447421875 0.8628528171875001 0.072873753125 0.8032938921874999 0.048518989062500004 0.8457619812500001