2 0.8601659093749999 0 0.8461553703125 0.0084786734375 0.8756970875000001 0.0736454359375 0.901645746875 0.06567524218750001 0.8638482125 0 0.8601659093749999 0
2 0.89135085 0 0.9117933062500001 0.04109755625 0.9356104500000001 0.0303964625 0.9212962750000001 0 0.89135085 0
2 0.17652719375 0.9198210124999999 0.10810179375 0.9371957296875 0.11875009218749999 0.9849429921875 0.18640671874999998 0.9706537140625 0.17652719375 0.9198210124999999
2 0.0816384578125 1 0.0852731328125 0.9998212078125001 0.0696265671875 0.9553811703124999 0.053836778125 0.958815434375 0.060717028125 1 0.0816384578125 1
2 0.5799716515625 0.7635039640625 0.5553321640625 0.76862304375 0.5776365718750001 0.8430549359375 0.6034281328125 0.8386901390625001 0.5799716515625 0.7635039640625
2 0.7719392609375 0.6753267359375 0.717413040625 0.6948832078125 0.7306804062500001 0.7249592546875 0.7785952390624999 0.710701128125 0.7719392609375 0.6753267359375
2 0.842094340625 0.925140621875 0.8085114125 0.9397327437499999 0.818595028125 0.9633801234374999 0.8622174328125001 0.958023965625 0.842094340625 0.925140621875
2 0.9577167031249999 0.6902033000000001 0.91901546875 0.704227453125 0.9430384921874999 0.7341792890625001 0.9744475937500001 0.7219478125000001 0.9577167031249999 0.6902033000000001
2 0.8828447234375 0.4750664890625 0.8418171156250001 0.4702335984375 0.8421766109375 0.5072784125 0.8804726546874999 0.51214759375 0.8828447234375 0.4750664890625
2 0.84960601875 0.445947090625 0.8493471578125 0.4633269359375 0.8792328453125 0.47281803125 0.8811165078125001 0.45404226875000003 0.84960601875 0.445947090625
2 0.36305666875 0.5900368765625 0.313466753125 0.6116791874999999 0.3246331859375 0.658761471875 0.37445026718749996 0.6502518671875 0.36305666875 0.5900368765625
2 0.44271837812500003 0.06100555 0.4879439 0.02972956875 0.4652096140625 0.000516809375 0.42216049062499994 0.030030040624999997 0.44271837812500003 0.06100555
2 0.4650500234375 0.9310551625000001 0.4070931125 0.9453514578125001 0.416285128125 0.9860974484374999 0.4733308171875 0.973111028125 0.4650500234375 0.9310551625000001