2 0.4245233625 0.525933196875 0.44684473750000003 0.4995062015625 0.3595217125 0.44930388906249996 0.3375952796875 0.47835314687499997 0.4245233625 0.525933196875
2 0.31811149843750003 0.3884476640625 0.27057391875 0.3599044921875 0.225638371875 0.42326668593749994 0.271298403125 0.45182411250000004 0.31811149843750003 0.3884476640625
2 0.08696899375 0.433094959375 0.17899247499999998 0.4890106765625 0.214522375 0.44210688437499995 0.11529665468750001 0.38242332968750004 0.08696899375 0.433094959375
2 0.3375778296875 0.6350022046875 0.36168032031249997 0.6040592671875 0.2875713625 0.56313998125 0.268851075 0.593855284375 0.3375778296875 0.6350022046875
2 0.3840962765625 0.5658126953125 0.40356473125000003 0.5347161796875 0.32928703125 0.49623764843749996 0.31168287499999997 0.5254443281250001 0.3840962765625 0.5658126953125
2 0.1377983921875 0.7973667765625 0.183160015625 0.72692900625 0.13316594375 0.6963390609375 0.0899539390625 0.7640038140625001 0.1377983921875 0.7973667765625
2 0 0.7867828234375 0.023637128125 0.7586716953125 0 0.7440419312500001 0 0.7867828234375
2 0.4760429484375 0.906334278125 0.478646978125 0.8896735343750001 0.3945656546875 0.8698389531249999 0.387343059375 0.8824607390624999 0.4760429484375 0.906334278125
2 0.5040622109374999 0.8748551328125 0.5065838109375 0.8613302062500001 0.456906325 0.8470586453125 0.45140727187499996 0.8639829906250001 0.5040622109374999 0.8748551328125
2 0.12366107343749999 0.3307361375 0.15080492968749998 0.29042778125 0.1058930671875 0.2614891453125 0.07506570781250001 0.304487784375 0.12366107343749999 0.3307361375
2 0.6626296640625 0.1130330046875 0.67214031875 0.09433000625 0.611937140625 0.054810740625 0.5982101625 0.075922465625 0.6626296640625 0.1130330046875
2 0.797475221875 0.2485065578125 0.8052608640625 0.237999778125 0.7752581390625 0.21889657499999998 0.7659455281249999 0.22834369375 0.797475221875 0.2485065578125
2 0.99343015625 0.24202885937500002 0.995110225 0.21860469531249999 0.9763351890624999 0.2187408015625 0.9783915390625 0.241238290625 0.99343015625 0.24202885937500002
2 0.9695283140625 0.24642021406249998 0.9667796703124999 0.221249846875 0.9326059703125 0.2207478359375 0.9322642921875 0.2487042875 0.9695283140625 0.24642021406249998
2 0.916161590625 0.30210107812500003 0.8959069218750001 0.304874665625 0.8977783078125 0.32793636249999997 0.9125990281249999 0.3265154234375 0.916161590625 0.30210107812500003
2 0.9412155984374999 0.33355779375 0.938001496875 0.3098199578125 0.9211359703124999 0.31369638593750004 0.9216655078124999 0.3332022046875 0.9412155984374999 0.33355779375
2 0.9225747296875 0.362107259375 0.9190992171874999 0.3411004328125 0.9046140109374999 0.337640871875 0.904424853125 0.36128002656249997 0.9225747296875 0.362107259375
2 0.9523103265625 0.3829933 0.9504128312500001 0.3600069078125 0.93557885625 0.3595522671875 0.9344270921875 0.380384715625 0.9523103265625 0.3829933
2 0.9316097843750001 0.4005839921875 0.9315756578125001 0.37571567968749997 0.914098259375 0.373779478125 0.9140935859375 0.3968559109375 0.9316097843750001 0.4005839921875
2 0.96134686875 0.4214705171875 0.961453846875 0.4028878234375 0.9424972984375 0.40358761562499995 0.9464130078125 0.42419530937500005 0.96134686875 0.4214705171875
2 0.938992196875 0.43550572499999995 0.9388158843750001 0.41299643281250004 0.9250935828125 0.41103172499999996 0.924891175 0.4327952984375 0.938992196875 0.43550572499999995
2 0.9734744671875 0.4590808046875 0.9701609375 0.4356540296875 0.9521483234374999 0.43728647187499997 0.95776155625 0.45844408281250004 0.9734744671875 0.4590808046875
2 0.95243315625 0.4690789640625 0.9503896296875001 0.45230625 0.9316318171875 0.454320871875 0.9345868875000001 0.47212085625 0.95243315625 0.4690789640625
2 0.9697027765625 0.4966279765625 0.9678608640625 0.47731840312499996 0.95210849375 0.4796852453125 0.9560109515624999 0.49841736093750005 0.9697027765625 0.4966279765625
2 0.9470206062500001 0.5011084015625 0.9417743312500001 0.47882140937499995 0.9260381843750001 0.48306479687500004 0.9354192796874999 0.5060709671875 0.9470206062500001 0.5011084015625