2 0.04044466875 0.20953194218750001 0.0460733109375 0.24659961562500002 0.0822784328125 0.238067915625 0.074653578125 0.20200931406249997 0.04044466875 0.20953194218750001
2 0.7533907859375 0 0.752092253125 0.0119386796875 0.815929 0.0194692203125 0.817764646875 0 0.7533907859375 0
2 0.785115071875 0.8049547796875001 0.785751215625 0.8394760124999999 0.8220806328125001 0.8357533406250001 0.8246930578124999 0.8008945671875001 0.785115071875 0.8049547796875001
2 0.3935769203125 0.8940577031249999 0.3984038265625 0.9288098781249999 0.43110673593750004 0.92449320625 0.4258500234375 0.8882525140625 0.3935769203125 0.8940577031249999
2 0.1429446421875 0.2297786515625 0.149737303125 0.1916242546875 0.10454404531249999 0.18598383125 0.09657005625000001 0.2242964765625 0.1429446421875 0.2297786515625
2 0.37924361875 0.0898686265625 0.3859370015625 0.145918859375 0.4526423109375 0.13173707968749998 0.4394559765625 0.0797980765625 0.37924361875 0.0898686265625
2 0.9479619734375 0.84734335 0.9937877484375001 0.83975800625 0.9906156515625 0.8239383359374999 0.946372703125 0.8257716531250001 0.9479619734375 0.84734335
2 1 0.8854687171875 0.999725325 0.880374759375 0.9589027859374999 0.8872588734375 0.9596653015625 0.89938073125 1 0.8981976875000001 1 0.8854687171875
2 0.64281706875 0.8066727796875 0.642143059375 0.8466743671874999 0.678037925 0.8447793375 0.6770716390625 0.80307830625 0.64281706875 0.8066727796875
2 0.281613234375 0.8746405312500001 0.3138049578125 0.8610926593749999 0.30079161249999997 0.8145371890625 0.266790378125 0.8244335625 0.281613234375 0.8746405312500001
2 0.7379930171875 0.0483466765625 0.6727516859375 0.0588242671875 0.6731327859375 0.1040553578125 0.735834603125 0.0986135765625 0.7379930171875 0.0483466765625