2 0.7558170234375 0.174891315625 0.782676021875 0.252329696875 0.87678988125 0.22637591562499998 0.8537565390624999 0.155324634375 0.7558170234375 0.174891315625
2 0.9460456734375 0.028048996875 0.9019184765625001 0.0304882125 0.9156351875000001 0.0864468421875 0.9575442890625 0.0809216859375 0.9460456734375 0.028048996875
2 0.36875696874999997 0.061350428125 0.3778526828125 0.1146933171875 0.4162663140625 0.107795840625 0.40168040781250003 0.0514646484375 0.36875696874999997 0.061350428125
2 0.4996823765625 0.21789832812499998 0.5153936125 0.26980422656249997 0.577114946875 0.2492782171875 0.556384284375 0.1967462640625 0.4996823765625 0.21789832812499998
2 0.5029044953125 0.47407585625 0.5170511062500001 0.510456715625 0.5793683890625 0.5012492828124999 0.5725630734375 0.4666003234375 0.5029044953125 0.47407585625
2 0.9083424015625001 0.577295671875 0.837691375 0.5866609171875 0.8433802171875 0.6142808750000001 0.9158084921875 0.6050087703125 0.9083424015625001 0.577295671875
2 0.9191952125 0.66518098125 0.9149608796875001 0.7005969734375 0.959930896875 0.70473588125 0.9577360718750001 0.6672008234375 0.9191952125 0.66518098125
2 0.3503193203125 0.76485585625 0.34605383125 0.8008663437499999 0.461808371875 0.8271276468750001 0.464525771875 0.7922940015625 0.3503193203125 0.76485585625
2 0.6359701062500001 0.9301055703125 0.6361082578125 0.9728792343749999 0.729916325 0.975420375 0.72834220625 0.93171403125 0.6359701062500001 0.9301055703125
2 0.5705626671874999 0.70333725625 0.5628637750000001 0.7367911125 0.6069908625 0.745639234375 0.61537583125 0.7104392046875 0.5705626671874999 0.70333725625
2 0.24526118125 0.47780007500000005 0.2636670375 0.5690493562500001 0.3378135328125 0.561056428125 0.313935953125 0.466406746875 0.24526118125 0.47780007500000005
2 0.21157289218750003 0.07687345 0.22035818749999997 0.1361394578125 0.2548118328125 0.13106066249999998 0.24745948593749997 0.0728147953125 0.21157289218750003 0.07687345
2 0.36943223125 0.014460571875 0.33220138125 0.0101342546875 0.33083694375 0.047484345312499995 0.368753875 0.0500644875 0.36943223125 0.014460571875
2 0 0.9316131406249999 0.0306814609375 0.93045894375 0.031044453125 0.8951702046875001 0 0.8951542640625 0 0.9316131406249999
2 0.63451296875 0.61759008125 0.633274228125 0.652571628125 0.6697522 0.6485439687500001 0.66201299375 0.6146972296875 0.63451296875 0.61759008125
2 0.0190961640625 0.6750306859374999 0.011614632812500001 0.7043371078125 0.03712351875 0.7111048546875 0.043937421875 0.6775201265625 0.0190961640625 0.6750306859374999
2 0.42687515468750004 0.43861068437500006 0.43895586406250003 0.4576565421875 0.49022619531249995 0.4437129015625 0.4837060015625 0.426313440625 0.42687515468750004 0.43861068437500006
2 0.8241317875 0.3008345484375 0.8392811625000001 0.3521164359375 0.8554455703125001 0.3499954453125 0.8437793640625 0.2946480953125 0.8241317875 0.3008345484375