2 0.6876559531249999 0.4005973296875 0.6855165515625 0.4382084984375 0.7994519828125 0.4397551578125 0.8028588265625001 0.40324576093750003 0.6876559531249999 0.4005973296875
2 0.38994543125000003 0.421415278125 0.384195540625 0.4925787828125 0.432504275 0.49737844062500003 0.43683806875000003 0.418731425 0.38994543125000003 0.421415278125
2 0.3024780875 0.42336989062499997 0.348983734375 0.423685965625 0.357742796875 0.3529072375 0.3094158125 0.3521248890625 0.3024780875 0.42336989062499997
2 0.51906735625 0.8191097640624999 0.514322646875 0.8705786140624999 0.549921934375 0.8725955578125 0.556429246875 0.816497165625 0.51906735625 0.8191097640624999
2 0.5890572093750001 0.1155323890625 0.5828512921875 0.15461675 0.6640437921875 0.15666898437500001 0.6653808999999999 0.11614105 0.5890572093750001 0.1155323890625
2 0.767178025 0.157186903125 0.7650126265625 0.211449821875 0.8383168124999999 0.215759378125 0.8428252359374999 0.1566556 0.767178025 0.157186903125
2 0.7144664953125 0.40050658749999996 0.769909025 0.40079293437499997 0.7686262687500001 0.3824486671875 0.7160507015625 0.384814103125 0.7144664953125 0.40050658749999996
2 0.887498740625 0.44608656093750004 0.8825762734374999 0.477945040625 0.9140523343750001 0.4806465875 0.9156210437500001 0.447686559375 0.887498740625 0.44608656093750004
2 0.9132770906250001 0.8658718671875001 0.9141038203124999 0.8521369906249999 0.8763934750000001 0.8497664437499999 0.8746048890625 0.8667920578125001 0.9132770906250001 0.8658718671875001
2 0.9018444875 0.8898606140625 0.9030981765625 0.8737197796875 0.8689872 0.871684909375 0.8646198484375001 0.885924246875 0.9018444875 0.8898606140625
2 0.8438212875 0.7845077234375 0.851889959375 0.7464819406250001 0.822415928125 0.74259723125 0.8154487203125 0.7835846453124999 0.8438212875 0.7845077234375
2 0.9087247703125 0.7240752625 0.9051126593750001 0.7064890796875 0.8279053984375 0.7017789359375 0.8244449406250001 0.720453315625 0.9087247703125 0.7240752625
2 0.87917021875 0.74457431875 0.8803823812499999 0.7278396218750001 0.8270640031250001 0.7238382390625 0.817994915625 0.7432791625 0.87917021875 0.74457431875
2 0.693751571875 0.27470608125 0.83797175625 0.27473022343750003 0.839585465625 0.24666961562499998 0.700144028125 0.2468234953125 0.693751571875 0.27470608125
2 0.44824308437499993 0.2068431390625 0.49161853125 0.204998865625 0.4948590109375 0.19169040312500002 0.45127658281249994 0.19057471718750002 0.44824308437499993 0.2068431390625
2 0.44705767500000004 0.232494565625 0.44584395312499997 0.2492293703125 0.49153575937499994 0.2549528875 0.49012896718750004 0.2348348265625 0.44705767500000004 0.232494565625