2 0.053459921875000004 0.8012051343750001 0.03099591875 0.8301028109375 0.0659525609375 0.86717863125 0.09130124218749999 0.83644115625 0.053459921875000004 0.8012051343750001
2 0.7889598859375 0.6879984718750001 0.7763189671874999 0.7229451390625 0.7996923625 0.7337522140625 0.8133395171875 0.7005923890625 0.7889598859375 0.6879984718750001
2 0.7852030812499999 0.74931825625 0.78560953125 0.7710422484375 0.8418654968749999 0.75906008125 0.8359482734375 0.747105765625 0.7852030812499999 0.74931825625
2 0.6551749078125 0.09256164375 0.68228586875 0.1673175296875 0.735614009375 0.1490652875 0.7063351203125 0.075010065625 0.6551749078125 0.09256164375
2 0.19503008125000001 0.0343602015625 0.1926293890625 0.0657515390625 0.23815363125000003 0.0705363296875 0.24666595937500002 0.03504889375 0.19503008125000001 0.0343602015625
2 0.2523614875 0.069008396875 0.2531591890625 0.0870248515625 0.3055882109375 0.0829924625 0.30975152499999997 0.066132159375 0.2523614875 0.069008396875
2 0.131272159375 0.24002389375000002 0.0883773140625 0.2784600953125 0.1123782625 0.3060324203125 0.15586499843749999 0.2676600015625 0.131272159375 0.24002389375000002
2 0.30074421406249996 0.5812295828125 0.2751704484375 0.5998930125 0.2937265765625 0.6280871046875001 0.3247724828125 0.6057018453125 0.30074421406249996 0.5812295828125
2 0.46101442812500004 0.668735184375 0.43187492968749996 0.684357671875 0.4523001375 0.7175196640625 0.4828158921875 0.694483234375 0.46101442812500004 0.668735184375
2 0.6295167109375 0.7973530515625 0.6006412609375 0.8189986328125001 0.6195370328124999 0.8382809734375 0.6478457875 0.819187009375 0.6295167109375 0.7973530515625
2 0.3898585625 0.7229710453125 0.3623826375 0.7426615812499999 0.37406054375000003 0.762379334375 0.40513886406250005 0.745365953125 0.3898585625 0.7229710453125
2 0.09250981875 0.651469821875 0.06404300625 0.6749227046875 0.0886979078125 0.7019683156250001 0.1166625375 0.6804532421875 0.09250981875 0.651469821875
2 0.1655794390625 0.14396186875 0.1867259296875 0.1730865140625 0.2164667140625 0.15175812187499998 0.19212025 0.12176296718749999 0.1655794390625 0.14396186875
2 0.1584459359375 0.8345996015624999 0.17124351875 0.8436493859375 0.19451192343749998 0.827009190625 0.1823378328125 0.8120123109374999 0.1584459359375 0.8345996015624999
2 0.1401457234375 0.815331153125 0.15455923124999998 0.831757446875 0.17963032968749998 0.8093412296875 0.1645642640625 0.7934433703125 0.1401457234375 0.815331153125
2 0.182755396875 0.70567499375 0.17364916875 0.7126865421875 0.2045269671875 0.737402675 0.20862821875 0.72113286875 0.182755396875 0.70567499375
2 0.0742440625 0.7228924140624999 0.06534243281249999 0.73649269375 0.09873722812499999 0.75431698125 0.106730084375 0.7408427109375 0.0742440625 0.7228924140624999
2 0.4574553234375 0.079830828125 0.47300322812499995 0.10535994062500001 0.5010654437500001 0.0886265734375 0.48727192343750003 0.066301521875 0.4574553234375 0.079830828125