2 0.101171471875 0.9318339343750001 0.13606965 0.92016913125 0.11230161875 0.8465931156250001 0.07992071875 0.860563409375 0.101171471875 0.9318339343750001
2 0 0.724797821875 0.0265787609375 0.7340594874999999 0.04060245 0.6838599015625 0.0049532125 0.674510940625 0 0.6947447999999999 0 0.724797821875
2 0.145401225 0.657656265625 0.12639761562500001 0.649728296875 0.10638423593749999 0.6936222703125 0.13180616875 0.70551971875 0.145401225 0.657656265625
2 0.4866376328125 0.8171348125 0.45894311875 0.8383671093749999 0.4759060328125 0.8785594203124999 0.5075310234375 0.8526489546875 0.4866376328125 0.8171348125
2 0.50274609375 0.9612006609374999 0.5180475359375001 0.9508663796875 0.49085300312499996 0.9095925375 0.47425068281250005 0.9181602046874999 0.50274609375 0.9612006609374999
2 0.45750297656249994 0.98567375625 0.49286337343750003 0.96230396875 0.477238946875 0.9423307218750001 0.4460851984375 0.9604695671875 0.45750297656249994 0.98567375625
2 0.916391678125 0.8849440984375001 0.91007035625 0.8552867953125001 0.8708957328125001 0.86097900625 0.8814680750000001 0.902955021875 0.916391678125 0.8849440984375001
2 0.6451187468749999 0.1323826703125 0.6547696046875 0.17599574843750002 0.7317199828125001 0.15526646875 0.722047571875 0.11588324218749999 0.6451187468749999 0.1323826703125
2 0.02530695 0.36151748125 0.061506271875 0.3649247390625 0.0732394078125 0.3170017984375 0.0351901890625 0.3074871671875 0.02530695 0.36151748125
2 0.4688831984375 0.0908691875 0.45775953437499994 0.05483304375 0.4282000484375 0.061789384375 0.4326181796875 0.09712696875 0.4688831984375 0.0908691875
2 0.28348129375000003 0.0312394578125 0.23435814531250002 0.025926517187499998 0.23187882499999998 0.06355095625 0.2802637796875 0.0629742078125 0.28348129375000003 0.0312394578125
2 0.91903095 0.964694178125 0.9312665765625001 0.901747334375 0.9244301953124999 0.8871130812500001 0.8861734765625 0.9084077234375 0.9134702875 0.9714781046875001 0.91903095 0.964694178125
2 0.643497871875 0.15626371875 0.58442660625 0.16171759218749998 0.5914081625 0.2283982859375 0.6551865765625 0.21115885781250002 0.643497871875 0.15626371875