2 0.8635118437499999 0.983509046875 0.9404914124999999 0.9583890046875 0.9520812703124999 0.8759228828125 0.846794365625 0.910477940625 0.8635118437499999 0.983509046875
2 0.705074121875 0.6389776984375 0.7029176265625 0.6500556937499999 0.778909590625 0.67462553125 0.785233659375 0.6616244578125 0.705074121875 0.6389776984375
2 0.8349284406249999 0.5512051046875001 0.755993540625 0.5838386390625 0.761738546875 0.5984223046875 0.8407426062500001 0.5674410359375 0.8349284406249999 0.5512051046875001
2 0.6097282046875 0.23802165937500003 0.579894715625 0.26258209843749997 0.6251738671875 0.33503415 0.6592808234375 0.3120746671875 0.6097282046875 0.23802165937500003
2 1 0.24073182499999998 0.9546247828125001 0.2541476734375 0.9650412046874999 0.2909539921875 1 0.2775500546875 1 0.24073182499999998
2 0.39398716875 0 0.371701534375 0.003304246875 0.37733176562500004 0.0400359171875 0.439021559375 0.027717217187499997 0.436553934375 0 0.39398716875 0
2 0.5668261609374999 0.00573556875 0.5274320593749999 0.0001990890625 0.552581009375 0.043101040624999996 0.5870220703125 0.0305518703125 0.5668261609374999 0.00573556875
2 0.3624071015625 0.3979403453125 0.38900914062499997 0.42623676093749996 0.4390314234375 0.3924130984375 0.4153177140625 0.3670408671875 0.3624071015625 0.3979403453125
2 0.22545839843749998 0.43380164375 0.236360221875 0.4628878875 0.278699590625 0.445334559375 0.26361609375 0.41400545 0.22545839843749998 0.43380164375
2 0.130073859375 0.4000308375 0.11209107656249999 0.4298495640625 0.14080280625 0.4538004265625 0.1611001 0.41816755 0.130073859375 0.4000308375
2 0.3258051921875 0.26161336875 0.3182926734375 0.3150677296875 0.36541398593749996 0.3146955640625 0.3735133140625 0.2677203015625 0.3258051921875 0.26161336875
2 0.2628185890625 0.08264467812500001 0.23222210781250002 0.1041015375 0.252644234375 0.14650643125 0.2881822046875 0.11975293437500001 0.2628185890625 0.08264467812500001
2 0.5829467187499999 0.48404335 0.526029821875 0.41973842499999997 0.49199833125000003 0.444305303125 0.5568063265625 0.5079236500000001 0.5829467187499999 0.48404335
2 0.5045768671874999 0.3676031875 0.44246406718750003 0.41278439375 0.47192761875 0.45272834843750004 0.5348394296875 0.4167825953125 0.5045768671874999 0.3676031875
2 0.33647037343749997 0.8896724031250001 0.3295077875 0.8581434343750001 0.29271179531249997 0.8703837328124999 0.2998814203125 0.8983064171875 0.33647037343749997 0.8896724031250001
2 0.3785788203125 0.8716290437499999 0.3883970859375 0.9041589359375 0.42649251875000005 0.8933383015624999 0.4128883359375 0.857882728125 0.3785788203125 0.8716290437499999
2 0.5513976515625 0.17950917500000002 0.5740104296874999 0.155131525 0.5412519703124999 0.11304566406250001 0.5160387328125 0.14099459375 0.5513976515625 0.17950917500000002
2 0.0542413515625 0.2569927703125 0.045544720312499995 0.2719435578125 0.091446296875 0.3058366671875 0.10110359687499999 0.294727275 0.0542413515625 0.2569927703125