2 0.00021893124999999999 0.5205912500000001 0.0018267765625000001 0.5435845031250001 0.003185171875 0.5565087828124999 0.0445758453125 0.5591018156249999 0.047594934374999995 0.5228262875 0.00021893124999999999 0.5205912500000001
2 0.4252094984375 0.8584496625 0.3514776125 0.8566698531249999 0.3564314890625 0.9076453375 0.42058513125 0.9114826765625 0.4252094984375 0.8584496625
2 0.40755127812499997 1 0.40827884531249997 0.9539555203125 0.33149379687499997 0.9482275078125 0.3296704171875 1 0.40755127812499997 1
2 0.65559578125 0.8562107734375 0.5595592359375 0.8532167140625001 0.5546139125 0.9215280859374999 0.6436443078125 0.9236258734374999 0.65559578125 0.8562107734375
2 0.5443287625 0.9333446375 0.4343747109375 0.929936028125 0.439552971875 0.9642521531250001 0.540507759375 0.977998075 0.5443287625 0.9333446375
2 0.93832003125 0.5895408953125 0.9408861828124999 0.5269422140625 0.8851213609374999 0.5239060265625 0.8854152359375 0.5876909015625 0.93832003125 0.5895408953125
2 1 0.50041429375 0.9977938890625 0.46886543593749996 0.8840256796875 0.468500615625 0.8906797375 0.504098165625 1 0.5061279359374999 1 0.50041429375
2 0.8988285171875001 0.28298330156249996 0.8914093390625 0.3556309265625 0.9379818671875 0.3662439796875 0.9436339859375 0.28817203125 0.8988285171875001 0.28298330156249996
2 0.8965954734375 0.0723024234375 0.7994972140625001 0.054125128125 0.789312909375 0.1269661078125 0.8775397234375 0.1374403578125 0.8965954734375 0.0723024234375
2 0.5591568484375 0.17218895781250002 0.5636534 0.1371963046875 0.50907821875 0.13130455000000002 0.4978633390625 0.16953937187499998 0.5591568484375 0.17218895781250002
2 0.493106878125 0.180969321875 0.42146435000000004 0.1693322546875 0.42053317031250004 0.1957521921875 0.49474768124999996 0.20443389843749998 0.493106878125 0.180969321875
2 0.3624534453125 0.15958897656249998 0.3669813546875 0.10517651718750001 0.27569971249999997 0.0907526171875 0.2734528484375 0.138071490625 0.3624534453125 0.15958897656249998
2 0.385123134375 0.3050337890625 0.312289734375 0.29625707343749996 0.316792228125 0.3209092953125 0.3864744484375 0.32435847500000003 0.385123134375 0.3050337890625
2 0.6178032906250001 0.47463160000000004 0.5384462578125 0.47185895 0.5379992625 0.5051806765625 0.616872109375 0.5010515375 0.6178032906250001 0.47463160000000004
2 0.6086467375 0.5224336468749999 0.537581846875 0.5190795875 0.5389331625 0.5384042734375 0.61385301875 0.537327065625 0.6086467375 0.5224336468749999
2 0.6652090890625 0.45744693906249995 0.6248392375 0.45610817499999995 0.6268662078125 0.48509520312500004 0.6658533906249999 0.4865290875 0.6652090890625 0.45744693906249995
2 0.6629621171875 0.5047642546875 0.6297931125 0.5070836578125 0.6348079249999999 0.519216521875 0.6683629890625 0.5224180140625 0.6629621171875 0.5047642546875
2 0.75704904375 0.1039042953125 0.6810200859375 0.093421334375 0.6811805171875001 0.142507840625 0.759268875 0.14418350468750002 0.75704904375 0.1039042953125
2 0.2452943875 0.8972412750000001 0.2505789640625 0.8451379093750001 0.1769661890625 0.84790618125 0.17351283125 0.8921501656249999 0.2452943875 0.8972412750000001