2 0.3253484125 0.5449538875 0.3553328875 0.5367774625 0.3350618265625 0.46619191249999997 0.3036555984375 0.4788738265625 0.3253484125 0.5449538875
2 0.38017185 0.7551389281249999 0.414120425 0.7414770671875 0.40001247656250005 0.6944407765625 0.3666996234375 0.7039216515625 0.38017185 0.7551389281249999
2 0.0292339296875 0.7846231953125 0.061360896875 0.7698367234375 0.05079853125 0.7393117499999999 0.015688359375 0.7455877765625 0.0292339296875 0.7846231953125
2 0.43604707343750004 0.9444933234375 0.46874826875000003 0.9290926859375 0.45180083125000003 0.885720221875 0.41786137500000003 0.8946288687499999 0.43604707343750004 0.9444933234375
2 0.5060009578125 0.7721329078125 0.454152678125 0.8000844125000001 0.4801441609375 0.8645290828125001 0.5364117265624999 0.8486041109375 0.5060009578125 0.7721329078125
2 0.730444484375 0.7916243171875 0.7825222609375 0.7702000265625 0.7558959484375001 0.7045893015625 0.7031803156249999 0.73049170625 0.730444484375 0.7916243171875
2 0.503407840625 0.2559370796875 0.54371920625 0.2545293734375 0.525577453125 0.19396937187500002 0.497049309375 0.20565961093750001 0.503407840625 0.2559370796875
2 0.6717764671875 0.097369190625 0.710852075 0.077587171875 0.6925005843750001 0.044957751562499995 0.6558363015625 0.06287323125 0.6717764671875 0.097369190625
2 0.775258134375 0.8851188578125001 0.824839590625 0.860217071875 0.8113739546875 0.8315742546875 0.7637854859375001 0.8602697359375 0.775258134375 0.8851188578125001
2 0.8654472125 0.9862954390625 0.8932692234375 0.9671440484374999 0.8647136078125 0.93130629375 0.8356565703125 0.9557884078125 0.8654472125 0.9862954390625
2 0.4990892734375 0.999088940625 0.5435496718749999 0.9975363484375 0.5259847890625 0.9704641125 0.49147842031250005 0.989195403125 0.4990892734375 0.999088940625