2 0.189940625 0.25056406249999996 0.1917234375 0.289546875 0.2660359375 0.2741046875 0.260090625 0.2366875 0.189940625 0.25056406249999996
2 0.312109375 0.18821875 0.3177578125 0.246784375 0.3819625 0.2343125 0.3795859375 0.1743265625 0.312109375 0.18821875
2 0.46103125 0.11552812500000001 0.5044296875 0.0965234375 0.488971875 0.0484171875 0.4396296875 0.064453125 0.46103125 0.11552812500000001
2 0.281790625 0.473221875 0.29100468749999997 0.5431484375 0.33678125 0.5348328125 0.3296484375 0.46237500000000004 0.281790625 0.473221875
2 0.2678203125 0.6441140625 0.323703125 0.631640625 0.32132499999999997 0.5948171875 0.26128125 0.608478125 0.2678203125 0.6441140625
2 0.288925 0.7386296875 0.29635625 0.765865625 0.3308359375 0.7599265625 0.3308359375 0.72904375 0.288925 0.7386296875
2 0.299625 0.7804890624999999 0.3046796875 0.8056578125 0.3772078125 0.789028125 0.374234375 0.765865625 0.299625 0.7804890624999999
2 0.8221859374999999 0.5907859375 0.818915625 0.63995625 0.8914453124999999 0.631640625 0.8914453124999999 0.5882859375 0.8221859374999999 0.5907859375
2 0.8266453125 0.674503125 0.8272390625 0.70825625 0.8813390625 0.6963781250000001 0.878365625 0.66549375 0.8266453125 0.674503125
2 0.6500796875 0.7510984374999999 0.65543125 0.767053125 0.69050625 0.7617078125 0.6875328125 0.7462671875 0.6500796875 0.7510984374999999
2 0.650971875 0.7760359375 0.6548359375 0.79378125 0.69050625 0.7866531250000001 0.6881265625 0.7712109375 0.650971875 0.7760359375
2 0.65543125 0.7991921875 0.657809375 0.813971875 0.6970453125 0.8092218750000001 0.692884375 0.79378125 0.65543125 0.7991921875
2 0.9327624999999999 0.6843015625 0.9324656250000001 0.7023171875 0.9883484375 0.6934078125 0.987753125 0.6749968749999999 0.9327624999999999 0.6843015625
2 0.7594671875000001 0.290734375 0.7624390625 0.30855156250000004 0.798109375 0.2942984375 0.7951374999999999 0.2830140625 0.7594671875000001 0.290734375
2 0.7597640625000001 0.3102375 0.7671953125 0.32518125000000003 0.8028656249999999 0.3204296875 0.8010828125 0.3055828125 0.7597640625000001 0.3102375
2 0.765115625 0.3307203125 0.769575 0.3465625 0.807621875 0.335871875 0.8040546875000001 0.3245875 0.765115625 0.3307203125
2 0.7740328125 0.35209531250000003 0.7761140625 0.36913125 0.8135671875 0.360221875 0.8123765625000001 0.3465625 0.7740328125 0.35209531250000003
2 0.9256296875000001 0.8463968749999999 0.9288984375 0.8935578124999999 0.9639734375 0.8929640624999999 0.96456875 0.8531718749999999 0.9256296875000001 0.8463968749999999
2 0.7963265625 0.7457546875000001 0.7998921875 0.7902171874999999 0.8432906250000001 0.7807125 0.8373453124999999 0.741515625 0.7963265625 0.7457546875000001
2 0.37185625 0.8882562500000001 0.3766125 0.9190953125 0.39860937500000004 0.9155328125000001 0.3956359375 0.8834609375 0.37185625 0.8882562500000001