2 0.8686372546875001 0.3446410921875 0.891951928125 0.3120509828125 0.8600741953125001 0.2945335515625 0.8371040687500001 0.3277950125 0.8686372546875001 0.3446410921875
2 0.78100371875 0.504374453125 0.8306680999999999 0.53364540625 0.8717167546875 0.46528578749999994 0.8299114109374999 0.437706675 0.78100371875 0.504374453125
2 0.8438843374999999 0.57796895625 0.8734749421875 0.592570075 0.8915432750000001 0.5615372234375 0.861353371875 0.542644015625 0.8438843374999999 0.57796895625
2 0.9897460312499999 0.57848604375 0.9948522796875 0.5725061265625 0.9987406953125 0.540837528125 0.9828869515624999 0.5314671625 0.96270265625 0.557753240625 0.9897460312499999 0.57848604375
2 0.0091692359375 0.39474125781249997 0.01677566875 0.4024234578125 0.036639096875 0.36729290468750003 0.0144367359375 0.3518409140625 0.0091692359375 0.39474125781249997
2 0.0398461109375 0.5365533796874999 0.07056600156250001 0.5588146953125 0.099869815625 0.5097322531249999 0.071990521875 0.4898128671875 0.0398461109375 0.5365533796874999
2 0.4248800828125 0.6292972484375 0.45396121718750004 0.64512439375 0.48481790625 0.5756903015625 0.45882254062500005 0.5614329796875001 0.4248800828125 0.6292972484375
2 0.5467263359375 0.36298333125000004 0.5598276171875 0.37159353125 0.6096548609375 0.318098384375 0.5894868234375 0.30631403125 0.5467263359375 0.36298333125000004
2 0.48167701249999995 0.49672642187499993 0.513926865625 0.5153095546875 0.532035165625 0.484870671875 0.5023167265625 0.4641855265625 0.48167701249999995 0.49672642187499993
2 0.5705298828124999 0.6863888046875 0.5812159265625 0.66897126875 0.5424630796875001 0.6425085078125 0.528050253125 0.6534452234375 0.5705298828124999 0.6863888046875
2 0.8940132140625 0.89477041875 0.9632596671875 0.8298073078125 0.9632631249999999 0.8297791468750001 0.9374508578125 0.7882026421874999 0.8659033234375 0.850296365625 0.8940132140625 0.89477041875