2 0.743061496875 0.9060169859375 0.731198265625 0.9393643078125 0.796289471875 0.9477327859375 0.8048171843749999 0.9148942812499999 0.743061496875 0.9060169859375
2 0.5945128656249999 0.9220161328125 0.580106078125 0.979548821875 0.6074873984375 0.9860056953124999 0.6194701328125001 0.9288152500000001 0.5945128656249999 0.9220161328125
2 0.49350699843749996 0.7980760640625 0.48528122656250006 0.8365771484375 0.5473248921875 0.8455397015624999 0.55153228125 0.808349196875 0.49350699843749996 0.7980760640625
2 0.6549241609374999 0.7846219234375 0.654122284375 0.8149574093749999 0.684000540625 0.8232336890624999 0.688892340625 0.7852117328125 0.6549241609374999 0.7846219234375
2 0.5206117390625 0.45498761875 0.5083440359375 0.4865029390625 0.5623937703124999 0.5005342265625 0.5716129546875 0.46392704374999993 0.5206117390625 0.45498761875
2 0.27267405624999996 0.8315275484375 0.25630545 0.867978746875 0.2923849890625 0.87688166875 0.3067073890625 0.8428580078125 0.27267405624999996 0.8315275484375
2 0.188519290625 0.8483292718750001 0.222490559375 0.8602502281250001 0.242154221875 0.82653029375 0.2042975625 0.8118144562499999 0.188519290625 0.8483292718750001
2 0.27342231875 0.358626096875 0.24943605624999998 0.3823503765625 0.26746698593749996 0.4039267578125 0.2932864765625 0.3798012796875 0.27342231875 0.358626096875
2 0.8905551562499999 0.0536948484375 0.8824223265625 0.0856463328125 0.93855493125 0.09688629843749999 0.945689853125 0.0630687203125 0.8905551562499999 0.0536948484375
2 0.6310245109375 0.0122692625 0.625483734375 0.0252392703125 0.6791258906250001 0.037438229687500005 0.686008259375 0.020254121875 0.6310245109375 0.0122692625
2 0.8878192765625 0.7727180687499999 0.8697750453124999 0.8137661734374999 0.9059519265624999 0.8217429468749999 0.9155447203125 0.7815960515625 0.8878192765625 0.7727180687499999
2 0.7407446859375 0.47931856406250006 0.736336715625 0.498536521875 0.7948904328124999 0.5094622156249999 0.7982134390625 0.4949016765625 0.7407446859375 0.47931856406250006