2 0.2591734390625 0.12587500000000001 0.2657046875 0.16660625 0.3114234375 0.156509375 0.3037046875 0.1184984375 0.2591734390625 0.12587500000000001
2 0.1576421875 0.0955953109375 0.163578125 0.1380984390625 0.2152359375 0.13037656250000002 0.20632968749999997 0.0929593765625 0.1576421875 0.0955953109375
2 0.1140015609375 0.5498156234375 0.113109375 0.631640625 0.1867359375 0.631640625 0.1867359375 0.5532437515625 0.1140015609375 0.5498156234375
2 0.22176718750000002 0.7047859375 0.22057968749999998 0.7201343765625 0.2930171875 0.7278546875 0.2959859375 0.7136015625 0.22176718750000002 0.7047859375
2 0.037109375 0.7242921859375 0.093515625 0.7219171859375 0.0929234390625 0.6874687500000001 0.039484375 0.6898453124999999 0.037109375 0.7242921859375
2 0.061453125 0.7947390624999999 0.058484375 0.8311968734375 0.0988609375 0.8288203125000001 0.09767187499999999 0.8003125000000001 0.061453125 0.7947390624999999
2 0.8354109359375 0.2986578125 0.827990625 0.33884218593750004 0.893896875 0.340028125 0.8956765624999999 0.3037999984375 0.8354109359375 0.2986578125
2 0.7695046875 0.382378125 0.7668328125 0.43030468749999995 0.8178953124999999 0.42852187500000005 0.8149265640625 0.3750703125 0.7695046875 0.382378125
2 0.7727703125 0.5716562515625 0.7374421875 0.572971875 0.7329890625 0.6061031265625 0.7709890625 0.606103125 0.7727703125 0.5716562515625
2 0.9811781249999999 0.5722499984375 0.9951634531250001 0.5698876125 0.998753125 0.5472233078125 0.998753125 0.5271125 0.9823656250000001 0.528440625 0.9811781249999999 0.5722499984375
2 0.9945781468750001 0.5735830890625 0.9779125000000001 0.576534375 0.970490625 0.6357984375 0.9846301078125 0.636392534375 0.9945781468750001 0.5735830890625
2 0.0531406265625 0.2859828125 0.1101406234375 0.2758859375 0.103609375 0.2390640625 0.049578125 0.24856562499999998 0.0531406265625 0.2859828125
2 0.049578125 0.3447812484375 0.0941093765625 0.340028125 0.093515625 0.3026125 0.041265623437499996 0.313896875 0.049578125 0.3447812484375
2 0.20306406093749998 0.2861890625 0.2087046890625 0.3204296875 0.2449234375 0.313896875 0.23779843750000002 0.28004375000000004 0.20306406093749998 0.2861890625
2 0.1243921875 0.405359375 0.1582359375 0.3970453125 0.156453125 0.3679421875 0.1178609375 0.3721015609375 0.1243921875 0.405359375
2 0.2921265625 0.5159718734375 0.2841109375 0.5247375015625 0.2971734390625 0.5372078124999999 0.3078609375 0.5271125 0.2921265625 0.5159718734375
2 0.1140015625 0.47233124843749996 0.11370312499999999 0.5081078125 0.1534843765625 0.5033546875 0.153484375 0.4730656234375 0.1140015625 0.47233124843749996
2 0.11934375156249999 0.8383796875 0.122015625 0.8579234375 0.15586093750000002 0.8525765609375 0.1540781265625 0.8306015609375 0.11934375156249999 0.8383796875
2 0.2520484375 0.8472875015625 0.2502671875 0.8662375000000001 0.2847046875 0.8662375000000001 0.2870796875 0.8496078125000001 0.2520484375 0.8472875015625
2 0.24403281250000003 0.88469375 0.2443296875 0.903059375 0.2757984375 0.9048421875000001 0.2775796875 0.8894 0.24403281250000003 0.88469375
2 0.8250218734375 0.6286718734375001 0.8974593765625001 0.631046875 0.9045828124999999 0.57165625 0.8273953125 0.5704671859375 0.8250218734375 0.6286718734375001
2 0.6569890625 0.767053125 0.6949890625 0.767053125 0.7044890625 0.7118187515625001 0.6617375 0.70885 0.6569890625 0.767053125