2 0.5719407546874999 0.55150889375 0.595352209375 0.55234240625 0.60453495 0.45890225312500005 0.57973421875 0.45836404062499997 0.5719407546874999 0.55150889375
2 0.5404196015625 0.5945131953125 0.5580658781250001 0.6023803062499999 0.5642817203125 0.5633027703125 0.5396890671875 0.5569121578125 0.5404196015625 0.5945131953125
2 0.5980502453125001 0.6606817390625 0.6123273734375 0.6663608984375 0.623006340625 0.6277867406250001 0.6011922375000001 0.6208055296875 0.5980502453125001 0.6606817390625
2 0.4712508515625 0.7268437390625 0.487595078125 0.742247825 0.5300556624999999 0.682396246875 0.5101342109375 0.670656609375 0.4712508515625 0.7268437390625
2 0.43448180000000003 0.7041631421875 0.45360457500000007 0.718976628125 0.4741847671875 0.6928199296875001 0.45447106875000004 0.6752263640625 0.43448180000000003 0.7041631421875
2 0.3824501234375 0.7326489296875 0.40339740781250005 0.7833788796875 0.4202783171875 0.773982559375 0.4005122296875 0.7288097109375 0.3824501234375 0.7326489296875
2 0.3967118203125 0.8065837874999999 0.4123116109375 0.8526422078125 0.4286891421875 0.8477090125 0.411404778125 0.8005566156249999 0.3967118203125 0.8065837874999999
2 0.287559909375 0.8806110437499999 0.298922528125 0.968232103125 0.3337446890625 0.9680906390624999 0.320402196875 0.877986328125 0.287559909375 0.8806110437499999
2 0.3145084671875 0.41664593437499997 0.3073895546875 0.37430868125 0.2511257578125 0.38376318593750003 0.2587639640625 0.4319404015625 0.3145084671875 0.41664593437499997
2 0.3072242703125 0.370585115625 0.29751235 0.2924659953125 0.26728202031250003 0.297639284375 0.277159225 0.37948196875 0.3072242703125 0.370585115625
2 0.5492004125000001 0.44452400000000003 0.5712225937500001 0.4456528125 0.5667521109375 0.32897476875 0.54136110625 0.325659534375 0.5492004125000001 0.44452400000000003