2 0.6744796703125 0.4130540171875 0.687119609375 0.4609662359375 0.7413600484375 0.449060428125 0.7254298125 0.40133572187500005 0.6744796703125 0.4130540171875
2 0.82822231875 0.7247817921874999 0.96767895625 0.7202896765625 0.964716675 0.66459730625 0.8253029703125 0.6693102859375 0.82822231875 0.7247817921874999
2 0.408720425 1 0.40105418437499996 0.97926806875 0.34160438593750003 0.9908239390625001 0.3454661421875 1 0.408720425 1
2 0 0.5006728640625 0.0173052296875 0.554710821875 0.050074003125 0.5459217640625 0.030923528125 0.4691751703125 0 0.476164303125 0 0.5006728640625
2 0.5086611249999999 0.30370813281250003 0.45933013593750005 0.3175327375 0.46836364531249997 0.3484473640625 0.5203661765625001 0.3359196453125 0.5086611249999999 0.30370813281250003
2 0.5708149359375 0.4180780484375 0.5770798359375 0.4658669140625 0.609571659375 0.46499650312499996 0.6062534203125 0.4105846421875 0.5708149359375 0.4180780484375
2 0.22169169531250002 0.3334738625 0.23192875000000002 0.36435669375 0.26407681875 0.35548613906250004 0.252485059375 0.32385746718749997 0.22169169531250002 0.3334738625
2 0.279728590625 0.75962958125 0.28967605625 0.7968019765625 0.32824955 0.788313984375 0.3179855984375 0.7479575390625001 0.279728590625 0.75962958125
2 0.01936086875 0.6057389296875 0.030540425 0.6539175078125 0.06967903125 0.646780890625 0.048972473437500004 0.599378153125 0.01936086875 0.6057389296875
2 0.7566956109375 0.10786873906250001 0.772465553125 0.164095865625 0.9352335093749999 0.1251954421875 0.9246945921874999 0.0709774109375 0.7566956109375 0.10786873906250001
2 0.7482415312499999 0 0.7472576265625 0.0001912515625 0.75873675 0.0405757203125 0.8200492359375 0.019923875 0.8146791562500001 0 0.7482415312499999 0
2 0.7525283593750001 0.7336741953125 0.7716820171875 0.8119848546874999 0.8212866218749999 0.8104590046875 0.8005157593750001 0.7316079296875 0.7525283593750001 0.7336741953125