2 0.94719633125 0.861501221875 0.9575035859375 0.9027654953124999 0.9874653359375 0.892458425 0.9814979640624999 0.8498833296875 0.94719633125 0.861501221875
2 0.827072790625 0.8830725953125 0.84008753125 0.91033496875 0.871388371875 0.8957127249999999 0.8593092375 0.8716717656249999 0.827072790625 0.8830725953125
2 0.6947984515625001 0.9083075828125 0.669278784375 0.9211313000000001 0.6760178859375 0.9454727171874999 0.708672228125 0.929542453125 0.6947984515625001 0.9083075828125
2 0.5986658046875 0.45378343593750003 0.5862417265625 0.4264605546875 0.5533909421875001 0.437666721875 0.5635446171875 0.46896432343749994 0.5986658046875 0.45378343593750003
2 0.9005224046875 0.4799114609375 0.9177930359375001 0.5079189921875 0.9412918937500001 0.4929243 0.9243644390625001 0.45966148437500004 0.9005224046875 0.4799114609375
2 0.4779802703125 0.611999609375 0.449323478125 0.6233619921875 0.461062746875 0.6555298734375 0.49307649531250003 0.6420251703125001 0.4779802703125 0.611999609375
2 0.39191396875 0.054425915625 0.38196643125 0.010903860937499999 0.347201325 0.0209522234375 0.3564929953125 0.0667694703125 0.39191396875 0.054425915625
2 0.7510241046874999 0 0.73176443125 0.010355759374999999 0.740462425 0.0249483875 0.7736278453125001 0.0053602875 0.7707007421875 0 0.7510241046874999 0
2 0.7796862703125 0.0118799140625 0.7419830625 0.033736015625 0.749948421875 0.044198220312499994 0.7835999390625 0.026379945312500003 0.7796862703125 0.0118799140625
2 0.7896243953125001 0.038271609375 0.7506486421874999 0.0537005203125 0.7560963703125 0.0685954859375 0.7919510468750001 0.054727934374999995 0.7896243953125001 0.038271609375
2 0.38997584218750003 0.700577565625 0.395907375 0.71725045 0.43087361093750004 0.7034354281249999 0.42325922499999996 0.68495196875 0.38997584218750003 0.700577565625
2 0.3328198421875 0.707775803125 0.34642663281249997 0.7349759484375 0.37004945624999996 0.721160696875 0.3580859109375 0.6953793703125 0.3328198421875 0.707775803125