2 0.848234928125 0.3029557875 0.8820397124999999 0.309526771875 0.8910435765625 0.25387066875 0.856489446875 0.2464870859375 0.848234928125 0.3029557875
2 0.9824103296875 0.5586635453125 0.995901553125 0.514151225 0.9351897546875 0.5059760421874999 0.9240652140625001 0.5523157078125001 0.9824103296875 0.5586635453125
2 0.76513510625 0.4348510046875 0.7722993453125 0.4042176859375 0.7043335171875 0.38979674375 0.6980174406249999 0.422290134375 0.76513510625 0.4348510046875
2 0.510025153125 0.45900500937500005 0.515293928125 0.4225642578125 0.4413848640625 0.40759292656249996 0.4394484875 0.44090103750000004 0.510025153125 0.45900500937500005
2 0.41989223906250006 0.8946929015625 0.456073790625 0.8890364921874999 0.446413853125 0.8391565421875 0.41006951718750007 0.8456504015625 0.41989223906250006 0.8946929015625
2 0.9114185171875 0.89899075 0.9144183031249999 0.8524406921875001 0.817150190625 0.8456182140624999 0.819283121875 0.8953243765625001 0.9114185171875 0.89899075
2 0.66165161875 0.64982065 0.7186582921875 0.661506484375 0.7267970140625 0.600965875 0.6755290578125 0.5908826046875 0.66165161875 0.64982065
2 0.379465409375 0.620349575 0.43104960937500003 0.6412529218749999 0.4568022671875 0.575669621875 0.40901042812500005 0.5523708859375 0.379465409375 0.620349575
2 0.2443538125 0.5094868953125 0.302865746875 0.5196523296875 0.3192920703125 0.44291740781250005 0.2683421078125 0.4265305640625 0.2443538125 0.5094868953125
2 0.1217801421875 0.82889051875 0.11510917812499999 0.885000090625 0.1552189203125 0.8949200234375001 0.162597528125 0.8398457468749999 0.1217801421875 0.82889051875
2 0.0819331125 0.9280943765625 0.0859462234375 0.9058928343750001 0.033614725 0.8841581875 0.025574998437500003 0.9037449359374999 0.0074544703125 0.8911592671875 0.006772625 0.89236681875 0.00713171875 0.9129392828125 0.0819331125 0.9280943765625
2 0.19327455468750002 0.94963668125 0.1945310359375 0.9245021359375001 0.15747246406249998 0.9191116765625 0.1498341046875 0.9412929921875 0.19327455468750002 0.94963668125
2 0.325977109375 0.092683184375 0.3643937046875 0.09108721875 0.36657327500000003 0.031642178124999996 0.3310934234375 0.0290210203125 0.325977109375 0.092683184375
2 0.20349204687500003 0.1782496546875 0.1548914796875 0.170010796875 0.14756428906250002 0.22014474218750002 0.19584804218750002 0.2269181 0.20349204687500003 0.1782496546875
2 0.999291046875 0.4550206671875 0.9730587640625 0.44807390312499995 0.959386653125 0.48106980468750005 0.9999364765625 0.4919973546875 0.999291046875 0.4550206671875