2 0.889974959375 0.1289874921875 0.8614285531249999 0.1095671125 0.8252298671875 0.16215375 0.8546711515625001 0.1818101109375 0.889974959375 0.1289874921875
2 0.7382831859375 0.08001960625 0.759606778125 0.0428668 0.7212088140625 0.020399140625 0.6968134375 0.051674975 0.7382831859375 0.08001960625
2 0.6992458515625 0.2930911671875 0.7206507609374999 0.2605970265625 0.67147521875 0.2330620015625 0.6523606859375 0.2606873046875 0.6992458515625 0.2930911671875
2 0.635191175 0.29776916249999996 0.6751749593749999 0.30893555 0.6779051671875 0.2952436296875 0.6343299296875 0.282359971875 0.635191175 0.29776916249999996
2 0.662528559375 0.3328880328125 0.6638090890624999 0.3211967171875 0.6366683671875 0.31435528437500004 0.6369478515625 0.3303669078125 0.662528559375 0.3328880328125
2 0.5959439468750001 0.328710396875 0.6555030203125 0.3727589046875 0.6659833984375 0.3607101015625 0.6040377890624999 0.3161109703125 0.5959439468750001 0.328710396875
2 0.8989647406250001 0.507927375 0.9488906859374999 0.5444319203125 0.9703281015625 0.51379999375 0.9180275171875 0.47733689999999995 0.8989647406250001 0.507927375
2 0.8866301625 0.7199389968750001 0.9154689890625001 0.7390120312499999 0.9506884156250001 0.68144485 0.9195473796875 0.6665626312499999 0.8866301625 0.7199389968750001
2 0.9403919578125001 0.8400252640625 0.9641190406250001 0.7874734765625 0.9188912312499999 0.765056271875 0.8905162078125001 0.80648591875 0.9403919578125001 0.8400252640625
2 0.675399690625 0.47490534375 0.6537196562500001 0.5086482265625001 0.6725475515625 0.5326436015625 0.7058167625 0.49943291562500003 0.675399690625 0.47490534375
2 0.779665828125 0.341521584375 0.7926605343750001 0.35453427656250003 0.8437742765625 0.3059926375 0.8339651796875 0.288367396875 0.779665828125 0.341521584375
2 0.5075308328125 0.12854324374999998 0.5192291484375 0.10130680781250001 0.49608924375 0.0854348 0.482296921875 0.111779521875 0.5075308328125 0.12854324374999998
2 0.4119202125 0.23047427968749998 0.423169259375 0.21152038125 0.374211103125 0.17951838281250002 0.36562714375 0.1980600796875 0.4119202125 0.23047427968749998
2 0.7249480734375 0.60885319375 0.7327678843750001 0.597565 0.7018299875 0.5772205921875 0.694892403125 0.5880198765625 0.7249480734375 0.60885319375
2 0.7063650531250001 0.6329077390625 0.716190134375 0.6174276609375 0.689735828125 0.5987896359375 0.679255421875 0.6108368796875 0.7063650531250001 0.6329077390625
2 0.79030315 0.406595846875 0.7942201125 0.39276131875 0.7595710046875 0.381028303125 0.757413784375 0.39352566875 0.79030315 0.406595846875
2 0.3960073515625 0.6116287984375 0.37393329375 0.6398980359374999 0.40224937968749996 0.66313395625 0.43272785156250004 0.6400578921875 0.3960073515625 0.6116287984375
2 0.451607503125 0.6670184406249999 0.425479803125 0.650081228125 0.4123535171875 0.6635514265625 0.43769094218750004 0.686245496875 0.451607503125 0.6670184406249999
2 0.1675236546875 0.3818704578125 0.1971528859375 0.3782731203125 0.1945042765625 0.32859771718749997 0.16304912031250002 0.329740609375 0.1675236546875 0.3818704578125
2 0.7710125921875 0.4241367484375 0.7713918328125 0.41184231875000005 0.7552668734375 0.40661356875 0.7513700703125 0.42151353281250004 0.7710125921875 0.4241367484375
2 0.4558399171875 0.433198025 0.44467383125 0.42288351718749995 0.4171226953125 0.460571653125 0.42915272031249996 0.46925989843749993 0.4558399171875 0.433198025
2 0.7778037328125 0.8132009203124999 0.779081971875 0.801378375 0.7435924468749999 0.792440140625 0.741486984375 0.807902678125 0.7778037328125 0.8132009203124999
2 0.7501708828125 0.829107478125 0.7544432140625 0.8187110203125 0.7380388765625 0.8144872968750001 0.7382666312499999 0.8275353093750001 0.7501708828125 0.829107478125
2 0.690831215625 0.7636971984375001 0.690880984375 0.7495379234375 0.675773896875 0.7515018765625 0.6717927140625 0.76165728125 0.690831215625 0.7636971984375001
2 0.685841834375 0.7839561109375001 0.6858966765625001 0.770087415625 0.666575553125 0.76886661875 0.6698218265625 0.78482958125 0.685841834375 0.7839561109375001
2 0.7109965046875 0.76215909375 0.716691221875 0.7481982046875 0.6970095046875 0.7434190968750001 0.6925102421875 0.7577357359375 0.7109965046875 0.76215909375
2 0.8407081125 0.6406486828125 0.8321344296875001 0.67678975625 0.8717834515625 0.68578821875 0.889034215625 0.6534509749999999 0.8407081125 0.6406486828125