2 1 0.29164233125 0.9209478328125 0.279144659375 0.9137422296875 0.330276478125 1 0.34548605 1 0.29164233125
2 0.447427584375 0.2257671828125 0.4475385875 0.2559020875 0.5415723781249999 0.2526058046875 0.5340642890625 0.2199623640625 0.447427584375 0.2257671828125
2 0.45109102031250004 0.28363402187500003 0.4501069125 0.3268271453125 0.5432120453125 0.32878854375 0.5399623296875 0.2805428390625 0.45109102031250004 0.28363402187500003
2 0.6177910140625 0.032343187499999995 0.5702550578125 0.021552850000000002 0.5672346890625 0.0421014859375 0.6130884796875 0.050464403125 0.6177910140625 0.032343187499999995
2 0.54285195625 0.0504505609375 0.547799103125 0.032651718749999996 0.546217771875 0.034781353125 0.5012966953125 0.0262576453125 0.4973825578125 0.048455828125 0.54285195625 0.0504505609375
2 0.41967518750000005 0 0.4692363453125 0.009763275 0.46978965781250004 0 0.41967518750000005 0
2 0.3323811109375 0.0097245875 0.3370650609375 0.031030379687499998 0.396877009375 0.03374695 0.396753390625 0.010513134375 0.3323811109375 0.0097245875
2 0.173417590625 0.9488634921875001 0.24552111875 0.9605142656250001 0.240154203125 0.9499293124999999 0.1733236875 0.9459767671874999 0.173417590625 0.9488634921875001
2 0.029455373437499998 0.298437978125 0.024984459375 0.3217422171875 0.051751234374999996 0.3258590125 0.055531881250000005 0.304417903125 0.029455373437499998 0.298437978125
2 0.1205650609375 0.294619753125 0.11888368281249999 0.307574596875 0.19489852968750002 0.320978065625 0.19580797656249999 0.30386189375 0.1205650609375 0.294619753125
2 0.1256672625 0.3340691265625 0.12405563906249999 0.350047646875 0.187826053125 0.35767780625 0.19092039375 0.3418385625 0.1256672625 0.3340691265625
2 0.125814421875 0.360597709375 0.12065953125 0.3795657390625 0.16334633125 0.38709257343750003 0.1663725453125 0.368220421875 0.125814421875 0.360597709375
2 0.29107141406250003 0.3397430828125 0.290077596875 0.35221783906250004 0.32306355 0.35321405 0.32170129687500004 0.3387055171875 0.29107141406250003 0.3397430828125