2 0.5478260859375 0.4550603875 0.6008188546875 0.445145246875 0.587601875 0.3744698 0.5370119250000001 0.384853578125 0.5478260859375 0.4550603875
2 0.5162991921875 0.5285172984375001 0.5201233078125 0.5617783671875001 0.565748328125 0.558792696875 0.5602945953125 0.5227991078125 0.5162991921875 0.5285172984375001
2 0.22078230312499997 0.5395454453124999 0.23447955468749998 0.591022571875 0.2973020015625 0.575834196875 0.2891059875 0.5215496859375001 0.22078230312499997 0.5395454453124999
2 0.305716759375 0.8668645250000001 0.31177265 0.92002043125 0.40973771093750005 0.8946648375 0.40038689843749997 0.8410354109375 0.305716759375 0.8668645250000001
2 0.5662558609375 0.90315369375 0.562110546875 0.9431786203125 0.6136338546875 0.93928926875 0.6135477046875 0.9036105062500001 0.5662558609375 0.90315369375
2 0.4728827953125 1 0.4660883828125 0.9375071984375 0.3572833078125 0.948887525 0.362067046875 1 0.4728827953125 1
2 0.018422787500000003 0.864620690625 0.10182835625 0.839435128125 0.0917865875 0.8066563765625 0.0162039890625 0.8222834796875 0.018422787500000003 0.864620690625
2 0.07053189062500001 0.90594389375 0.0736282234375 0.9366630062500001 0.10024820781249999 0.9340787828125 0.09598042812499999 0.8980246046874999 0.07053189062500001 0.90594389375
2 0.11604803906250001 0.83845364375 0.123042609375 0.8698430953124999 0.1559983640625 0.8633578734375 0.1526669828125 0.8337964 0.11604803906250001 0.83845364375
2 0.7335799765625 0.59026156875 0.726139365625 0.6241333375 0.8411992828124999 0.6299977296875 0.8399894078125 0.5955669875 0.7335799765625 0.59026156875
2 0.2647989140625 0.0520706015625 0.26660421093750003 0.0808452421875 0.302773325 0.0789497 0.2997845609375 0.044610621875 0.2647989140625 0.0520706015625
2 0.8467381859374999 0.100397671875 0.8929577015625 0.09738084531249999 0.8952417359375 0.06157786562499999 0.8410661328125 0.07155343125 0.8467381859374999 0.100397671875
2 0.8668533593750001 0.3594233484375 0.860026878125 0.4333459890625 0.8777216609374999 0.4306333859375 0.8835408734374999 0.3601509890625 0.8668533593750001 0.3594233484375
2 0.9360382359375 0.36917523124999996 0.9322438796875 0.4045817109375 0.967477359375 0.4074932859375 0.9716971359375 0.3745616828125 0.9360382359375 0.36917523124999996
2 0.90800403125 0.5490138906250001 0.9060516562500001 0.6081627562499999 0.9382256703125 0.6094509765625 0.9472557187499999 0.554855121875 0.90800403125 0.5490138906250001
2 0.8637222031249999 0.9803757140625 0.8663948734375 0.9462859937499999 0.7753515671875 0.9278396140625 0.77122038125 0.9851515546874999 0.8637222031249999 0.9803757140625