2 0.8245468734375001 0.22473593749999998 0.7829828125 0.2277796875 0.7829828125 0.2426265625 0.8251390625000001 0.2426265625 0.8245468734375001 0.22473593749999998
2 0.7841703140625 0.2646015625 0.7782328125 0.2842000015625 0.8269203125000001 0.2842 0.827515625 0.2640078140625 0.7841703140625 0.2646015625
2 0.052071873437500006 0.6916265609375001 0.046134375 0.6059249999999999 0.0012468750000000002 0.606696875 0.002196875 0.696971875 0.052071873437500006 0.6916265609375001
2 0.074634375 0.7278546875 0.0719625 0.6923171875 0.003384375 0.698159375 0.0012468734375 0.7326078125000001 0.074634375 0.7278546875
2 0.0790890625 0.7537703125 0.0012468750000000002 0.75576875 0.0012468734375 0.8026875 0.077603125 0.7949671875 0.0790890625 0.7537703125
2 0.0568218734375 0.8882125015625 0.053259375 0.7985312484375 0.001603125 0.79853125 0.0012468734375 0.8894 0.0568218734375 0.8882125015625
2 0.0698859375 0.9167203125000001 0.066321875 0.9630468734375001 0.1268859375 0.9654218734375 0.13104062656249998 0.9131578125 0.0698859375 0.9167203125000001
2 0.6897625 0.25094062500000003 0.686496875 0.2345328125 0.57991875 0.25569375 0.5870453109375 0.2675703125 0.6897625 0.25094062500000003
2 0.53479375 0.23728125000000003 0.533309375 0.22473593749999998 0.42673125 0.221840625 0.43029375 0.23668750156249999 0.53479375 0.23728125000000003
2 0.48076249843749996 0.270540625 0.5324187499999999 0.27054062343749996 0.5336062484374999 0.2551 0.484325 0.25450468593750003 0.48076249843749996 0.270540625
2 0.013287359374999998 0.2333691109375 0.0538531265625 0.2343125 0.05593125 0.2185015609375 0.014050209375 0.21881306406249998 0.013287359374999998 0.2333691109375
2 0.0116375828125 0.26484873124999997 0.05266562500000001 0.2693531265625 0.058603125 0.2478921859375 0.0125492015625 0.247454021875 0.0116375828125 0.26484873124999997