2 0.9340623953125 0.51871935625 0.95071575 0.545270184375 0.9844751374999999 0.526018634375 0.9688112421874999 0.495222890625 0.9340623953125 0.51871935625
2 0.7948311875 0.6643999859374999 0.8490745828125 0.6260594968750001 0.820005340625 0.597869490625 0.7749744125 0.6338159859375 0.7948311875 0.6643999859374999
2 0.672056153125 0.7064793703125 0.6415826124999999 0.7286322578125 0.670080465625 0.775664984375 0.7031282796875 0.75896801875 0.672056153125 0.7064793703125
2 0.5574221781250001 0.84022070625 0.52089111875 0.8638837296874999 0.5477707125 0.908814746875 0.583634878125 0.8879443421875 0.5574221781250001 0.84022070625
2 0.5623594265625 0.9651966703125 0.53855050625 0.9345070234374999 0.5146664624999999 0.9563388640625 0.5315145453125 0.9838832906249999 0.5623594265625 0.9651966703125
2 0.49980908125 0.9592539046875 0.4859840328125 0.9425776453125 0.46292540000000004 0.9639800375 0.48008127187499994 0.9775655203125 0.49980908125 0.9592539046875
2 0.4788108125 0.9352444406249999 0.46814776562500005 0.9255000140625 0.43951942187500004 0.94315091875 0.44910112656249995 0.9582070796875 0.4788108125 0.9352444406249999
2 0.39673915625 0.746403665625 0.3846773921875 0.7139129 0.3309374921875 0.745508390625 0.3448695375 0.773618046875 0.39673915625 0.746403665625
2 0.21935669375 0.795380934375 0.19913575 0.764479334375 0.146641178125 0.8024814796875 0.170821103125 0.8304121453125 0.21935669375 0.795380934375
2 0.1904060640625 0.5141934578125 0.16766850312499998 0.5403675671875 0.21245871875 0.5685212671875 0.23613413906249997 0.5409567203125001 0.1904060640625 0.5141934578125
2 0.072339984375 0.30510020781249997 0.0908082328125 0.269417584375 0.014041871875 0.23546015156250003 0.000110540625 0.2695891734375 0.072339984375 0.30510020781249997
2 0.5146523703125 0.35569031875 0.562683721875 0.372520665625 0.5818145890624999 0.3184646625 0.5290415 0.30213420625 0.5146523703125 0.35569031875
2 0.48013481875 0.23723618124999998 0.4466897421875 0.223875453125 0.43737573906250005 0.244417565625 0.43182453593750003 0.23764135 0.4161446765625 0.2721102484375 0.4592527265625 0.2885064 0.48013481875 0.23723618124999998
2 0.42635510937500004 0.9454407984375001 0.3965413375 0.92431164375 0.3684464515625 0.95092225 0.3935657703125 0.9774621828125 0.42635510937500004 0.9454407984375001
2 0.418301684375 0.3236598453125 0.394175325 0.30378413593750003 0.36574966249999996 0.330248928125 0.3881968015625 0.3554968765625 0.418301684375 0.3236598453125
2 0.3579829671875 0.2482922984375 0.3649941296875 0.236129478125 0.3113341 0.2121161625 0.306037609375 0.2222090921875 0.3579829671875 0.2482922984375
2 0.3565243375 0.2594506265625 0.30969335 0.23479274218750001 0.29657513125 0.2482190578125 0.34779386875 0.2721036390625 0.3565243375 0.2594506265625
2 0 0.1605036046875 0.0309108421875 0.1759830140625 0.052260481250000004 0.136453353125 0.017357543750000003 0.1218160921875 0 0.1573124796875 0 0.1605036046875
2 0.27193080625 0.300360653125 0.2594839203125 0.32190012343749996 0.2956787578125 0.34628719375 0.313524234375 0.3198558734375 0.27193080625 0.300360653125
2 0.44761394218749995 0.3359854484375 0.4278260140625 0.3695465234375 0.44966282187499995 0.3791994015625 0.46966582968750004 0.34207716875 0.44761394218749995 0.3359854484375
2 0.5027246984375 0.1340726109375 0.4876120609375 0.173015478125 0.5194368140625001 0.187375615625 0.53769253125 0.15059143125000002 0.5027246984375 0.1340726109375
2 0.5773776609375 0.1960544359375 0.59448848125 0.1533884546875 0.540622178125 0.147000834375 0.52622159375 0.181827521875 0.5773776609375 0.1960544359375
2 0.47767533437500004 0.159236459375 0.484781459375 0.12577992031250002 0.46127020625000004 0.1152921390625 0.44604321875 0.15209086875 0.47767533437500004 0.159236459375