2 0.3311879109375 0.5831070781250001 0.3360247453125 0.61560945 0.390320346875 0.600635228125 0.3842249328125 0.5694281375 0.3311879109375 0.5831070781250001
2 0.64581335 0.46776679374999997 0.6633893421875 0.5181259781249999 0.7100077640625 0.5021564109375001 0.6966062859375 0.4515575640625 0.64581335 0.46776679374999997
2 0.8881740718750001 0.3869402046875 0.8984452515625 0.423526334375 0.9521478359375 0.408522596875 0.9498273984375001 0.3733545203125 0.8881740718750001 0.3869402046875
2 0.753164746875 0.0360387765625 0.7580577265625 0.12986719375 0.80648920625 0.12468229687500001 0.7996627328125 0.039384690625 0.753164746875 0.0360387765625
2 0.06469158124999999 0.7330370875 0.06034803125 0.7478769765625 0.1336842875 0.755284625 0.135085903125 0.7399150421875 0.06469158124999999 0.7330370875
2 0.023783378124999997 0.8575785328125001 0.044365035937500005 0.8486113546875 0.0271575078125 0.8025664296875 0.0200221921875 0.8037910625 0.023783378124999997 0.8575785328125001
2 0.018288350000000002 0.7789354953125 0.0206321140625 0.7909386703125 0.041102365625 0.7860720796875 0.037572728124999996 0.77400675625 0.018288350000000002 0.7789354953125
2 0.017337385937499998 0.76539655 0.031048896875 0.7623790765625 0.027486623437500003 0.7509066062499999 0.01640568125 0.752072546875 0.017337385937499998 0.76539655
2 0.1462059015625 0.6638724921875 0.1529501046875 0.682640240625 0.2177959828125 0.6705940625 0.2168864421875 0.653914228125 0.1462059015625 0.6638724921875
2 0.17047440625000002 0.7056232625 0.17027875312500002 0.7150290390625 0.231880525 0.7081592359375 0.23268764531250002 0.692758496875 0.17047440625000002 0.7056232625
2 0.335453225 0.9271565031250001 0.3491978578125 0.9768501953125 0.375845740625 0.9675571015625 0.361166809375 0.918673434375 0.335453225 0.9271565031250001
2 0.283260990625 0.93600115625 0.3029518390625 0.9857138859375001 0.324794328125 0.977353390625 0.30714907343750003 0.9283158281249999 0.283260990625 0.93600115625
2 0.40040165937500005 0.725901703125 0.44948660937499996 0.708277709375 0.4339678453125 0.675389196875 0.393778496875 0.6934793906250001 0.40040165937500005 0.725901703125
2 0.5004265375 0.5190891093750001 0.5168858390625 0.56806608125 0.5477775796875 0.5572101390624999 0.5350000328125 0.5060509890625 0.5004265375 0.5190891093750001
2 0.5567245828125 0.278713909375 0.5542969796875 0.3193628765625 0.5780765796875 0.3194199828125 0.5834673515625 0.2846575984375 0.5567245828125 0.278713909375
2 0.557131475 0.18586264218749998 0.593769309375 0.19015944375 0.5964173859375 0.173666053125 0.5614046296875 0.172425678125 0.557131475 0.18586264218749998
2 0.549352228125 0.198159859375 0.552707684375 0.2135487484375 0.5710887078125 0.2145120578125 0.57476736875 0.2010439375 0.549352228125 0.198159859375
2 0.46584048906250003 0.83868106875 0.4814925203125 0.891716665625 0.513070340625 0.87911455 0.4979209640625 0.8278326625 0.46584048906250003 0.83868106875