2 0.1510750671875 0.5458790515625 0.1020127265625 0.5261262546875 0.08160476718750001 0.5787246406250001 0.13192689375 0.5948289046874999 0.1510750671875 0.5458790515625
2 0.2621218375 0.6558008828124999 0.2617229984375 0.622167371875 0.2235320234375 0.6243793109375 0.22472473593750003 0.6630406843750001 0.2621218375 0.6558008828124999
2 0.16566450625 0.1689132390625 0.14948181875 0.1560728109375 0.11892802656250001 0.1948687296875 0.1321171390625 0.2063036578125 0.16566450625 0.1689132390625
2 0.28747047812500004 0.2701156515625 0.25434115 0.24478859375 0.20277483749999997 0.3116347546875 0.22839569062499998 0.33517839375 0.28747047812500004 0.2701156515625
2 0.32253120156250004 0.272767021875 0.3474518859375 0.2338147234375 0.3064108484375 0.20244876406249998 0.282009234375 0.23716533437499998 0.32253120156250004 0.272767021875
2 0.340556296875 0.452456040625 0.36506913750000003 0.428521496875 0.33032135937499996 0.386808984375 0.299762403125 0.4123340546875 0.340556296875 0.452456040625
2 0.5403413015625 0.35330546093750004 0.5331410734375 0.32793799375 0.49093092031249996 0.324581671875 0.5021319 0.3627770328125 0.5403413015625 0.35330546093750004
2 0.8714906296875 0.49405333906250004 0.8772169406250001 0.5321549734375 0.9327295953125001 0.5150804499999999 0.919206534375 0.4785640203125 0.8714906296875 0.49405333906250004
2 0.733138259375 0.662320878125 0.710515778125 0.6307083125 0.66287316875 0.6620223609375 0.6874145234375 0.6993865203125 0.733138259375 0.662320878125
2 0.5068806640625 0.45738986875 0.475220928125 0.44713037968749997 0.4620210875 0.4833966421875 0.49316479218750003 0.49030903437499995 0.5068806640625 0.45738986875
2 1 0.1671626140625 0.977858209375 0.1688175109375 0.9854980390625 0.28154104687500003 1 0.27955342656250004 1 0.1671626140625
2 0.08409399375 0.811523296875 0.15940070312500002 0.7643737421875 0.11227790625 0.701095328125 0.03950136875 0.7602249249999999 0.08409399375 0.811523296875