2 0.8060988 0 0.8020578171875 0.012914606249999998 0.8179754031250001 0.017431484375 0.8214804875 0 0.8060988 0
2 0.8360062890625001 0 0.832539790625 0.016668196875 0.8464098171875 0.0159413 0.8483503234375 0 0.8360062890625001 0
2 0.7110788859375 0.153839521875 0.78109996875 0.16384329687500002 0.7897817390624999 0.08015079375 0.7138373734375 0.0704543140625 0.7110788859375 0.153839521875
2 0.7340701703125 0 0.733331653125 0.0102734625 0.7512265453125 0.013200301562499999 0.7525533453125 0 0.7340701703125 0
2 0.9820362640625 0.155692496875 0.979750115625 0.1005162140625 0.9600341671875 0.09857822499999999 0.9544132671875 0.150005378125 0.9820362640625 0.155692496875
2 0.9828391578125 0.1937025671875 0.9469554890625 0.1890429390625 0.9418678968749999 0.2279562828125 0.9775779015625 0.23470599062500003 0.9828391578125 0.1937025671875
2 0.8831577453125 0.252437484375 0.8907708968750001 0.21636460624999998 0.8346233796875 0.21038870156249997 0.8296274515625001 0.251080934375 0.8831577453125 0.252437484375
2 0.715013515625 0.478267278125 0.729416390625 0.48107984375 0.734809546875 0.42936734374999996 0.7225048890625 0.428525790625 0.715013515625 0.478267278125
2 0.69462285 0.4858761203125 0.7009643859375 0.41419443125 0.6861860953125001 0.41556349375 0.6814042875 0.4830014875 0.69462285 0.4858761203125
2 0.6360562421875 0.7624468546875 0.693513928125 0.77073235625 0.696659703125 0.7212186125 0.6433300953125001 0.7085548125 0.6360562421875 0.7624468546875
2 0.1157900828125 0.525724496875 0.17919944375000002 0.54558938125 0.19499627343749998 0.49689903593749996 0.121533721875 0.4766691703125 0.1157900828125 0.525724496875
2 0.2581608296875 0.9641899140625 0.29600663125 0.972314103125 0.31260633125 0.9054458890625 0.2765662109375 0.8960395046875 0.2581608296875 0.9641899140625
2 0.13621191875 0.7000508609375 0.1566932890625 0.705517690625 0.16818025781249998 0.6650814046875 0.1437007703125 0.6616062359375 0.13621191875 0.7000508609375
2 0.0869761640625 0.9279743953124999 0.1096723453125 0.9303523296874999 0.11241445312500001 0.8927510375000001 0.0852669875 0.895361340625 0.0869761640625 0.9279743953124999
2 0.8161704078125 0.912352409375 0.8501509703125001 0.9147335171875 0.8632153656250001 0.8739141500000001 0.813839821875 0.8678821875 0.8161704078125 0.912352409375
2 0 0.45616487499999997 0.012107028124999999 0.462783340625 0.0214663515625 0.42602438437499995 0 0.41929785468749997 0 0.45616487499999997