2 0.037703125 0.036789062500000004 0.024046875000000002 0.0020765625 0 0.0000125 0.000296875 0.05339843749999999 0.037703125 0.036789062500000004
2 0.4188921875 0.0006046875 0.415034375 0.03231875 0.5002375 0.036196875 0.501425 0 0.4188921875 0.0006046875
2 0.6661921875 0.11771406250000001 0.6611453125 0.1572046875 0.6949890625 0.1566109375 0.6961765625 0.12220625 0.6661921875 0.11771406250000001
2 0.8315531249999999 0.2503328125 0.8517390625000001 0.1922015625 0.8173015625 0.1827109375 0.8000828125 0.2337234375 0.8315531249999999 0.2503328125
2 0.15675 0.9987546875 0.13923593750000002 0.9639234374999999 0.10598437499999999 0.9811249999999999 0.1148921875 0.9987546875 0.15675 0.9987546875
2 0.41948749999999996 0.7224999999999999 0.42482968750000005 0.7617265625 0.45095625000000006 0.758684375 0.45214375 0.7201265625 0.41948749999999996 0.7224999999999999
2 0.49014375 0.7165671875 0.45867500000000005 0.7189421874999999 0.4598625 0.757496875 0.48895625000000004 0.7563109375 0.49014375 0.7165671875
2 0.6379890625 0.81859375 0.5988 0.810290625 0.59583125 0.8263046875000001 0.62670625 0.8334234374999999 0.6379890625 0.81859375
2 0.5999875 0.796646875 0.630565625 0.8044234375 0.6391765625 0.7919015625 0.60295625 0.7788515625 0.5999875 0.796646875
2 0.6350203125 0.9135015624999999 0.6332375 0.9283312499999999 0.6676765625 0.9401953125 0.67420625 0.9206203125 0.6350203125 0.9135015624999999
2 0.64333125 0.886809375 0.6430343749999999 0.90405 0.6926140625 0.912315625 0.6955828125 0.8962999999999999 0.64333125 0.886809375
2 0.7739578125000001 0.970446875 0.7739578125000001 0.9987546875 0.856490625 0.9987546875 0.8553015625 0.9692609375 0.7739578125000001 0.970446875
2 0.915271875 0.738515625 0.9146765625000001 0.7563890625 0.944959375 0.7557171874999999 0.948521875 0.739703125 0.915271875 0.738515625
2 0.950896875 0.7177546875 0.9146765625000001 0.718346875 0.915271875 0.7337703125 0.9503031249999999 0.73495625 0.950896875 0.7177546875
2 0.9066625 0.43527343749999997 0.9176453125 0.41345625 0.8867703125 0.398034375 0.8743015625 0.4193875 0.9066625 0.43527343749999997
2 0.7751453125000001 0.3114296875 0.7739578125000001 0.3268515625 0.8232390625000001 0.3434609375 0.8351140625 0.32981875 0.7751453125000001 0.3114296875
2 0.8642078124999999 0.3505796875 0.8606453125 0.363628125 0.8802390625 0.363628125 0.883803125 0.3499859375 0.8642078124999999 0.3505796875
2 0.9544593750000001 0.1334765625 0.956834375 0.1471203125 0.998753125 0.144746875 0.998753125 0.132884375 0.9544593750000001 0.1334765625
2 0.950896875 0.10856406249999999 0.9511937500000001 0.12571875 0.9978031250000001 0.126359375 0.998753125 0.1109359375 0.950896875 0.10856406249999999