2 0.739114878125 0.47389401875 0.8071667 0.5016024406249999 0.8222457859375 0.46537255312500003 0.7522963734375 0.4413722296875 0.739114878125 0.47389401875
2 0.7478123546875 0.5470711390624999 0.7124156187499999 0.534140028125 0.681527815625 0.6241185015624999 0.7134816875000001 0.6400264984375 0.7478123546875 0.5470711390624999
2 0.5897787375 0.466192959375 0.6205190296875001 0.47752465 0.6336477 0.4363559796875 0.6077282609375 0.42634008906250004 0.5897787375 0.466192959375
2 0.443009196875 0.63483978125 0.4044270109375 0.6252060875 0.39803015468749997 0.6589174718749999 0.435818565625 0.6693773140625 0.443009196875 0.63483978125
2 0.37658444375 0.239231009375 0.438331171875 0.259533596875 0.46207041406249993 0.1787640046875 0.38877492812500003 0.165795284375 0.37658444375 0.239231009375
2 0.4514526984375 0.021080765625 0.416149584375 0.0060588937500000006 0.3985539171875 0.0079082734375 0.3831047671875 0.0422214859375 0.44282203593749997 0.0584708359375 0.4514526984375 0.021080765625
2 0.2092178921875 0.22399231406250003 0.2874264515625 0.23768888437500002 0.296802775 0.18933771875 0.22186891874999998 0.16788140468749999 0.2092178921875 0.22399231406250003
2 0.035197478125 0.34823571875 0.0727065828125 0.35509345 0.080266559375 0.30270925625 0.04409554375 0.294182109375 0.035197478125 0.34823571875
2 0.1424851171875 0.71046798125 0.1772053671875 0.7260219875 0.20401604375 0.6645921218749999 0.1690041984375 0.6496101890625 0.1424851171875 0.71046798125
2 0.27124075937500003 0.774182228125 0.2920153234375 0.777191803125 0.2928407125 0.7450790406250001 0.2778397640625 0.7395945015625001 0.27124075937500003 0.774182228125
2 0.2974101359375 0.7767697609375 0.33171185 0.7907971046875 0.3380950640625 0.7722829875 0.3046508328125 0.7598207078125 0.2974101359375 0.7767697609375
2 0.6854324625 0.066882109375 0.719194271875 0.07788369687499999 0.7266731421875 0.033239075 0.6921183765625 0.026639815625 0.6854324625 0.066882109375
2 0.7658681328125 0.30666592812500004 0.7789675140625001 0.2735409375 0.7285406609375 0.256910790625 0.717110903125 0.292267915625 0.7658681328125 0.30666592812500004
2 0.66524015625 0.8307069437499999 0.67791899375 0.7957555390625 0.6429950109375 0.7786936625 0.6299403453125 0.8258289874999999 0.66524015625 0.8307069437499999
2 0.6478819234375 0.7716709859375 0.6810423 0.7861944953125 0.689355234375 0.76606115 0.6562716875 0.7494583015625 0.6478819234375 0.7716709859375
2 0.79284644375 0.6252153578125 0.8064179171875001 0.6326608953124999 0.8246153843749999 0.5812073640625 0.8113340453125 0.5764692890625 0.79284644375 0.6252153578125
2 0.301187159375 0.8969014 0.3720251046875 0.9153172859375 0.382696359375 0.8614156718749999 0.311234196875 0.83430448125 0.301187159375 0.8969014