2 0.988791634375 0.19389959375000002 0.9865997640625 0.1606469015625 0.9463568375 0.1640982171875 0.9498604453124999 0.2015244375 0.988791634375 0.19389959375000002
2 0.9727913546875 0.3167890671875 0.9968664625000001 0.31611629531249996 0.9962890156249999 0.28303445156249996 0.9956056156249999 0.2798222265625 0.9594926656249999 0.2847255265625 0.9727913546875 0.3167890671875
2 0.9972826859374999 0.3399617625 0.9806421921874999 0.3432207359375 0.9879633546875001 0.4000868546875 0.998335334375 0.4002678984375 0.9972826859374999 0.3399617625
2 0.7729748671875 0.4918253234375 0.7399307953125 0.559060428125 0.820910371875 0.6033742156249999 0.8552902874999999 0.5389316 0.7729748671875 0.4918253234375
2 0.6197821484375 0.7742369421874999 0.5863758578125 0.862223571875 0.6385558796875 0.8894290078125 0.6653007328125 0.7861034703125 0.6197821484375 0.7742369421874999
2 0.0047328328125 0.7755072453125 0.02112868125 0.7776270140625 0.0304300125 0.7210494796875 0.0036958546875 0.7160988140625 0.0047328328125 0.7755072453125
2 0.0027179109375 0.66007241875 0.051906867187500004 0.6812901203124999 0.079940884375 0.583520740625 0.0008542234375000001 0.5533019046875001 0.0027179109375 0.66007241875
2 0.688532346875 0.3284329625 0.6768700765625 0.36144383125 0.7043080374999999 0.37714539375 0.720125925 0.3442070625 0.688532346875 0.3284329625
2 0.6263414109375 0.3190445890625 0.606369471875 0.35191041093750003 0.6503574453125001 0.37205305 0.6661511703125 0.3404988828125 0.6263414109375 0.3190445890625
2 0.724238884375 0.1878987875 0.7111683140625 0.22226809531249997 0.7577587 0.2521435734375 0.776394771875 0.2164868234375 0.724238884375 0.1878987875
2 0.8252068749999999 0.11908012812499999 0.7962141171875 0.11304040156249999 0.7887815078125 0.14197133906249998 0.8052590640625 0.150563346875 0.8252068749999999 0.11908012812499999
2 0.6639331703125 0.070595628125 0.684397303125 0.08894463281250001 0.70446739375 0.050545307812499995 0.6727997984375 0.0389221109375 0.6639331703125 0.070595628125
2 0.6347713703125 0.074240365625 0.6666080078125 0.07617909687499999 0.6659467453125 0.03465029375 0.6298353328124999 0.0395551859375 0.6347713703125 0.074240365625
2 0.60435386875 0.14982414375 0.5994979453125 0.1898720578125 0.6505337390625 0.2032179125 0.663580171875 0.170231203125 0.60435386875 0.14982414375
2 0.01231920625 0.012170746875000001 0.0114498578125 0.061975660937499996 0.12061599375000001 0.0791037953125 0.1189569515625 0.015415140625 0.01231920625 0.012170746875000001
2 0.0710526734375 0.0074111390625 0.073267734375 0.013234607812499998 0.12444843750000001 0.0182786015625 0.1268862796875 0.0064365609374999995 0.0710526734375 0.0074111390625
2 0.33046796562499997 0.12290101093750001 0.3867537734375 0.15294416093750002 0.3984401515625 0.11855225312499999 0.3490557421875 0.0900110296875 0.33046796562499997 0.12290101093750001
2 0.454155628125 0.26068220625 0.44810715468750006 0.2896388671875 0.479678134375 0.3067971578125 0.4940620015625 0.27660140625 0.454155628125 0.26068220625
2 0.7529607687500001 0.07910223125 0.7094129578125 0.056393446874999996 0.6806734296875 0.1208094953125 0.7198472 0.1390381359375 0.7529607687500001 0.07910223125
2 0.689070025 0.5413278953125 0.6719107671875 0.5718799546875 0.713207825 0.6044603375000001 0.7320153484375 0.56462156875 0.689070025 0.5413278953125