2 0.7438674375 0.18403540937500001 0.74792151875 0.23671215 0.793226740625 0.23571066875 0.7903196625 0.1836545125 0.7438674375 0.18403540937500001
2 0.6769892171875 0.187099559375 0.6830459156249999 0.21967170937499997 0.7445917343749999 0.216236246875 0.7404378687500001 0.18200998906250002 0.6769892171875 0.187099559375
2 0.7526750109375 0.0751047578125 0.8182012828125 0.0743284359375 0.8148915656250001 0.0237744140625 0.7502734765625 0.024330739062500002 0.7526750109375 0.0751047578125
2 0.8756211671875 0.11287304843749998 0.8187600171874999 0.1088969296875 0.8189870812500001 0.1482085296875 0.8778339015625001 0.149345934375 0.8756211671875 0.11287304843749998
2 0.8786567328125001 0.392909140625 0.7863526515625 0.393597009375 0.794287403125 0.4673833734375 0.881853271875 0.46636104375 0.8786567328125001 0.392909140625
2 0.509126934375 0.44267984687500006 0.4331049765625 0.440339871875 0.4325326484375 0.48257157343749996 0.5068606390625 0.483601128125 0.509126934375 0.44267984687500006
2 0.8111474046874999 0.85614396875 0.80811068125 0.891059378125 0.926229284375 0.8957462703125 0.924018109375 0.8592734921874999 0.8111474046874999 0.85614396875
2 0.5771799390625 0.9505218734374999 0.5755781078125 0.9819632875 0.6846448171875 0.9883995765625 0.6865775875 0.9522478968750001 0.5771799390625 0.9505218734374999
2 0.3588404828125 0.7703383015624999 0.3589281234375 0.82868968125 0.42116142500000003 0.832446259375 0.41705347187499997 0.7720281515625 0.3588404828125 0.7703383015624999
2 0.2052919078125 0.3190294921875 0.204478703125 0.39875290625000004 0.2545636609375 0.397492021875 0.2546529125 0.3238657734375 0.2052919078125 0.3190294921875
2 0.3610235234375 0.5007902296875 0.3582261 0.438676596875 0.3234458546875 0.433863725 0.3257047375 0.5036788640625 0.3610235234375 0.5007902296875
2 0.363335840625 0.4336755390625 0.409991340625 0.43038767812499995 0.40471717968750004 0.352622528125 0.35526438125 0.353332415625 0.363335840625 0.4336755390625
2 0.5368423109375 0.3612664171875 0.485987034375 0.35651986875 0.491896475 0.43373424375 0.5406724656249999 0.43416899375 0.5368423109375 0.3612664171875
2 0.6599509875 0.42226826562499997 0.5977698874999999 0.42625450468750004 0.595281328125 0.4958896015625 0.6612049453125 0.49796513124999997 0.6599509875 0.42226826562499997
2 0.9306494359374999 0.5942060046875 0.9306021640625 0.7055348359375 0.9793368453125 0.7065603312500001 0.9764195593749999 0.599323734375 0.9306494359374999 0.5942060046875
2 0.2821633609375 0.8114146359375001 0.281532884375 0.8715014 0.31850577812499997 0.8705155984375 0.31928796875 0.8167485624999999 0.2821633609375 0.8114146359375001
2 0.40860653437499994 0.8672897265625 0.416174378125 0.8356702968749999 0.3389146875 0.8297289593749999 0.3418940953125 0.867983103125 0.40860653437499994 0.8672897265625
2 0.2289216109375 0.5939553359375 0.22829113437499998 0.6540420984375 0.26619856875000003 0.6566928453124999 0.265209521875 0.5942310734375 0.2289216109375 0.5939553359375
2 0.8319126515624999 0.508116578125 0.8329929796875 0.55224944375 0.8844835375000001 0.5564452140625 0.8898602234374999 0.5093461671874999 0.8319126515624999 0.508116578125