2 0.10614780937499999 0.7655059796875 0.057797275 0.7901087687499999 0.0666789515625 0.8217917671875 0.12411100625 0.7969831515625 0.10614780937499999 0.7655059796875
2 0 0.5937128484375 0.017196540625 0.6305612015625 0.0493138828125 0.6091203984375 0.0298324546875 0.562318646875 0 0.57495756875 0 0.5937128484375
2 0.63203189375 0.5287609140625 0.604871575 0.457113909375 0.568727284375 0.4706192578125 0.5964630484375 0.5407033828125 0.63203189375 0.5287609140625
2 0.7763186156249999 0.654188759375 0.763266159375 0.5982806671875001 0.7246411921875 0.6138871734375 0.73924415 0.6627115765625 0.7763186156249999 0.654188759375
2 0.7178017953125 0.5005178140625001 0.6783917359375 0.5188671609375 0.70984955625 0.5900676984375 0.745820990625 0.57412340625 0.7178017953125 0.5005178140625001
2 0.8437485046875001 0.48718885937499995 0.8260609984375 0.4575674390625 0.7969337328125 0.47230849218750004 0.8094284281249999 0.5040256546874999 0.8437485046875001 0.48718885937499995
2 0.9362070765625001 0.506503175 0.8997494218750001 0.51151888125 0.9123567640625 0.5494357265625001 0.9412731437499999 0.5393189328125 0.9362070765625001 0.506503175
2 0.8228939343749999 0.33533867968750003 0.7859592484375 0.34990730625 0.7976966265625001 0.37908088125 0.8338085656249999 0.36918728437500004 0.8228939343749999 0.33533867968750003
2 0.9303398296875001 0.3277832421875 0.9767997203125001 0.307064275 0.9615162921874999 0.27063819218749996 0.9064249640625001 0.29585795312499996 0.9303398296875001 0.3277832421875
2 0.67671503125 0.2137943875 0.6615741890625 0.18341619375 0.62511931875 0.1986739203125 0.645262584375 0.23317402187499997 0.67671503125 0.2137943875
2 0.43471462968749996 0.204852803125 0.4113206015625 0.1802495046875 0.39216555 0.19313464375 0.41547310781249996 0.223366246875 0.43471462968749996 0.204852803125
2 0.2730740484375 0.912995615625 0.3079455078125 0.899870328125 0.2984757546875 0.868085225 0.256486246875 0.8805567296874999 0.2730740484375 0.912995615625
2 0.721289484375 0.884211996875 0.6779561203125 0.8940380796875 0.6909385546875 0.9469240375 0.7273916140625001 0.931667578125 0.721289484375 0.884211996875
2 0.5391712484375 0.7647618453125 0.5810245765625 0.7564819328125 0.5767097125 0.705728796875 0.5307950890625001 0.7096783078125 0.5391712484375 0.7647618453125
2 0.55844493125 0.8127327828125 0.59537961875 0.7981641546875 0.5848101828125001 0.7589565796875 0.5427873546875001 0.77330868125 0.55844493125 0.8127327828125
2 0.9352066046875 0.23527925624999999 0.8889147046874999 0.24819795312499998 0.896595109375 0.2832834203125 0.9456711484375001 0.26483289062500004 0.9352066046875 0.23527925624999999
2 0.718876034375 0.8295769390625001 0.7526113828125001 0.8126370390625001 0.7309972421875 0.764253415625 0.695149409375 0.781206371875 0.718876034375 0.8295769390625001
2 0.8911817859375001 0.69010360625 0.887973009375 0.657012428125 0.8296092640625 0.6665983 0.8334027687500001 0.69979258125 0.8911817859375001 0.69010360625
2 0.90960118125 0.7463567109375 0.9077680718750001 0.7123022812500001 0.8673201421875 0.716013071875 0.8790621156249999 0.7554274000000001 0.90960118125 0.7463567109375
2 0.6836991859375 1 0.6790551796875001 0.9665112078125 0.6172525375 0.9785036734375 0.61942484375 1 0.6836991859375 1
2 0.8254245750000001 0.2526642984375 0.788935109375 0.26128868125000004 0.7901057703125 0.2785844125 0.8263578046875001 0.2678873109375 0.8254245750000001 0.2526642984375
2 0.87553540625 0.2488517828125 0.8737084093749999 0.2352783171875 0.8567178999999999 0.23589671562499998 0.8588671328125 0.25277160625 0.87553540625 0.2488517828125
2 0.8006930734375001 0.245895003125 0.790198234375 0.23019025312500002 0.772966903125 0.2355847046875 0.7841648515624999 0.2558590984375 0.8006930734375001 0.245895003125
2 0.8197134593750001 0.24744166875 0.8135843625 0.22407391406250002 0.799173575 0.2305686140625 0.8050553359375 0.245090275 0.8197134593750001 0.24744166875