2 0.761573978125 0.338149371875 0.7269651171875 0.36135337500000003 0.7538385953125 0.4101650484375 0.7903207531249999 0.39105646875 0.761573978125 0.338149371875
2 0.71070615625 0.2532877359375 0.68700773125 0.1964623359375 0.6511745921875 0.21353177968749998 0.6777293828125 0.2738618734375 0.71070615625 0.2532877359375
2 0.2752717140625 0.3379974953125 0.22691841250000003 0.3472299984375 0.235499546875 0.39943388281250003 0.28406179374999996 0.3966270828125 0.2752717140625 0.3379974953125
2 0.657012515625 0.79556654375 0.58273228125 0.7103166421875 0.5143948421875 0.780252825 0.5869367953125 0.8632216234375001 0.657012515625 0.79556654375
2 0.9029060812499999 0.09564078125 0.8728651046874999 0.12154986875 0.8899332546875 0.1530986453125 0.9146895765625 0.13673471875 0.9029060812499999 0.09564078125
2 0.4983973640625 0.28760615624999997 0.4629478953125 0.30549210000000004 0.48715248125 0.353833709375 0.5194787375 0.33529913906250003 0.4983973640625 0.28760615624999997
2 0.27226537031250003 0.1424363875 0.2603895484375 0.147696384375 0.2705168234375 0.179380765625 0.28680902656249996 0.17594603281250001 0.27226537031250003 0.1424363875
2 0.31165971875 0.1743776859375 0.3007016421875 0.140459196875 0.28636104218749997 0.14210058750000001 0.29814496875 0.1831960265625 0.31165971875 0.1743776859375
2 0.0953913890625 0.30248478125 0.021562965625 0.2958592390625 0.02478271875 0.3338496921875 0.097787496875 0.33021088593750003 0.0953913890625 0.30248478125
2 0.075245453125 0.2193143078125 0.04969575 0.22293449999999998 0.0578392171875 0.24469045781249998 0.07982835625 0.235296784375 0.075245453125 0.2193143078125
2 0.1184376578125 0.2236064421875 0.0892994125 0.2319616984375 0.10298971562499999 0.2515094515625 0.1224513125 0.23975214843749998 0.1184376578125 0.2236064421875
2 0.025944678125 0.21739145468749999 0.008272803125 0.2236957640625 0.0134268203125 0.24259961562500001 0.031345878125 0.2362276765625 0.025944678125 0.21739145468749999