2 0.3794547765625 0.50723459375 0.37959886875 0.4302578546875 0.344537984375 0.4314621234375 0.34226538125 0.505659959375 0.3794547765625 0.50723459375
2 0.356639353125 0.5796953765625 0.356580165625 0.5421938234375 0.28107974062499996 0.542917846875 0.27754935000000003 0.5791677953125001 0.356639353125 0.5796953765625
2 0.2236247875 0.589601121875 0.14924237812500002 0.5861549984375001 0.1476963640625 0.5998262515625 0.222121784375 0.6056469843750001 0.2236247875 0.589601121875
2 0.18025358125 0.13171800312499998 0.18893029687500001 0.10076342187500001 0.1345295265625 0.0839149671875 0.1250045640625 0.1173050359375 0.18025358125 0.13171800312499998
2 0.7634069046875 0.27722836093750003 0.765670740625 0.23663892031249997 0.6848522171875 0.23923729374999997 0.6795305140625 0.27492623125 0.7634069046875 0.27722836093750003
2 0.8164755984375001 0.013277609374999999 0.780215496875 0.01391053125 0.773694578125 0.0490281234375 0.8141237562500001 0.04891470625 0.8164755984375001 0.013277609374999999
2 0.740131265625 0.5276289640625 0.746078596875 0.47666115781249996 0.7127811171875 0.476648525 0.7077373640625 0.5283506765625 0.740131265625 0.5276289640625
2 0.8109650609375001 0.702544384375 0.8133688546875 0.65287299375 0.7788410984375 0.6505096015625 0.774332009375 0.6986424999999999 0.8109650609375001 0.702544384375
2 1 0.6849539578125 0.9422985328125 0.6814709640625 0.9429610953124999 0.7194292453125 1 0.72009915625 1 0.6849539578125
2 0.9649066703125 0.4437714453125 0.962201728125 0.527311065625 0.99848371875 0.528021715625 0.9991981546875 0.4496988796875 0.9649066703125 0.4437714453125
2 0.8089706734375 0.8947444015625001 0.811529103125 0.8540216734375001 0.7633714140625 0.8542699921875 0.764627609375 0.8922163484375 0.8089706734375 0.8947444015625001
2 0.7101785796875 0.7703605546875 0.6686314109375 0.77464568125 0.66975981875 0.839292084375 0.7066342765625 0.8398345546874999 0.7101785796875 0.7703605546875
2 1 0.9197977421875001 0.963683221875 0.9187338875 0.9625523515625 0.990209821875 1 0.9910122828124999 1 0.9197977421875001
2 0.5832899140625 0.926823896875 0.5410352390625001 0.9245969421875 0.54163565625 0.9589948265625001 0.5785085515625 0.9595373265625 0.5832899140625 0.926823896875
2 0.2902151234375 0.214681859375 0.3580180984375 0.2158721515625 0.357728225 0.19926530625 0.29295881874999996 0.2015835421875 0.2902151234375 0.214681859375