2 0.3055249390625 0.126360925 0.3221606640625 0.0134798953125 0.274971590625 0.004938 0.2590144671875 0.1149052515625 0.3055249390625 0.126360925
2 1 0.050571182812500004 0.9899550125 0.0496377375 0.9760505515625001 0.1592237109375 1 0.163265125 1 0.050571182812500004
2 0.89106261875 0.547908371875 0.9049649046875 0.4156369609375 0.8622002515625 0.4087525578125 0.849890778125 0.5423869953125 0.89106261875 0.547908371875
2 0.7969168734375 0.45621987031250005 0.805732171875 0.4063996484375 0.7614440015625 0.3972686921875 0.7534815296875 0.4552383265625 0.7969168734375 0.45621987031250005
2 0.595906646875 0.39389842656249996 0.5613180484375 0.393845140625 0.5644900921875 0.4771659625 0.5953829234375 0.4726500921875 0.595906646875 0.39389842656249996
2 0.369742659375 0.29848516875 0.32717481875 0.28923494375000003 0.3167796359375 0.3824731828125 0.3595019078125 0.384573821875 0.369742659375 0.29848516875
2 0.331347290625 0.49922926875 0.3434823375 0.423489065625 0.2935599765625 0.41525690937500004 0.2852094328125 0.4955740265625 0.331347290625 0.49922926875
2 0.1798781828125 0.799733253125 0.1851537671875 0.7495394234375 0.1400393 0.7418125984375 0.13262155625 0.7953618312499999 0.1798781828125 0.799733253125
2 0.68474245 1 0.6878474671875 0.9528254078125 0.6625665984375 0.951362321875 0.654614259375 1 0.68474245 1
2 0.3442826484375 0.8301457421875 0.34933794375 0.7536614234375001 0.2915673328125 0.7490820390625 0.2824955265625 0.8278307953124999 0.3442826484375 0.8301457421875
2 0.294467340625 0.623116996875 0.2985016484375 0.5847331140625001 0.2557795390625 0.582630921875 0.24783313437499999 0.6241841796875 0.294467340625 0.623116996875
2 0.6250411734375 0.6047268796874999 0.5380417937499999 0.5925977734375001 0.5312788546875 0.6796489796875 0.6065921046875 0.696219946875 0.6250411734375 0.6047268796874999
2 0.764557509375 0.86058850625 0.7726291234375 0.8632263578125 0.782935734375 0.810577778125 0.7699293921875 0.8101062859375 0.764557509375 0.86058850625
2 0.7922829171875 0.8635025640625 0.8073416859375 0.8621002015625001 0.8113137 0.8129634015624999 0.7947923 0.811823953125 0.7922829171875 0.8635025640625
2 0.8217177515625 0.8671933109375001 0.8355034828125 0.8722228015625 0.8472681609375 0.8227125718750001 0.82938598125 0.814564365625 0.8217177515625 0.8671933109375001
2 0.9006307781249999 0.6611538875 0.9123676218749999 0.662986071875 0.9142596093750001 0.62795914375 0.9033204625 0.6217362890625 0.9006307781249999 0.6611538875