2 0.3972379265625 1 0.39762640781249997 0.9635810640625 0.31590853281250003 0.9708734 0.320002009375 1 0.3972379265625 1
2 0.1289519234375 0.37228449218750004 0.12673086718749998 0.307407540625 0.0795263171875 0.312842534375 0.0776111390625 0.376008175 0.1289519234375 0.37228449218750004
2 0.118057775 0.19236690625 0.1788998640625 0.1922544796875 0.1733568359375 0.1229498921875 0.11725184375 0.12903775625 0.118057775 0.19236690625
2 0.1457506015625 0.49821272031249997 0.1463281375 0.468180696875 0.0565337390625 0.481999646875 0.061505385937500004 0.508853440625 0.1457506015625 0.49821272031249997
2 0.5464477171875 0.335167525 0.5459598109375 0.3167751859375 0.4213922359375 0.3348800234375 0.4258906484375 0.34982282656249997 0.5464477171875 0.335167525
2 0.40940707187500003 0.3605241671875 0.415667853125 0.3752192828125 0.5458486375 0.36291310781249997 0.54663406875 0.362091109375 0.549839696875 0.3443820046875 0.40940707187500003 0.3605241671875
2 0.501483428125 0.43760191875 0.4970487890625 0.403914696875 0.41689943593749995 0.42236766406250004 0.42146011406249995 0.44628602500000003 0.501483428125 0.43760191875
2 0.4160216734375 0.40332323593749997 0.493623746875 0.3966093375 0.49441707968750004 0.3809228296875 0.41429652031249997 0.386793084375 0.4160216734375 0.40332323593749997
2 0.5576503953125 0.37862666875 0.510705265625 0.381630021875 0.5100869546875 0.394295584375 0.554836828125 0.3969922875 0.5576503953125 0.37862666875
2 0.4581241453125 0.70289789375 0.5291841765624999 0.698697053125 0.5275351421875001 0.68056415 0.4535417671875 0.687368884375 0.4581241453125 0.70289789375
2 0.45420193593749997 0.6579248343749999 0.45383130781250003 0.672352765625 0.506573740625 0.667936646875 0.5045098453125 0.65325128125 0.45420193593749997 0.6579248343749999
2 0.4416366046875 0.60051488125 0.44951496874999997 0.6160540250000001 0.5050335375 0.610048578125 0.5012883625 0.596199084375 0.4416366046875 0.60051488125
2 0.502238575 0.620025278125 0.45108349375 0.62721465625 0.4540672234375 0.644167509375 0.510429871875 0.635646671875 0.502238575 0.620025278125
2 0.3800169375 0.20046460625 0.37204411249999997 0.1501343984375 0.3045097875 0.16022373750000002 0.308081740625 0.2112371390625 0.3800169375 0.20046460625