2 0.7377677874999999 0.23400327187499997 0.7699474390625001 0.21599005 0.733647528125 0.1497410390625 0.6994135734375 0.17074110625 0.7377677874999999 0.23400327187499997
2 0.5823483 0.489985621875 0.63044876875 0.4652379890625 0.6071127640625 0.42294918125000003 0.5605283078125 0.445684996875 0.5823483 0.489985621875
2 0.6899578749999999 0.6283574515625 0.7050938265625 0.6208323890624999 0.6696313375 0.5562644421875 0.6513058593750001 0.5624374328124999 0.6899578749999999 0.6283574515625
2 0.7149845906250001 0.5930621640625 0.729543871875 0.581422628125 0.7019234812499999 0.5385352046875 0.6878821671875001 0.5453052625 0.7149845906250001 0.5930621640625
2 0.7380198859375 0.5478522296875 0.73150615 0.53137970625 0.71931005625 0.5384916 0.7295184359375 0.55564404375 0.7380198859375 0.5478522296875
2 0.1812818953125 0.741218571875 0.214425896875 0.7611434781249999 0.2309986125 0.7126462796874999 0.2003811671875 0.6953626374999999 0.1812818953125 0.741218571875
2 0.11938255 0.7103437609375 0.1354014453125 0.7194861484375 0.15692893125000001 0.6720913578125 0.14208833125 0.6603866109375 0.11938255 0.7103437609375
2 0.131286865625 0.903837253125 0.16726342968750002 0.9248646078125 0.176556471875 0.9013739078125 0.1514897515625 0.8809118203124999 0.131286865625 0.903837253125
2 0.21233985937500002 0.8999423890625 0.1929396390625 0.9329463859375 0.2327264734375 0.9468428031249999 0.24706490468750003 0.9208442640625 0.21233985937500002 0.8999423890625
2 0.336479625 0.8983846890624999 0.365795903125 0.8993594515625001 0.3666748421875 0.8458744265625 0.3313236921875 0.8418489296875 0.336479625 0.8983846890624999
2 0.846129625 0.3267009078125 0.8736205109374999 0.3135421671875 0.8505419390625001 0.268818840625 0.8270791203125001 0.2811116796875 0.846129625 0.3267009078125
2 0.9637795703125001 0.4342804046875 0.9773367484375 0.42847776406250004 0.955434121875 0.38358916875000004 0.9411353734375 0.39279374843750003 0.9637795703125001 0.4342804046875
2 1 0.551205528125 0.9646940578125 0.5561674562500001 0.978220109375 0.620222434375 1 0.6168462531250001 1 0.551205528125
2 0.73663375625 0.7890818328125 0.769409953125 0.7754816625000001 0.7445865359375 0.722609365625 0.706587928125 0.73814266875 0.73663375625 0.7890818328125
2 0.50633165 0.8142536625 0.532989890625 0.8045112390625 0.508296775 0.731234734375 0.48484481874999996 0.7393273734375 0.50633165 0.8142536625
2 0.75339266875 0.4011917109375 0.7295300828125 0.36737110156249997 0.6863103640625 0.3890344484375 0.7119076375 0.434602965625 0.75339266875 0.4011917109375
2 0.7804586046875001 0.9618122843749999 0.7859568921875 0.9224544140625 0.7709279390625 0.9185707453124999 0.757393259375 0.965465475 0.7804586046875001 0.9618122843749999