2 0.5125833625 0.7307629734375001 0.475199490625 0.8500933703125 0.5179309140624999 0.8577313921874999 0.5561896843749999 0.7458915765625 0.5125833625 0.7307629734375001
2 0.6861300906250001 0.5986926296874999 0.676504871875 0.6307995546875 0.726097225 0.65320409375 0.7343319953125 0.61536939375 0.6861300906250001 0.5986926296874999
2 0.691253 0.4887616078125 0.6939334046875001 0.52539570625 0.7293359234375 0.524514559375 0.73278393125 0.48668875468749995 0.691253 0.4887616078125
2 0.94403274375 0.1474360203125 0.9038368484375001 0.15568794531250002 0.9078931499999999 0.19084748125 0.9529488234375 0.1844280375 0.94403274375 0.1474360203125
2 0.2986171328125 0.602509190625 0.26602364375 0.590256653125 0.25277727968749997 0.6201873 0.28071444218749997 0.631386396875 0.2986171328125 0.602509190625
2 0.0928874796875 0.7652674140625 0.047704990625 0.7605524734375 0.0366793328125 0.8016290234375001 0.09479298124999999 0.8057765874999999 0.0928874796875 0.7652674140625
2 0.8820923546874999 0.8833209984374999 0.8649343437500001 0.9158773218749999 0.8997249578125001 0.92971096875 0.915416621875 0.8993658625000001 0.8820923546874999 0.8833209984374999
2 0.7776736796875 0.9201025390625001 0.761319959375 0.9046962484375 0.717032921875 0.9706279609375 0.72994791875 0.98237225625 0.7776736796875 0.9201025390625001
2 0.690985275 0.9659641000000001 0.6508730578125 0.9589184453125 0.64847645 0.9735652359375001 0.6907632671874999 0.979952246875 0.690985275 0.9659641000000001
2 0.02572044375 0.6691922453125 0.085190784375 0.664752071875 0.0774792015625 0.6106165625 0.028225899999999998 0.6171188109375 0.02572044375 0.6691922453125
2 0.21341505 0.6045974859375 0.2022384109375 0.6761358171875 0.23937685625 0.6854767953125 0.250025515625 0.608494475 0.21341505 0.6045974859375
2 0.180914309375 0.78647041875 0.173140103125 0.8644023125 0.21447617812500003 0.8736604828125 0.2134105203125 0.7946431921875 0.180914309375 0.78647041875