2 0.3199387265625 0.8409517671875 0.3028411625 0.8123926984375001 0.2729594609375 0.8259950125 0.2863445375 0.8596754359375 0.3199387265625 0.8409517671875
2 0.38186315312499997 0.93912885625 0.36042084375 0.903871715625 0.329729575 0.9224555921875 0.352154259375 0.956064871875 0.38186315312499997 0.93912885625
2 0.5236928671875 0.930933765625 0.50487366875 0.89428705 0.47106389687499994 0.9114752765624999 0.48553356875000003 0.951941728125 0.5236928671875 0.930933765625
2 0.5037382296875 0.88629383125 0.491385596875 0.8657016796875 0.4614979375 0.8723898125 0.46307008906249997 0.8993900437500001 0.5037382296875 0.88629383125
2 0.45523943593749994 0.820901865625 0.3916659046875 0.6990171078125 0.359091640625 0.711291234375 0.41909236875 0.830203928125 0.45523943593749994 0.820901865625
2 0.4733530015625 0.7558391078125 0.4880910515625 0.8068666296875 0.526911196875 0.7976873640625 0.5047543875 0.7433792140625 0.4733530015625 0.7558391078125
2 0.5666423265625 0.7014823 0.5523297078125 0.6553297875 0.5199151546875 0.6628200015625 0.538530353125 0.7129603062500001 0.5666423265625 0.7014823
2 0.7709752640625 0.8522738203125 0.8025125171875 0.869290271875 0.8161964546875 0.8362902515625 0.7868802374999999 0.8163176640625001 0.7709752640625 0.8522738203125
2 0 0.508796825 0.017537393749999998 0.497887715625 0.0002484734375 0.4590803484375 0 0.460908115625 0 0.508796825
2 0.7875225765625 0.5771596531250001 0.7741412296875 0.5744391046875 0.7662998671875 0.6282024875000001 0.779162865625 0.6299407921875 0.7875225765625 0.5771596531250001
2 0.647228084375 0.6439111453125 0.6083469640625 0.6353467921875 0.6000631984375 0.6713077281250001 0.6414969390625 0.6838816999999999 0.647228084375 0.6439111453125