2 0.5359375 0.04296875 0.04140625 0.0421875
2 0.8632578125 0.4732421875 0.812553125 0.4591125 0.7934328125000001 0.49979218750000004 0.8349968750000001 0.52634375 0.8632578125 0.4732421875
2 0.596425 0.6894984375 0.60224375 0.6391843749999999 0.55070625 0.6209296875 0.54239375 0.6541203125 0.596425 0.6894984375
2 0.2078140625 0.9323375 0.1866171875 0.9611124999999999 0.2198671875 0.9893218750000001 0.2398171875 0.9627703125 0.2078140625 0.9323375
2 0.0013859375 0.46353906250000004 0.0401765625 0.46215624999999994 0.0401765625 0.415109375 0.00415625 0.41372656250000006 0.0013859375 0.46353906250000004
2 0.9143796875 0.7084546875 0.954559375 0.723675 0.9684125 0.6489546875000001 0.9323921875 0.6434203125 0.9143796875 0.7084546875
2 0.940703125 0.5437937500000001 0.998753125 0.5562484375000001 0.998753125 0.4842953125 0.95594375 0.47737656250000005 0.940703125 0.5437937500000001
2 0.73843125 0.294728125 0.7439734375 0.2642859375 0.7065671874999999 0.2532171875 0.6968687499999999 0.28780937500000003 0.73843125 0.294728125
2 0.2921265625 0.6950125 0.3025171875 0.6643687500000001 0.2633296875 0.6495390624999999 0.25620468750000003 0.6815703125 0.2921265625 0.6950125
2 0.093515625 0.2758390625 0.09618750000000001 0.2662640625 0.002078125 0.24499374999999998 0 0.260415625 0.093515625 0.2758390625
2 0.2119703125 0.2458046875 0.2110796875 0.25982343750000003 0.2668921875 0.2621953125 0.2633296875 0.24736562499999998 0.2119703125 0.2458046875
2 0.21018750000000003 0.2653734375 0.21048593750000003 0.28414375000000003 0.22829843749999998 0.287109375 0.2306734375 0.268128125 0.21018750000000003 0.2653734375