2 0.41272944999999994 0.9009435218749999 0.37520939375 0.8926908296875 0.36707486718750004 0.9257894015625 0.40322531406250006 0.9343629203124999 0.41272944999999994 0.9009435218749999
2 0.25332434843749996 0.74160594375 0.221570403125 0.7237511578125 0.20488975625 0.7575943046875 0.23786192968750003 0.7733493859375 0.25332434843749996 0.74160594375
2 0.2359833375 0.6997459609375001 0.266510075 0.7152468078124999 0.284545459375 0.6608925171875 0.2545155984375 0.6444922375 0.2359833375 0.6997459609375001
2 0.01963864375 0.745091103125 0.0051185078125 0.7976025124999999 0.0218829234375 0.8056236546875001 0.0403227953125 0.758685309375 0.01963864375 0.745091103125
2 0 0.3731197046875 0.018053334375 0.3822791375 0.0347484953125 0.3374496890625 0.0111473640625 0.3265786796875 0 0.36415568125000003 0 0.3731197046875
2 0.222460271875 0.061005 0.21413470937499998 0.0938131109375 0.2442071984375 0.10486652031249999 0.2582838390625 0.074039590625 0.222460271875 0.061005
2 0.3040687515625 0.18191165 0.2729691046875 0.1676100484375 0.26172344999999997 0.1909661203125 0.29500445625 0.2064188890625 0.3040687515625 0.18191165
2 0.5242327796875 0.11749694687500001 0.4914987625 0.1115360765625 0.47655059218750007 0.164056521875 0.510410528125 0.1753423015625 0.5242327796875 0.11749694687500001
2 0.649035634375 0.197863890625 0.6945393234374999 0.1537192671875 0.6609209578125 0.125206334375 0.6235657703124999 0.166239521875 0.649035634375 0.197863890625
2 0.8641810796874999 0 0.8397399968749999 0.0232106015625 0.8665719749999999 0.05095123124999999 0.9067067109375 0 0.8641810796874999 0
2 0.717615196875 0.456176665625 0.6858612515625 0.4383218796875 0.6703553062500001 0.4617523140625 0.703849296875 0.4831397703125 0.717615196875 0.456176665625
2 0.692108384375 0.5243197015625001 0.6591463937500001 0.50529831875 0.637174565625 0.548735271875 0.67099386875 0.572197053125 0.692108384375 0.5243197015625001
2 0.6477208546875 0.6664300765625 0.6143947390625 0.660479540625 0.6122322140625001 0.6997107578125 0.644231553125 0.7044967703125 0.6477208546875 0.6664300765625
2 0.5975731953125 0.7504430703125 0.5576609015625 0.741044453125 0.549440140625 0.77206765 0.5903297375000001 0.7772923234375 0.5975731953125 0.7504430703125
2 0.5221126984375 0.8117381218749999 0.489939690625 0.8039859375 0.47954750468749996 0.8454392453124999 0.52103795 0.8521395953124999 0.5221126984375 0.8117381218749999
2 0.36538578906249997 0.329896871875 0.355655296875 0.3502588546875 0.3885965609375 0.3680929171875 0.39973803281250003 0.3506755078125 0.36538578906249997 0.329896871875
2 0.5010736703124999 0.6600822046875 0.4837177296875 0.6514775484374999 0.46886813437499997 0.684397971875 0.48129068906250005 0.6904164609375 0.5010736703124999 0.6600822046875