2 0.2371270203125 0.314224071875 0.33079970468750003 0.30796237031249996 0.3335124140625 0.2258618703125 0.23670260468749998 0.2306622359375 0.2371270203125 0.314224071875
2 0.2572972734375 0.349923771875 0.25827944999999997 0.40755085625 0.3318736703125 0.40339948750000004 0.3309815265625 0.34377391875 0.2572972734375 0.349923771875
2 0.5894260015625 0.3828984421875 0.4909390625 0.3916378828125 0.4988877890625 0.42466292812499995 0.593615625 0.41709471249999996 0.5894260015625 0.3828984421875
2 0.503598940625 0.2820376015625 0.5992913734374999 0.277951696875 0.5986416265625001 0.24338337031249999 0.5040074531250001 0.2461624328125 0.503598940625 0.2820376015625
2 0.6746802234375 0.0920656125 0.6724307109375001 0.184268346875 0.7322573015625 0.1797729515625 0.7289121578125 0.0911433421875 0.6746802234375 0.0920656125
2 0.6791096249999999 0.20805206250000002 0.6768341765625 0.2602461484375 0.7426898671875 0.2563111109375 0.740179109375 0.2040214828125 0.6791096249999999 0.20805206250000002
2 0.4647114796875 0.1051773375 0.49572766250000005 0.10490250781249999 0.486688215625 0.0700203625 0.4611728640625 0.0715096625 0.4647114796875 0.1051773375
2 0.158745478125 0.0683373671875 0.1589288578125 0.1098440140625 0.22015439374999998 0.1016178890625 0.22081132499999997 0.0681062671875 0.158745478125 0.0683373671875
2 0.102603625 0.198775028125 0.156525078125 0.194898715625 0.1563157 0.1304236515625 0.10214599531249999 0.131937971875 0.102603625 0.198775028125
2 0.2319311265625 0.11710139374999999 0.22953300625 0.1567677984375 0.2711162421875 0.1547868796875 0.2706239359375 0.116021290625 0.2319311265625 0.11710139374999999
2 0.23879228281249998 0.6339625015625 0.24071593125000001 0.6835062703125 0.314838421875 0.6787007843749999 0.3140673953125 0.6316030593749999 0.23879228281249998 0.6339625015625
2 0.565113046875 0.4583107671875 0.5001582078125 0.46231137499999997 0.5029459359375 0.5257566015624999 0.56454401875 0.5210750125 0.565113046875 0.4583107671875
2 0.8091849468750001 0.3663696453125 0.8086188296874999 0.4064405203125 0.8713356796875 0.40104275312500004 0.8706254234375 0.36588376562499997 0.8091849468750001 0.3663696453125
2 0.8240798703125 0.530821396875 0.8987945749999999 0.5259552390625 0.89578439375 0.491635003125 0.8227473562500001 0.5011025671875 0.8240798703125 0.530821396875
2 0.7057403171875001 0.9612900265625001 0.7023579828125001 0.9802317171875 0.747235784375 0.9755148703125001 0.7490934890625 0.9591230765625 0.7057403171875001 0.9612900265625001
2 0.5775718453125 0.8750774984374999 0.5733519625 0.9059313671875 0.6205902953125 0.9123129499999999 0.6217772125 0.8781486031249999 0.5775718453125 0.8750774984374999
2 0.6204588859375 0.967865384375 0.573717225 0.9662093328125 0.5718565109375 0.9939479734375001 0.6185058031249999 0.989044934375 0.6204588859375 0.967865384375
2 0.0258736515625 0.7723752375 0.055009282812500004 0.7740891234375 0.05417765 0.7150542140625 0.01960325 0.712716353125 0.0258736515625 0.7723752375
2 0.6042788328124999 0.6179381578124999 0.6062065125 0.6277733515625 0.6719077062500001 0.6280336953125001 0.671348871875 0.61137114375 0.6042788328124999 0.6179381578124999
2 0.608562190625 0.641665721875 0.611890459375 0.653451134375 0.6761003390625 0.65088311875 0.6729010546875 0.6374847609375001 0.608562190625 0.641665721875
2 0.41839950000000004 0.63019435625 0.3424220609375 0.6400872296875 0.3418151078125 0.6740743578124999 0.41892340156249996 0.663580296875 0.41839950000000004 0.63019435625
2 0.566469321875 0.6245971203125 0.563436459375 0.6752651421875 0.6003288625 0.668400921875 0.6023227421875 0.6192231015624999 0.566469321875 0.6245971203125
2 0.45385818906250003 0.64378580625 0.4555661609375 0.654355803125 0.5221983781249999 0.6521286390625 0.5223558859375 0.636586409375 0.45385818906250003 0.64378580625
2 0.3620722421875 0.49473540937499993 0.3694603140625 0.55650779375 0.409458409375 0.5564861109375 0.40312610937500004 0.49623828437500006 0.3620722421875 0.49473540937499993
2 0 0.4457865734375 0.017415739062499998 0.44481177812499995 0.0119813390625 0.410147746875 0 0.4114070359375 0 0.4457865734375
2 0.96972943125 0.41697791406249995 0.969660084375 0.47312084375 0.9982341312499999 0.46892354999999997 0.991901828125 0.408675725 0.96972943125 0.41697791406249995
2 0.9370549203125 0.19698506093749998 0.9379279374999999 0.2393728859375 0.9741466890625 0.23974685624999997 0.9691801171875 0.19249308125 0.9370549203125 0.19698506093749998