2 0.83974604375 0.1355492109375 0.8893548250000001 0.1574353671875 0.8966736546874999 0.11805231249999999 0.8441028062499999 0.10357908906249999 0.83974604375 0.1355492109375
2 0.832931325 0.1939607390625 0.8559389218750001 0.2116164296875 0.8737158578124999 0.1826443203125 0.8501797968749999 0.1662269 0.832931325 0.1939607390625
2 0.774379909375 0.2402085671875 0.8263560703125 0.26188603593750004 0.8415292750000001 0.233737740625 0.7950205218749999 0.2103899015625 0.774379909375 0.2402085671875
2 1 0.6154692515625 0.9584677515625 0.5930412656249999 0.94255750625 0.6224460781250001 1 0.65634713125 1 0.6154692515625
2 0.770122021875 0.7775964656250001 0.8154646171875 0.8052200265625 0.85005395625 0.7399083984375 0.8038427359375 0.713256428125 0.770122021875 0.7775964656250001
2 0.7173055171875 0.923475153125 0.7467175687500001 0.939378490625 0.7665063640625001 0.9090383296875 0.7357590890625 0.8890781140625 0.7173055171875 0.923475153125
2 0.2536065640625 0.6660329703125 0.2641083640625 0.677032975 0.2998986765625 0.5931428546874999 0.28598011562500003 0.5863127578125 0.2536065640625 0.6660329703125
2 0.2238543890625 0.639429496875 0.2367740359375 0.650815553125 0.2640543703125 0.581972821875 0.253047059375 0.577869684375 0.2238543890625 0.639429496875
2 0.2033105703125 0.6090418750000001 0.2172062046875 0.6179584703125001 0.2267128390625 0.5843457562500001 0.2160030625 0.5769384875 0.2033105703125 0.6090418750000001
2 0.3425961328125 0.5247377859375 0.35831284218750004 0.47270121875 0.3402012125 0.47011365625 0.3265917234375 0.518985775 0.3425961328125 0.5247377859375
2 0.0471068 0.200129584375 0.0862890671875 0.20504583125 0.092456940625 0.1329840484375 0.055199203125 0.12908989375 0.0471068 0.200129584375
2 0.25495868593750004 0.23856661250000002 0.2735598640625 0.239919309375 0.283866221875 0.1850779890625 0.2619287875 0.1819311125 0.25495868593750004 0.23856661250000002
2 0.10383188437499999 0.4055611453125 0.1549267640625 0.4171834109375 0.1631003828125 0.36819085 0.108595396875 0.36461516562499996 0.10383188437499999 0.4055611453125
2 0.08406748750000001 0.4931184703125 0.11966975937499999 0.4911957109375 0.11927972499999999 0.44980658125 0.08275928906249999 0.45091564375 0.08406748750000001 0.4931184703125
2 0.24308904999999997 0.470861634375 0.25484797187499997 0.47579304218749996 0.262170503125 0.44803358437499996 0.2463439375 0.44673457968749997 0.24308904999999997 0.470861634375
2 0.27875031093749997 0.48323814687500005 0.2841348078125 0.44939005625000006 0.2723550515625 0.4510150984375 0.267375884375 0.475889028125 0.27875031093749997 0.48323814687500005