2 0.783434971875 0.096559371875 0.8198432125 0.0908321296875 0.8141212484375 0.056276396875 0.7768097953125 0.059957353125 0.783434971875 0.096559371875
2 1 0.7814722390625 0.9741989609375 0.7772899234375 0.9633377812499999 0.84064506875 0.9991783859375 0.84592871875 1 0.8405903296874999 1 0.7814722390625
2 0.099493396875 1 0.099687253125 0.9890342437499999 0.0707023328125 0.9857478140625 0.0729596578125 1 0.099493396875 1
2 0.1478504 0.8040672593749999 0.182524675 0.8085004734375 0.18054138125000002 0.76876423125 0.146034165625 0.7675928015625 0.1478504 0.8040672593749999
2 0.07969414062499999 0.40898489375 0.11616028125 0.4056320765625 0.11205209218750001 0.37309938125 0.07709492343749999 0.376100884375 0.07969414062499999 0.40898489375
2 0.8342823859375 0.12152034062499999 0.7964395734374999 0.111552153125 0.7885378546874999 0.1575762671875 0.826284459375 0.1663564640625 0.8342823859375 0.12152034062499999
2 0.8702367375 0.4719806046875 0.9227946812500001 0.4615306203125 0.915889203125 0.400873728125 0.8595654796875 0.4046244953125 0.8702367375 0.4719806046875
2 0.1508287703125 0.9729896578125 0.151313465625 0.9287113937499999 0.12968815312499998 0.9291695109375 0.1348647671875 0.97532946875 0.1508287703125 0.9729896578125
2 0.0939929296875 0.9791331921875001 0.089254734375 0.9380063109375 0.07710958125 0.9381333749999999 0.0761642578125 0.9791601078125 0.0939929296875 0.9791331921875001
2 0.1463753859375 0.6597495734375001 0.1880698375 0.6609670750000001 0.1862730359375 0.6265713296875 0.1463615453125 0.6238047234375 0.1463753859375 0.6597495734375001
2 0.196319634375 0.2846030140625 0.188216309375 0.2501304421875 0.13730238125 0.26230535312500003 0.149146903125 0.2951620015625 0.196319634375 0.2846030140625
2 0.8863409437499999 0.6936176546875 0.888493709375 0.7565183421875 0.9385787546875 0.7613045640625 0.9315299921875001 0.6956042890624999 0.8863409437499999 0.6936176546875