2 0 0.4906018515625 0.00613503125 0.5026947296875 0.059544378125 0.484084109375 0.028806890624999998 0.442780609375 0 0.45524427031250003 0 0.4906018515625
2 0.0513936421875 0.5546044078125 0.0043530687499999995 0.5676205703125 0.006240312499999999 0.5855764984375 0.02032974375 0.6290804828125001 0.0719373953125 0.6060399140625 0.0513936421875 0.5546044078125
2 0.418502615625 0.6789856125 0.375691784375 0.7027393203125001 0.3922502359375 0.735860375 0.43628667343750005 0.7178216921875 0.418502615625 0.6789856125
2 0.5561606375 0.6949122812499999 0.46337105 0.7271450500000001 0.4760865984375 0.7631237171875 0.5677791453125 0.7268027703125 0.5561606375 0.6949122812499999
2 0.7478369234375 0.9284963703125 0.762696721875 0.947248715625 0.8191867796875 0.93211225 0.789492109375 0.8958415921875 0.7478369234375 0.9284963703125
2 0.566876821875 0.3426190015625 0.5852430046875 0.390509825 0.635324546875 0.37095003437499996 0.617446515625 0.3237339859375 0.566876821875 0.3426190015625
2 0.1771426296875 0.1590341296875 0.256198428125 0.12372776249999999 0.219156459375 0.0657778328125 0.1514986390625 0.09774056875 0.1771426296875 0.1590341296875
2 0.32739585781249997 0.10956317812500001 0.3127258328125 0.0846308234375 0.28413105 0.0972054796875 0.29659623281249997 0.1242265359375 0.32739585781249997 0.10956317812500001
2 0.2190120625 0.5905818453125 0.15628135468749998 0.6202861453125 0.164102428125 0.64029849375 0.2291993390625 0.6056605390625001 0.2190120625 0.5905818453125
2 0.20932229531250002 0.5360665515624999 0.21232040625 0.5518438046874999 0.244582103125 0.534601665625 0.2402686859375 0.5196508078125001 0.20932229531250002 0.5360665515624999
2 0.17350658593749999 0.5561034546875 0.17745769375 0.5685551125 0.2070458390625 0.5550995890625 0.20385695781250002 0.5386164078125 0.2068745484375 0.5361077265625 0.17350658593749999 0.5561034546875
2 0.1371476109375 0.56953075 0.1431277265625 0.582666509375 0.1690081875 0.571432228125 0.1662973109375 0.55328584375 0.1371476109375 0.56953075