2 0.1869588328125 0 0.1823953609375 0.0224781171875 0.25960790624999996 0.037217434375000004 0.2627201578125 0.00055194375 0.25976303125 0 0.1869588328125 0
2 0.1830221859375 0.027535040625 0.17652801093749998 0.0435546171875 0.2489598328125 0.0586363875 0.2562676203125 0.0441693328125 0.1830221859375 0.027535040625
2 0.5720650625 0.2545774390625 0.571269228125 0.2697628484375 0.60588950625 0.26801296093750004 0.607134353125 0.25560485625 0.5720650625 0.2545774390625
2 0.5733414046875 0.2813653234375 0.57049775625 0.2958582359375 0.6062434 0.295354890625 0.6082053984375 0.28060767656249996 0.5733414046875 0.2813653234375
2 0.57175856875 0.3115676265625 0.5681337328125 0.32959167968749997 0.6474961203125 0.3260293671875 0.6449909328125 0.305701646875 0.57175856875 0.3115676265625
2 0.40965559999999995 0.49101880624999994 0.43041937812500003 0.56056330625 0.45538180937500006 0.549992753125 0.43433091875 0.485926671875 0.40965559999999995 0.49101880624999994
2 0.4652657953125 0.6907873703125 0.4697131921875 0.7081501734375 0.5725945609374999 0.676120359375 0.5663097171875 0.65975338125 0.4652657953125 0.6907873703125
2 0.471226490625 0.7133693390625 0.4768144625 0.731688459375 0.5761335328125 0.699471953125 0.572816490625 0.6832605109375 0.471226490625 0.7133693390625
2 0.53606084375 0.7541778078125 0.5433882421875 0.7904187734375 0.5946574421874999 0.7776610749999999 0.5891176484375 0.74707766875 0.53606084375 0.7541778078125
2 0.503971659375 0.9291272140625001 0.51398633125 0.9765788734375 0.555447128125 0.9692480921875 0.5467440234375001 0.9194900390624999 0.503971659375 0.9291272140625001
2 0 0.6707068546875 0.0454815765625 0.6811653125 0.0526635859375 0.6690683609375 0 0.6558808843749999 0 0.6707068546875
2 0.0921689078125 0.24465426406250002 0.08283396093749999 0.2637669046875 0.1158927609375 0.2690621375 0.11623115937499999 0.2512601390625 0.0921689078125 0.24465426406250002
2 0.0400720484375 0 0.0296992484375 0.028138128125000002 0.056321007812500004 0.0313154453125 0.0650909984375 0.000292853125 0.0637553 0 0.0400720484375 0