2 0.4239965375 0.095028078125 0.462242675 0.0914094453125 0.45688218125 0.0570808875 0.41995634531250003 0.061184870312499993 0.4239965375 0.095028078125
2 0.25091418125 0.24398461718750003 0.2846073890625 0.23013275000000002 0.2731287765625 0.196741525 0.23848231250000002 0.20836087343749998 0.25091418125 0.24398461718750003
2 0.2944824625 0.257902346875 0.2622941875 0.269567378125 0.2739545765625 0.32666776249999996 0.305759290625 0.314049446875 0.2944824625 0.257902346875
2 0.0450759015625 0.1443048890625 0.0530882765625 0.1981944453125 0.07527496875 0.18722233125 0.0626928890625 0.138386603125 0.0450759015625 0.1443048890625
2 0 0.6105241921875 0.018406509374999998 0.6046387906249999 0.007299128125 0.5581088656250001 0 0.5607512765625 0 0.6105241921875
2 0.16676377656250002 0.86832101875 0.1710289796875 0.9018992125 0.20817403906249998 0.8933275765625 0.19795918125 0.8610149140625 0.16676377656250002 0.86832101875
2 0.2341532140625 0.8022442609375 0.26676397500000004 0.7918393546875 0.260753925 0.7664101296875 0.2258377703125 0.7776917828125 0.2341532140625 0.8022442609375
2 0.44422028593749996 0.88453233125 0.47743675625000004 0.882605165625 0.47076710781250003 0.8235064734374999 0.43578417031249994 0.8305816437500001 0.44422028593749996 0.88453233125
2 0.6508882515625001 0.8674079875 0.611103615625 0.8180469078125 0.581969559375 0.846331559375 0.6140456203125 0.89161134375 0.6508882515625001 0.8674079875
2 0.6769591968750001 0.58386916875 0.7106524046875 0.5700173015625001 0.7002750890625 0.541577534375 0.664424284375 0.5587236828125001 0.6769591968750001 0.58386916875
2 0.6586058453125 0.514136240625 0.6936402640625 0.4992736984375 0.6785179140625 0.44918000156250004 0.6420914234375 0.46834536875 0.6586058453125 0.514136240625
2 0.63309959375 0.3546578609375 0.6669024890624999 0.35281311249999997 0.6680783609375001 0.314604921875 0.635734271875 0.31545552187500003 0.63309959375 0.3546578609375
2 0.586607034375 0.2677793515625 0.6273672312499999 0.263314875 0.6234498671875001 0.23578299687499998 0.5822283265625 0.2359855375 0.586607034375 0.2677793515625
2 0.527061246875 0.197053884375 0.55993919375 0.1932803875 0.5637961578125 0.15304908125 0.521798409375 0.15464307500000002 0.527061246875 0.197053884375
2 0.338482365625 0.631033803125 0.345658825 0.652429859375 0.38228729375000003 0.635992590625 0.37335151718750004 0.617347203125 0.338482365625 0.631033803125
2 0.5022995640625 0.3476672328125 0.52057478125 0.341241871875 0.5046360734374999 0.3087227828125 0.491572646875 0.31318248125000003 0.5022995640625 0.3476672328125