2 0.1896333734375 0.505962453125 0.2536526375 0.5156176578125 0.2613142421875 0.482451028125 0.1994351921875 0.4748532359375 0.1896333734375 0.505962453125
2 0.1274414671875 0.593468234375 0.200746753125 0.6054600375 0.205151596875 0.5647134453125 0.1317654390625 0.5485211015625 0.1274414671875 0.593468234375
2 0 0.4853318015625 0.088433465625 0.5019131671875 0.1248908953125 0.3316637609375 0.0226009953125 0.317952078125 0.004790540625 0.430402859375 0 0.4694186875 0 0.4853318015625
2 0.658220084375 0.5628994578125 0.740447846875 0.5801758390625 0.7441289015625 0.54532404375 0.6650768328125001 0.5314286328125 0.658220084375 0.5628994578125
2 0.8045822312500001 0.6083943796875 0.8145891375 0.5707300453124999 0.742691575 0.5619021359375 0.7347405328125001 0.597426059375 0.8045822312500001 0.6083943796875
2 0.492928159375 0.7203210234374999 0.537499534375 0.7275899031249999 0.5897145218750001 0.6238991609375 0.512945840625 0.610882328125 0.492928159375 0.7203210234374999
2 0.5999048265625 0.9793876812500001 0.654422353125 0.9884760015625 0.6656615 0.9407886921875 0.6081869046875 0.9265516187499999 0.5999048265625 0.9793876812500001
2 0.9374108 0.9345235078125 0.8527461234375 0.9201251750000001 0.839791346875 0.95498906875 0.932091975 0.968105253125 0.9374108 0.9345235078125
2 0.734426353125 0.6633211328125 0.7267885234375 0.70116615625 0.7797570890625 0.7082665109375 0.7885234296875 0.6758337359375 0.734426353125 0.6633211328125
2 0.10337034687499999 0.8918242281250001 0.095242021875 0.928792 0.1504330390625 0.9421520515624999 0.1593355859375 0.9037507609375 0.10337034687499999 0.8918242281250001
2 0.2896302421875 0.7049336687500001 0.28562879375 0.7277788000000001 0.3372738015625 0.7359146375 0.3389887609375 0.712190553125 0.2896302421875 0.7049336687500001