2 0.099564596875 0.09536327343749999 0.0094653890625 0.3062966453125 0.006853364062500001 0.356137078125 0.0265985296875 0.36361309375 0.12920755625 0.10028670937499999 0.099564596875 0.09536327343749999
2 0.07707539687500001 0.35201143749999997 0.1677855125 0.135054840625 0.143946540625 0.1250056671875 0.056354148437499994 0.3426691859375 0.07707539687500001 0.35201143749999997
2 0.23561290000000001 0.680981184375 0.27540719375 0.674077234375 0.2614898203125 0.620376053125 0.2210728078125 0.629481078125 0.23561290000000001 0.680981184375
2 0.3076669828125 0.657547496875 0.3335709390625 0.6540458640625 0.3291705984375 0.6186721578125 0.3025590640625 0.6201834109375 0.3076669828125 0.657547496875
2 0.314021534375 0.7166561515625001 0.341005490625 0.7123823125000001 0.3332033203125 0.66312135625 0.3086019140625 0.669723015625 0.314021534375 0.7166561515625001
2 0.1670457671875 0.346778796875 0.21176883750000003 0.2381008125 0.1891009578125 0.2278645734375 0.14274450625 0.345217378125 0.1670457671875 0.346778796875
2 0.17322495625 0.3554185296875 0.190362284375 0.361120359375 0.23616665 0.25166838125 0.22088022812500002 0.24627612656250003 0.17322495625 0.3554185296875
2 0.2303389546875 0.199691675 0.2250355203125 0.21555885468749997 0.2453854828125 0.2225568875 0.2497671296875 0.2128456375 0.2303389546875 0.199691675
2 0.24329354374999998 0.234609084375 0.240018553125 0.23422764687500003 0.2220437375 0.2232481015625 0.21775680468749997 0.2341466546875 0.239157378125 0.2439824640625 0.24329354374999998 0.234609084375
2 0.1906014 0.1993728234375 0.18872396875 0.21409780625 0.20623437031249997 0.222145153125 0.210268071875 0.20827936875000003 0.1906014 0.1993728234375
2 0.6334811921875 0.7556302359375 0.6168670734374999 0.81777561875 0.63196643125 0.8219967796875001 0.6515095546875 0.7623932421874999 0.6334811921875 0.7556302359375
2 0.50160390625 0.739246171875 0.5078710328125 0.809189396875 0.5244802046875 0.8077610640625 0.5187519640625 0.7383336421875 0.50160390625 0.739246171875