2 0.6110512984375001 0.1381142171875 0.639818725 0.10971726562499999 0.6170319109375 0.0813656984375 0.58898546875 0.1099853828125 0.6110512984375001 0.1381142171875
2 0.5040584359375 0.1642835625 0.4696388890625 0.1279023984375 0.40944583124999995 0.180197953125 0.446896221875 0.2240249734375 0.5040584359375 0.1642835625
2 0.3952554890625 0.151541453125 0.3714068890625 0.125090975 0.343983028125 0.14827360625 0.363500678125 0.1748792046875 0.3952554890625 0.151541453125
2 0.3851584546875 0.029913401562500004 0.3716134015625 0.014101876562499999 0.34889533125 0.017700065625 0.3376628296875 0.0313232703125 0.3627766890625 0.05435558124999999 0.3851584546875 0.029913401562500004
2 1 0.9085113828125 0.9745380625 0.87484759375 0.9293306093749999 0.9106441562500001 0.9488918703125 0.935135075 1 0.9270403437500001 1 0.9085113828125
2 0.7450947171875 0.9674133734374999 0.7111527515625 0.9332770640625 0.6800051593750001 0.958939078125 0.7020713734374999 0.9742276015625 0.7450947171875 0.9674133734374999
2 0.584355434375 0.919738075 0.5598974796875 0.8957412953125001 0.5166492625 0.9331229953125 0.5439068328125 0.9595105453125001 0.584355434375 0.919738075
2 0.44665071718749993 0.55121960625 0.42809594687499997 0.5280949265625 0.365074921875 0.5705399359375 0.3857115015625 0.596430909375 0.44665071718749993 0.55121960625
2 0.934528228125 0.047276649999999996 0.9224331093749999 0.055236945312499994 0.93666486875 0.0883683171875 0.9407166734375 0.0863489515625 0.934528228125 0.047276649999999996
2 0.6752042203124999 0.3782394671875 0.660096753125 0.3604241578125 0.6160667281250001 0.4187837484375 0.6268211328125 0.430190846875 0.6752042203124999 0.3782394671875
2 0.534868075 0.49149934999999995 0.50933663125 0.4658243390625 0.48250465625 0.48894319062499997 0.5064055984375 0.5174761703125 0.534868075 0.49149934999999995
2 0.344015078125 0.49902137656249995 0.35228288124999996 0.4829283734375 0.3194927875 0.449359478125 0.3041954734375 0.46290770156249994 0.344015078125 0.49902137656249995
2 0.09148697812499999 0.200483896875 0.1402132578125 0.1192408671875 0.0947689375 0.10103353749999999 0.0428073546875 0.18052389687499998 0.09148697812499999 0.200483896875