2 1 0.3264477359375 0.9953385921875 0.2951198953125 0.9368456484375001 0.312111015625 0.9431908359375001 0.3454784 1 0.32855084218749997 1 0.3264477359375
2 0.1451352734375 0.579576690625 0.2284002171875 0.651697096875 0.26234633125 0.612106946875 0.181802928125 0.5428047765625 0.1451352734375 0.579576690625
2 0.34337611562500003 0.9710148359374999 0.3515107046875 0.9871472859375 0.38184877500000003 0.9903359453125 0.41108245156249995 0.9818965703125 0.39931680625 0.9415069546874999 0.34337611562500003 0.9710148359374999
2 0.040401384375 0.9435558281249999 0.061704668750000004 0.9566874437499999 0.08205494062499999 0.95882634375 0.09595520625000001 0.936211759375 0.06732529375 0.909384575 0.040401384375 0.9435558281249999
2 0.1475951796875 0.9149441359375 0.17160256093749998 0.8890357390625001 0.1318189875 0.86617075 0.114640415625 0.8977398140625 0.1475951796875 0.9149441359375
2 0.17498446406249998 0.933434334375 0.16495054375 0.952659021875 0.1965437953125 0.9684518687500001 0.20512098750000002 0.9533602 0.17498446406249998 0.933434334375
2 0.1641209484375 0.9207740624999999 0.20813267500000002 0.9395559718750001 0.22088967187500003 0.9231511140625001 0.1742273765625 0.8973953203124999 0.1641209484375 0.9207740624999999
2 0.2360498953125 0.054622478125 0.345265615625 0.06899949375 0.34830149375 0.0538095390625 0.243218790625 0.04088925 0.2360498953125 0.054622478125
2 0.33326849062499997 0.43875424531249996 0.288749009375 0.44906165312499996 0.3002970453125 0.50191811875 0.343406615625 0.4929722484375 0.33326849062499997 0.43875424531249996
2 0.8834647421874999 0.433116571875 0.941860990625 0.4216652328125 0.9338882796875 0.4021262390625 0.8795509234375001 0.41919145625 0.8834647421874999 0.433116571875
2 0.8856785031250001 0.465025690625 0.942811496875 0.446623121875 0.9347178734374999 0.43401119843749997 0.884632859375 0.445607609375 0.8856785031250001 0.465025690625
2 0.28656091875 0.7047717859375 0.3504360015625 0.617585784375 0.2907119359375 0.56902355625 0.229739375 0.66002955 0.28656091875 0.7047717859375
2 0.15343147343750002 0.5749426468750001 0.19629259375000002 0.5179179281249999 0.1340083984375 0.46293035781249997 0.082540325 0.5196516921875001 0.15343147343750002 0.5749426468750001
2 0.251265275 0.48146553281250004 0.256278678125 0.43239555625000003 0.1519708078125 0.420476440625 0.14990087968750002 0.47093081249999996 0.251265275 0.48146553281250004
2 0.1518447328125 0.053377704687500006 0.1428943734375 0.00479535 0.1259400703125 0.006595045312500001 0.133380646875 0.05662001875 0.1518447328125 0.053377704687500006