2 0.6052559468750001 0.792947790625 0.599047596875 0.7753647875 0.45250995156249996 0.822088175 0.456230790625 0.8408714421875001 0.6052559468750001 0.792947790625
2 0.59727936875 0.7717139734375 0.585993796875 0.7474270125 0.44591235781250005 0.7953112625000001 0.44834685625 0.8151724578125 0.59727936875 0.7717139734375
2 0.584462703125 0.7240703140625 0.4344794765625 0.7693017828125 0.44228900156249995 0.789038784375 0.5883385156250001 0.7410822234375 0.584462703125 0.7240703140625
2 0.58009105625 0.719520425 0.5766303796875001 0.6977813953124999 0.43305018906250003 0.7447635265625 0.43816059531249996 0.761289 0.58009105625 0.719520425
2 0.5781393203125 0.6941412437500001 0.56643209375 0.67128548125 0.4209725125 0.719293653125 0.42652099374999997 0.7376423703125 0.5781393203125 0.6941412437500001
2 0.5669255734374999 0.6690512390625 0.5642030359375 0.6490581859375 0.4093343296875 0.69564871875 0.42182403125 0.7163911984375 0.5669255734374999 0.6690512390625
2 0.55458888125 0.6465419328124999 0.545080640625 0.622377534375 0.408060015625 0.6693391015625 0.4139384 0.690693634375 0.55458888125 0.6465419328124999
2 0.5427146765625 0.6221705375 0.538071021875 0.6003280125 0.39888818125 0.6447179078125 0.40772713281249995 0.66633145625 0.5427146765625 0.6221705375
2 0.5399108015625 0.599718853125 0.530261496875 0.5805910109375 0.391515034375 0.6268055718750001 0.397270375 0.6427898812499999 0.5399108015625 0.599718853125
2 0.238136490625 0.9322704500000001 0.2232397 0.8061970484375 0.16372265625 0.8188532703125 0.17997111875 0.9465083062499999 0.238136490625 0.9322704500000001
2 0.097996234375 0.9092955546875 0.0874538046875 0.8526706234375 0.034028020312500004 0.8706232 0.039844051562499996 0.919958459375 0.097996234375 0.9092955546875
2 0.4907332125 0.9472269921875001 0.45613959375 0.8146637671875 0.4089921046875 0.8289982015625 0.4470223578125 0.9597493671875 0.4907332125 0.9472269921875001
2 0.745113446875 0.757859903125 0.8348699515625 0.743597175 0.816193171875 0.6437158703125 0.7364605296875 0.6557939234375 0.745113446875 0.757859903125
2 0.8507718375 0.9569637906249999 0.847650059375 0.9245386359375001 0.7938701499999999 0.93293178125 0.797044959375 0.964768696875 0.8507718375 0.9569637906249999
2 0.9365866578125001 0.9162412078125 0.9378689984375 0.8845527000000001 0.8930580390625 0.8892117718750001 0.8983692890625001 0.9170666109375001 0.9365866578125001 0.9162412078125