2 0.1771495890625 0.7750151828125 0.1487264109375 0.6700031359375 0.05928673125 0.6957586203125 0.082560021875 0.8048376578124999 0.1771495890625 0.7750151828125
2 0.839204678125 0.1309668578125 0.7825699640625 0.146607390625 0.8114329281250001 0.26053471875 0.86504906875 0.2478122640625 0.839204678125 0.1309668578125
2 1 0.2191048984375 0.9948036140625 0.1895054109375 0.939107765625 0.20427000781250002 0.9532510609375 0.25885328125 1 0.24613449062499998 1 0.2191048984375
2 0.9257013671875001 0.44365218124999994 0.93766133125 0.506214190625 0.9758268578125 0.4950035640625 0.9609017484375 0.432388234375 0.9257013671875001 0.44365218124999994
2 0.925504534375 0.285091784375 0.8706907109375001 0.2983871765625 0.8828475609374999 0.3496696515625 0.9333433093749999 0.3306574046875 0.925504534375 0.285091784375
2 0.7608767171874999 0.131975 0.70599033125 0.1494275703125 0.7268784921875 0.21036233750000002 0.7720574499999999 0.192444965625 0.7608767171874999 0.131975
2 0.7850429375 1 0.8229296453125 0.9953207140625 0.8004072890625 0.8921931875 0.7255773890625 0.9185006078125 0.7479892359375 1 0.7850429375 1
2 0.6927000984375 1 0.6704808437499999 0.92614801875 0.635360296875 0.9391948796875 0.6568700984375 1 0.6927000984375 1
2 0.628344925 0.6890640359375 0.5907316078125 0.7026596640625 0.6096641640625 0.7736571453125001 0.6428235328125 0.76651601875 0.628344925 0.6890640359375
2 0.7041652468749999 0.6618815796875 0.6879225 0.674664115625 0.7087484578125001 0.7391624015625 0.7234116140625 0.736746065625 0.7041652468749999 0.6618815796875
2 0.6760765078125 0.299740896875 0.661708028125 0.30721001875 0.6718353203125 0.3388603359375 0.6861504265625 0.3343594828125 0.6760765078125 0.299740896875
2 0.66444369375 0.1504838921875 0.6507605984375 0.1526188515625 0.6667072296875001 0.22475345781249997 0.67896991875 0.224670584375 0.66444369375 0.1504838921875
2 0.6492225875 0.30877360625 0.6343329578125 0.3120783125 0.6449798390625 0.34789301875 0.655572984375 0.34184259687499996 0.6492225875 0.30877360625
2 0.62425011875 0.311902315625 0.610556634375 0.314632496875 0.6182399046875 0.3503954734375 0.6305461796875 0.3485318375 0.62425011875 0.311902315625
2 0.6027950875 0.3174646578125 0.5896227265625 0.3243608203125 0.5953043765625 0.33871216406250004 0.6058613312500001 0.3356303140625 0.6027950875 0.3174646578125
2 0.97911938125 0.9861702078125001 0.9917831187499999 0.975108284375 0.9924152218750001 0.9388950515625 0.9643614859375 0.9479068187499999 0.97911938125 0.9861702078125001
2 0.1710731859375 0.983645596875 0.1727285703125 0.9943636203124999 0.23025730625000002 0.9953677875 0.22364221562500003 0.966451059375 0.1710731859375 0.983645596875
2 0.1140384203125 0.991854578125 0.1596961015625 0.9932453765625 0.1523904703125 0.9699580796875 0.10338709531250001 0.9878086953125 0.1140384203125 0.991854578125
2 0 0.6021120703125 0.012468490625 0.5910193265625 0.0042242375 0.553463475 0.000227009375 0.55398598125 0 0.5669913281250001 0 0.6021120703125
2 0.046477040625 0.376045740625 0.010111625 0.386101671875 0.013879068750000001 0.40724876875 0.050234171875 0.39867882187500003 0.046477040625 0.376045740625