2 0.45598740781249997 0.6685881734375 0.5278746359375 0.6538761328125 0.529530778125 0.618510846875 0.4560906625 0.62980869375 0.45598740781249997 0.6685881734375
2 0.4258363125 0.56916863125 0.49035706875 0.55821279375 0.48586031093750004 0.5211092625 0.41994012031250005 0.535791165625 0.4258363125 0.56916863125
2 0.3422911984375 0.5922639281250001 0.34588746718749996 0.62648014375 0.43499159218749994 0.6023276656250001 0.4275767640625 0.563021778125 0.3422911984375 0.5922639281250001
2 0.0062136421875 0.4677411375 0.012700334375 0.5010565359375 0.06604949375 0.491735215625 0.0610383484375 0.4554178875 0.0062136421875 0.4677411375
2 0.0259124203125 0.36546867031249997 0.0198421265625 0.40427829062500004 0.0564236984375 0.408672296875 0.061029345312500004 0.3701281640625 0.0259124203125 0.36546867031249997
2 0.3102678359375 0.2819017078125 0.33937067656250003 0.348626721875 0.3753965265625 0.3420531109375 0.355396490625 0.26821104375 0.3102678359375 0.2819017078125
2 0.577862103125 0.237672575 0.5800234359374999 0.29231788281250004 0.6234623578125 0.29093690156249996 0.62028499375 0.2379852 0.577862103125 0.237672575
2 0.7116178890625 0.49917067812499993 0.7096500375 0.53158519375 0.7714017734375 0.53119071875 0.7775646421875 0.5017822953125 0.7116178890625 0.49917067812499993
2 0.6157890687500001 0.5587466937500001 0.6167428421875 0.59622260625 0.65083281875 0.5939514781249999 0.6521799109375 0.5585008421875 0.6157890687500001 0.5587466937500001
2 0.7488286140625 0.6998397578125 0.7399299609375001 0.74014069375 0.853664103125 0.7515176875 0.857193775 0.714096865625 0.7488286140625 0.6998397578125
2 0.8055128249999999 0.46663713749999997 0.7979530984375 0.5026213421875 0.8553681359375 0.5035829171875 0.85725970625 0.4647773 0.8055128249999999 0.46663713749999997
2 0.9079347437499999 0.5095521609375 0.9069944546875 0.54603310625 0.9635076953124999 0.544094934375 0.9622915437499999 0.5098029515625 0.9079347437499999 0.5095521609375
2 0.771355753125 0.596075978125 0.764509096875 0.633179278125 0.7985958937500001 0.636558184375 0.8056961499999999 0.5990275984375 0.771355753125 0.596075978125
2 0.88991298125 0.6164198171875 0.8884146062499999 0.64759095 0.9388194890625 0.641498203125 0.9426253421874999 0.60670509375 0.88991298125 0.6164198171875
2 0.3885295578125 0.3732810921875 0.3903898375 0.39098047343750003 0.4659157546875 0.3711113953125 0.46094677500000003 0.3579163234375 0.3885295578125 0.3732810921875
2 0.20254596406249997 0.7793241421875 0.1963179203125 0.8336587390625001 0.2329342359375 0.8355431781249999 0.2360494921875 0.77997878125 0.20254596406249997 0.7793241421875
2 0.402682009375 0.8089870390625 0.40242530312499997 0.84062625625 0.4413095328125 0.8413673718749999 0.4392323375 0.8045484249999999 0.402682009375 0.8089870390625
2 0.5262038875 1 0.5272271421875 0.9998924515625 0.5179459609375 0.9513498031250001 0.483074203125 0.96038344375 0.49896242500000004 1 0.5262038875 1
2 0.6717243140625 0.6989962937499999 0.667704625 0.7346099984375 0.6955901421874999 0.73861555 0.699039253125 0.703283340625 0.6717243140625 0.6989962937499999
2 0.7617884593750001 0.09606975625 0.7604481625 0.1117190234375 0.787840553125 0.10819267031249999 0.7917474484375 0.09709694218750001 0.7617884593750001 0.09606975625
2 0.703113703125 0.0944833109375 0.787522253125 0.090978515625 0.7841387359375 0.075827315625 0.7072826890624999 0.077345840625 0.703113703125 0.0944833109375
2 0.239690971875 0.0364280203125 0.24040113437500002 0.0602106328125 0.278702978125 0.0525855421875 0.2731012296875 0.03052995 0.239690971875 0.0364280203125
2 0.180695740625 0.5543773937500001 0.2536988109375 0.5502818703125001 0.252086621875 0.5349429265625 0.1800459421875 0.54251470625 0.180695740625 0.5543773937500001
2 0.0029187859375 0.5420457171875 0.0045309734375 0.5573846625 0.029484456250000003 0.5528216296874999 0.030560090625 0.5403345390625 0.0029187859375 0.5420457171875
2 0.070418775 0.5957891453124999 0.1213225875 0.6029638015625001 0.1315898171875 0.5643085140624999 0.0792569203125 0.55489755 0.070418775 0.5957891453124999
2 0.0188538234375 0.6936574703125 0.044815025 0.69868225 0.046807884375 0.68356141875 0.0170557703125 0.6765501406250001 0.0188538234375 0.6936574703125
2 0.0220011421875 0.7088334984375 0.0221399375 0.724922753125 0.041787403125 0.7295192140625 0.042417695312499996 0.715635084375 0.0220011421875 0.7088334984375
2 0.22416168125000002 0.9565826 0.2205847484375 0.9736578437500001 0.29988407499999997 0.9698243703125 0.298533328125 0.954132725 0.22416168125000002 0.9565826
2 0.22274000156249998 0.9316807296875 0.21950408281249997 0.9463351921875001 0.2557923953125 0.942258759375 0.25142628125 0.92627916875 0.22274000156249998 0.9316807296875
2 0.5918693328125 0.5129492265625 0.6368726515625001 0.5094116578125 0.6340971890625 0.4262021921875 0.5864232796875 0.4270369203125 0.5918693328125 0.5129492265625