2 0.5657459453125 0 0.5538455953125 0.051246809375 0.5905293125 0.06351958125 0.6072537828125 0.0064164203125 0.583729753125 0 0.5657459453125 0
2 0.6981386625 0.0831943859375 0.6904989968749999 0.12120285312500001 0.7245940765625 0.128001775 0.733658659375 0.0905543171875 0.6981386625 0.0831943859375
2 0.8569500359375001 0 0.8385342984375 0.040542346875 0.8978401609375 0.072566528125 0.9002825718749999 0.0438105421875 0.8893593781250001 0 0.8569500359375001 0
2 0.938116628125 0.45477441562500004 0.9218440828125001 0.48759056718749993 0.9566128046875001 0.4994229109375 0.9681780265625 0.47236665625 0.938116628125 0.45477441562500004
2 0.9320552937500001 0.857099365625 0.9373731453125 0.8710716484375001 0.9655552875 0.8515005499999999 0.9545072234375 0.8368152265625 0.9320552937500001 0.857099365625
2 0.9451407703125 0.8728065234375 0.9550614281250001 0.888078903125 0.9816882734375 0.86736576875 0.9713806265624999 0.852801803125 0.9451407703125 0.8728065234375
2 0.6211468453125 0.8434404484375 0.698110428125 0.86769646875 0.7159301234375001 0.835718421875 0.6310890015624999 0.8097517140624999 0.6211468453125 0.8434404484375
2 0.5991677609375 0.7626371562500001 0.632110578125 0.7721710765625 0.6396077390625 0.733584603125 0.605224209375 0.7280830640625 0.5991677609375 0.7626371562500001
2 0.693571925 0.7048316515625 0.6740085 0.6974708234375 0.65424775 0.7648142703125 0.67426483125 0.77451130625 0.693571925 0.7048316515625
2 0.6774715359375 0.6745780234375001 0.6626530093749999 0.671541503125 0.644770565625 0.7194469046874999 0.6614772624999999 0.7305796265625 0.6774715359375 0.6745780234375001
2 0.5393508515625001 1 0.5908444796875 0.9918442109375001 0.596348034375 0.9769042703125 0.5521828390625 0.96405074375 0.53918748125 1 0.5393508515625001 1
2 0.247544565625 0.74750295625 0.2882561484375 0.75876985625 0.298912225 0.7221510578125 0.2615153765625 0.710363665625 0.247544565625 0.74750295625
2 0.146386171875 0.7831273328125 0.18667150625 0.7828738984375 0.191673953125 0.7442991109375 0.150718515625 0.7441060828125 0.146386171875 0.7831273328125
2 0.17529878906250002 0.0850483703125 0.13248382187500002 0.07761030625000001 0.11355446093749999 0.141442059375 0.1548406078125 0.1550134140625 0.17529878906250002 0.0850483703125
2 0.646296353125 0.559351965625 0.6336167671874999 0.6041243671875 0.6497280609375 0.6123459078125 0.664889371875 0.5611414375 0.646296353125 0.559351965625
2 0.6302553875 0.0217929515625 0.6165577578125 0.0943558875 0.6864743265625 0.1099693875 0.7082172 0.03999 0.6302553875 0.0217929515625
2 1 0.46230621093749996 0.9910592984375001 0.458706665625 0.9760719968749999 0.521188396875 1 0.5334330484375001 1 0.46230621093749996