2 0.209349721875 0.0105086203125 0.0421787015625 0.23131174062499998 0.0736555546875 0.2531381875 0.236921075 0.0224570921875 0.209349721875 0.0105086203125
2 0.2452421890625 0.050007473437500005 0.10759409375 0.24001493749999997 0.1254397390625 0.254092609375 0.265941928125 0.0655253125 0.2452421890625 0.050007473437500005
2 0.2394529875 0.5590995375000001 0.1980338296875 0.558156340625 0.19968301718749998 0.611644240625 0.239965465625 0.614572478125 0.2394529875 0.5590995375000001
2 0.30553556875 0.573819715625 0.27934890625 0.568848165625 0.27526590624999997 0.60633809375 0.3012475265625 0.609207209375 0.30553556875 0.573819715625
2 0.2986952671875 0.6179241859375 0.2732275421875 0.6183781296874999 0.2671320234375 0.665228275 0.294348375 0.667609396875 0.2986952671875 0.6179241859375
2 0.2641715046875 0.160734875 0.190801825 0.26338715625 0.2140034953125 0.270781203125 0.2836896828125 0.1761509078125 0.2641715046875 0.160734875
2 0.304080484375 0.195217825 0.2905526375 0.1862876265625 0.21790899531250002 0.28065917812499996 0.23315787187499998 0.2903375328125 0.304080484375 0.195217825
2 0.32006818593749997 0.1692013078125 0.32666904375 0.1608385375 0.31100019687499997 0.1433752046875 0.30201568125 0.15748804375 0.32006818593749997 0.1692013078125
2 0.3088417671875 0.1884837359375 0.31512269531250003 0.18038941718749998 0.312037265625 0.1792270171875 0.2972525703125 0.16422510937499998 0.29045637812499997 0.173762825 0.3088417671875 0.1884837359375
2 0.28217963749999997 0.15933029062499998 0.28944795624999997 0.1468522203125 0.2725201578125 0.13345243906249998 0.267136196875 0.1472858359375 0.28217963749999997 0.15933029062499998
2 0.55014839375 0.8443576671875 0.5835304031249999 0.7912525203125 0.5676736796874999 0.7803289484375 0.5365187406249999 0.8366090296875001 0.55014839375 0.8443576671875
2 0.44929889687499996 0.8045415406249999 0.46053682343749996 0.735790625 0.44367737656250006 0.732527559375 0.4328375453125 0.8019093249999999 0.44929889687499996 0.8045415406249999