2 0.6135832234375 0.42414159375000005 0.5831221546875 0.4288942234375 0.603261440625 0.5651104375 0.633974984375 0.5618273328125001 0.6135832234375 0.42414159375000005
2 0.793358278125 0.8435096109375 0.790194365625 0.793720903125 0.7440737203125 0.8049097218749999 0.7492189625 0.8569075906249999 0.793358278125 0.8435096109375
2 0.7761094046875 0.918926496875 0.7499628031250001 0.9256825953125001 0.7568494328125001 0.9781868671874999 0.781698265625 0.9760128765625 0.7761094046875 0.918926496875
2 0.7854081359375 0.9118547749999999 0.8006321906249999 0.9743563734375 0.831988975 0.971613009375 0.8233598625 0.9070443828125001 0.7854081359375 0.9118547749999999
2 0.9260179109375001 0.7311763499999999 0.9175512828124999 0.675295371875 0.88424096875 0.6829777921875 0.89229360625 0.7341268453125 0.9260179109375001 0.7311763499999999
2 0.906142653125 0.19053566718749998 0.8682407609375 0.19295762656249998 0.879034946875 0.2554891765625 0.913476490625 0.2471117703125 0.906142653125 0.19053566718749998
2 0.7572841640625 0.0167701125 0.7644449375 0.0795553109375 0.798835990625 0.0747599984375 0.793659221875 0.0193137046875 0.7572841640625 0.0167701125
2 0.2741714859375 0.5378763828124999 0.2584728234375 0.42660086250000007 0.24465843125000003 0.4254253921875 0.2584553140625 0.5422314609375001 0.2741714859375 0.5378763828124999
2 0.4180461140625 0.5264810203125 0.4075705046875 0.5273975171874999 0.41555954531249994 0.5934525875000001 0.42777540937499997 0.5899997625 0.4180461140625 0.5264810203125
2 0.10258371718749999 0.539179953125 0.08838483281250001 0.54042219375 0.10877699375000001 0.6304248890624999 0.1193917609375 0.608635584375 0.10258371718749999 0.539179953125
2 0.2726450296875 0.8270818109375 0.227760396875 0.8387553734375001 0.24376285000000003 0.8921905671875001 0.276326290625 0.88278386875 0.2726450296875 0.8270818109375
2 0.0784650765625 0.815459921875 0.07450836093749999 0.7770649171875 0.037442109375 0.7826918671875001 0.0400590390625 0.8194160328125 0.0784650765625 0.815459921875
2 0.474198596875 0.8291151875 0.47619399375000004 0.8503988281250001 0.5130324171875 0.84896236875 0.5101346265625 0.8158404515625 0.474198596875 0.8291151875
2 0.6309787296875 0.8410274781249999 0.6002428859375 0.8493802546874999 0.6075106781249999 0.8794393328125001 0.636449615625 0.8763099171875 0.6309787296875 0.8410274781249999
2 0.9764145671875 0.854747796875 0.9592941453125 0.8593905921875 0.9682120328125 0.8931794234374999 0.973857240625 0.891319271875 0.9764145671875 0.854747796875
2 0.5916661359375001 0.168877309375 0.6043890578125 0.25090871406250004 0.6697527015625 0.24161402812500002 0.6615375765625 0.1749827203125 0.5916661359375001 0.168877309375