2 0.3343043875 0.0643611609375 0.3336757515625 0.0792250296875 0.42322154375 0.0758770234375 0.424210046875 0.0580694453125 0.3343043875 0.0643611609375
2 0.25292104531250004 0.093812553125 0.2511137609375 0.108531703125 0.42843427187499994 0.1016182296875 0.43065493125 0.088404428125 0.25292104531250004 0.093812553125
2 0.3568430890625 0.1292840515625 0.353506734375 0.117467496875 0.353272734375 0.11450124531250001 0.1759394671875 0.1166337765625 0.17369859375000002 0.13488421875 0.3568430890625 0.1292840515625
2 0.540190546875 0.1171332265625 0.535850865625 0.101320865625 0.5355876234375 0.1010287953125 0.460932034375 0.1097911921875 0.4622882609375 0.12310571875000001 0.540190546875 0.1171332265625
2 0.47041630312500005 0.134860459375 0.4711108453125 0.14869195156249998 0.5487350890625 0.1498559546875 0.5465257515624999 0.1313093984375 0.47041630312500005 0.134860459375
2 0.48911268124999996 0.1628554578125 0.4888566703125 0.17955655937499998 0.5512919968750001 0.1728798046875 0.5479269953125 0.163745378125 0.48911268124999996 0.1628554578125
2 0.5093603328125 0.1928324078125 0.5170435796875 0.2033376890625 0.5607762640625 0.197949071875 0.555750390625 0.1901613359375 0.5093603328125 0.1928324078125
2 0.530258653125 0.21751009062499999 0.532432109375 0.23391285781249999 0.56799725 0.2317072796875 0.5685926703125 0.21467790937500003 0.530258653125 0.21751009062499999
2 0.5396312515624999 0.2581049109375 0.5409153078125 0.2720072109375 0.6280298921874999 0.2689589 0.62768828125 0.259573875 0.5396312515624999 0.2581049109375
2 0.5447733609375 0.2844340796875 0.545467903125 0.29826557187499997 0.63804369375 0.29947234218749996 0.6426579390625 0.2838164171875 0.5447733609375 0.2844340796875
2 0.5388016859375 0.31358138593749996 0.540964125 0.325201853125 0.5720425765625 0.325433275 0.574564753125 0.312199825 0.5388016859375 0.31358138593749996
2 0.41854173125000005 0.250407621875 0.4191639140625 0.26482843906250003 0.5263880734375 0.26364948906249996 0.51929845 0.250745546875 0.41854173125000005 0.250407621875
2 0.4171995328125 0.27594219375 0.41973615000000003 0.2894000796875 0.518203440625 0.2913318109375 0.5172554765624999 0.2746922546875 0.4171995328125 0.27594219375
2 0.44738387343749997 0.302956475 0.4480786046875 0.316786415625 0.5214218421875 0.313840246875 0.5219591578125 0.30215613750000003 0.44738387343749997 0.302956475
2 0.394907375 0.18953609375 0.388976371875 0.2037489140625 0.4300735265625 0.2052089046875 0.43155815625000005 0.19068155 0.394907375 0.18953609375
2 0.3213801078125 0.20859713906250002 0.31928376406250003 0.22567048281250002 0.38239178906250004 0.22325906718750002 0.3819966171875 0.20700223125 0.3213801078125 0.20859713906250002
2 0.3224079640625 0.239202090625 0.32449804375 0.2514118796875 0.3663290515625 0.2517671328125 0.3667091078125 0.2364917765625 0.3224079640625 0.239202090625
2 0.3487610359375 0.297419540625 0.341503753125 0.31266435625 0.38039915468749996 0.31744011250000004 0.386105353125 0.3002117921875 0.3487610359375 0.297419540625
2 0.3509659890625 0.328169021875 0.3455504 0.34304333593749997 0.384953490625 0.3436971125 0.3913364453125 0.328239465625 0.3509659890625 0.328169021875
2 0.3694344625 0.35314813906250003 0.36578858593749997 0.36823817187499996 0.40262695624999995 0.37515104374999997 0.4067787796875 0.3559403921875 0.3694344625 0.35314813906250003
2 0.363547521875 0.3864901671875 0.364157328125 0.3961269390625 0.39104008125 0.3964382546875 0.3930216265625 0.387595078125 0.363547521875 0.3864901671875