2 0.104195228125 0.137245703125 0.103865178125 0.171171803125 0.16593406875 0.1648453515625 0.169377465625 0.1296186125 0.104195228125 0.137245703125
2 0.27813001718749997 0.054434306249999995 0.2803388421875 0.11282483750000001 0.3061996265625 0.11338428281249999 0.3062600546875 0.054075240625 0.27813001718749997 0.054434306249999995
2 0.370487240625 0.1761732328125 0.375402025 0.21327687968750003 0.43418900625 0.2092072703125 0.43285618125 0.1698598375 0.370487240625 0.1761732328125
2 0.2432677546875 0.23088149375000003 0.2477196078125 0.2689574671875 0.280821475 0.2613121109375 0.2742607125 0.23168372656249997 0.2432677546875 0.23088149375000003
2 0.4393303484375 0.5145760625 0.4392410953125 0.5523261765624999 0.49089 0.548661753125 0.49516905156249996 0.5151147468749999 0.4393303484375 0.5145760625
2 0.6102720296874999 0.084086709375 0.604606134375 0.1205646265625 0.64036961875 0.1233251125 0.6474336640625 0.083996746875 0.6102720296874999 0.084086709375
2 0.6711918296875 0.12079051249999999 0.7114840671875 0.125910871875 0.7179599234375 0.0866635921875 0.6821138078125 0.0833151328125 0.6711918296875 0.12079051249999999
2 0.7488680109375 0.536964628125 0.7296519499999999 0.5666197765625001 0.7540488 0.582360390625 0.7715831453125 0.553538021875 0.7488680109375 0.536964628125
2 0.4916655859375 0.9999306859375 0.4930986828125 0.99101556875 0.4380987328125 0.9921561828125001 0.43716086875000004 0.998979303125 0.4916655859375 0.9999306859375
2 0.0282699171875 0.28602285156249996 0.028674482812500002 0.327297921875 0.05772414218750001 0.3292047984375 0.065301946875 0.285010703125 0.0282699171875 0.28602285156249996
2 0.21157995624999998 0.56215930625 0.21187817187500002 0.5770912421875 0.27140975156249997 0.5783085203125 0.2710375421875 0.5585950328125 0.21157995624999998 0.56215930625