2 0.6671807578125 0.1624811953125 0.5736257625000001 0.187831653125 0.6015761515625 0.26507559375 0.6925991421875 0.2420843734375 0.6671807578125 0.1624811953125
2 0.61246960625 0.2991905875 0.6300464406249999 0.356173559375 0.7013215484375 0.33737988125 0.6844479046874999 0.2822697578125 0.61246960625 0.2991905875
2 0.38534710781250003 0.45008120625 0.4777773390625 0.42800649531249996 0.47513172812500004 0.3941415171875 0.3787644484375 0.41626395625 0.38534710781250003 0.45008120625
2 0.4177485640625 0.2598244984375 0.3268873375 0.2864250203125 0.33695159218750004 0.31950223437499997 0.42922311718749995 0.29381757343750003 0.4177485640625 0.2598244984375
2 0.15594794375 0.1818919578125 0.18015457968749998 0.2672174328125 0.23844220156249998 0.2530053734375 0.20781057656250002 0.1660105 0.15594794375 0.1818919578125
2 0.1801137015625 0.2927271296875 0.1938842109375 0.3432333875 0.25773269062500004 0.32662530312500004 0.23943975 0.2776889296875 0.1801137015625 0.2927271296875
2 0.4045160046875 0.0804832296875 0.37978924375 0.0869514953125 0.3819713953125 0.12291973125 0.411554465625 0.11359658125000001 0.4045160046875 0.0804832296875
2 0.6413214640625 0 0.63206170625 0.00297060625 0.6430421453124999 0.03463905 0.7038131015625 0.0235428296875 0.696278403125 0 0.6413214640625 0
2 0.7646442234374999 0.0270085609375 0.7126578203125 0.042307715625 0.73238258125 0.103691846875 0.7848627765625 0.09071579375 0.7646442234374999 0.0270085609375
2 0.5994936531249999 0.06393344375 0.6110046687499999 0.1009538421875 0.6511648140624999 0.08998788125 0.6366264734375 0.053003948437500004 0.5994936531249999 0.06393344375
2 0.7174999984375 0.5677056125 0.7313207046875 0.6127364703125 0.8033003593749999 0.59440165 0.7898199906250001 0.5466882875 0.7174999984375 0.5677056125
2 0.445127528125 0.539988728125 0.5051574765625 0.5254063265625 0.4882031109375 0.4642048765625 0.42519113124999997 0.48047222187500005 0.445127528125 0.539988728125
2 0.1060700796875 0.4869774359375 0.1162593109375 0.5206351015624999 0.17757457968749998 0.5063881109375 0.164653590625 0.46845338124999997 0.1060700796875 0.4869774359375
2 0.1933897359375 0.6007830234375 0.1210017484375 0.61434851875 0.12874443124999999 0.6479192 0.2013060640625 0.629459078125 0.1933897359375 0.6007830234375
2 0.5010373312499999 0.8972719218749999 0.512723521875 0.9293973687499999 0.5556778296875 0.9087306734375 0.5421301125 0.8806909171875 0.5010373312499999 0.8972719218749999
2 0.5465549828125 1 0.584298715625 0.9919773218750001 0.573957359375 0.9661712984375 0.5300151453125 0.9821902640625 0.537673684375 1 0.5465549828125 1
2 0.371453115625 0.6588699640625 0.37607064375 0.6748896828125 0.43847574062500005 0.654339296875 0.4372698328125 0.6443897859375001 0.371453115625 0.6588699640625
2 0.37804645312499996 0.6841851421875 0.3791440734375 0.6979163703125 0.4410048578125 0.680516753125 0.44052833593749996 0.66827966875 0.37804645312499996 0.6841851421875
2 0.62765751875 0.6305200609375 0.7042347062500001 0.6166727328125 0.693154859375 0.5845366125 0.61783895625 0.5986062484375 0.62765751875 0.6305200609375
2 0.4395272546875 0.6450073749999999 0.4566203265625 0.6911621171875 0.4938282515625 0.68629 0.47528654687499994 0.639039053125 0.4395272546875 0.6450073749999999
2 0.5209458125 0.6368097421875001 0.5258984234375 0.6515426093750001 0.5899576578125 0.63307028125 0.588315728125 0.6224898249999999 0.5209458125 0.6368097421875001
2 0.5909701125 0.46648671718749996 0.6035653375 0.52574259375 0.6416124875 0.513403125 0.62955024375 0.45237105624999996 0.5909701125 0.46648671718749996
2 0.9572753593750001 0.25929525625 0.936367453125 0.26373936875 0.9419108078124999 0.2983861421875 0.96547536875 0.2921617140625 0.9572753593750001 0.25929525625
2 0.0039528078125 0.5651514765625001 0.01654803125 0.624407353125 0.0450206 0.6195693515625 0.027605528125 0.56619568125 0.0039528078125 0.5651514765625001