2 0.28037171562499996 0.1524355515625 0.3037658109375 0.18506675781249998 0.3546485953125 0.161478084375 0.3310620484375 0.13021623437500002 0.28037171562499996 0.1524355515625
2 0.7136040046875001 0.02636385 0.6713291234375001 0.028526368749999996 0.6982627828125 0.065847390625 0.723871640625 0.0428974828125 0.7136040046875001 0.02636385
2 0.48955600156249995 0.2069870828125 0.52298679375 0.2577951484375 0.5456840609375 0.24561514999999998 0.52067775625 0.194591509375 0.48955600156249995 0.2069870828125
2 0.79752175625 0.11612745312499999 0.82503341875 0.14933576875000001 0.856515428125 0.124418475 0.8370202578124999 0.0839505015625 0.79752175625 0.11612745312499999
2 0.9373643968750001 0.09665655 0.8988166265625 0.052393785937500006 0.852233275 0.0553487703125 0.9103830875 0.11941357187499999 0.9373643968750001 0.09665655
2 0.9137285296875 0.20511792343750002 0.9516127171875001 0.2341968140625 0.9728886796875 0.20225481093750003 0.9426600734375 0.1784426265625 0.9137285296875 0.20511792343750002
2 0.9347118562500001 0.45399150781250003 0.9665315515625 0.486410453125 0.9975569265625 0.43487840625 0.9736094718749999 0.41614292031250005 0.9347118562500001 0.45399150781250003
2 0.89102569375 0.5358819593749999 0.9153842421875 0.5616619640625 0.9350968500000001 0.5308966484375001 0.9085969468749999 0.5104060375 0.89102569375 0.5358819593749999
2 0.89227541875 0.7260897890625 0.9265009984375 0.7015564999999999 0.8933330609375 0.678730778125 0.867339084375 0.70442094375 0.89227541875 0.7260897890625
2 0.6821753187499999 0.697960125 0.6489339765625 0.725426121875 0.7033057953124999 0.7666033265625 0.728891775 0.733869075 0.6821753187499999 0.697960125
2 0.7927962546875 0.6673956328124999 0.7431422296875 0.632471815625 0.7238149578125 0.6604953265625 0.7689678437499999 0.6975825109375 0.7927962546875 0.6673956328124999
2 0.3121596203125 0.6529445546875 0.274033909375 0.6056674453124999 0.24430792031249998 0.6280371515625001 0.278510278125 0.673366465625 0.3121596203125 0.6529445546875
2 0.8946827531249999 0.589493921875 0.9268862390624999 0.61917084375 0.9456390390625 0.5952573812499999 0.9208938265625 0.5722174124999999 0.8946827531249999 0.589493921875
2 0.7996590859375 0.4941349046875 0.85386365625 0.5478751578125001 0.8654090906249999 0.5297303875 0.8113809515625 0.48965549218750004 0.7996590859375 0.4941349046875
2 0.816657971875 0.5097021921875 0.8024341125 0.495720925 0.7684021875 0.520290896875 0.784390178125 0.5345185203125 0.816657971875 0.5097021921875