2 0.0494103890625 0.5982258593750001 0.10959929531249998 0.575286734375 0.0909101140625 0.5418744890625 0.0299917125 0.5660214484375 0.0494103890625 0.5982258593750001
2 0.0432118140625 0.49235651562499994 0.048476412499999996 0.5194038734374999 0.094093859375 0.5084631859375001 0.0964832265625 0.485116478125 0.0432118140625 0.49235651562499994
2 0.7924778703124999 0.8587442890625001 0.815270571875 0.7982907390625 0.7742164734375 0.787492796875 0.7553203125 0.842639171875 0.7924778703124999 0.8587442890625001
2 0.9123349656249999 0.2472932625 0.8691664578125 0.30690173125000003 0.9669699312500001 0.35155775624999996 0.9963598015624999 0.2956074078125 0.9123349656249999 0.2472932625
2 0.1331271453125 0.4207137203125 0.20122502031249997 0.40561296718750006 0.20371710781250002 0.3852967546875 0.1266478296875 0.40541684843750003 0.1331271453125 0.4207137203125
2 0.4760794203125 0.9029930796875 0.47989919218750005 0.9392777890625 0.5233573890625001 0.9404334171875 0.519267440625 0.9017898421874999 0.4760794203125 0.9029930796875
2 0.5949855875 0.91920148125 0.6794165875 0.91886081875 0.67937598125 0.8846246609374999 0.5986388734375 0.8816076578125 0.5949855875 0.91920148125
2 0.6645144734375 0.8352856328125 0.69983630625 0.8369617968749999 0.6967682203125001 0.8033975578125 0.6614448703125 0.801721015625 0.6645144734375 0.8352856328125
2 0.615259621875 0.4422464234375 0.5762334640625 0.43822152187499996 0.5678851578125 0.48890425156250006 0.6106063453125 0.48957338124999994 0.615259621875 0.4422464234375
2 0.5676001453125 0.5301881734375 0.6540612921875 0.5389109984375 0.6593953984375001 0.5003111031249999 0.5736126078125 0.4946093125 0.5676001453125 0.5301881734375
2 0.8141578968750001 0.4034251765625 0.782818221875 0.3952006828125 0.7778532890625 0.4237169234375 0.8118883390624999 0.43464891093749997 0.8141578968750001 0.4034251765625