2 0.10628614218750002 0.8274151046875 0.1322889015625 0.850055478125 0.1575054328125 0.8229272734374999 0.1284746546875 0.7967245234375 0.10628614218750002 0.8274151046875
2 0.2703157703125 0.6498748812499999 0.300066234375 0.673612334375 0.32510030625 0.6220270359375 0.2951047 0.603685390625 0.2703157703125 0.6498748812499999
2 0.19705148125 0.5321993843749999 0.2262565828125 0.55659275 0.24056087499999998 0.5335965687499999 0.21274123125000002 0.5132367296875 0.19705148125 0.5321993843749999
2 0.16881658593749999 0.4339704390625 0.2345072125 0.48169502656249996 0.250336296875 0.45615050156250003 0.18136249843750002 0.407877028125 0.16881658593749999 0.4339704390625
2 0.20853685312499998 0.41994483125000004 0.24200578125 0.445084090625 0.263464940625 0.39924771406250004 0.23574084062499998 0.3741016703125 0.20853685312499998 0.41994483125000004
2 0.2486407390625 0.37752042812500003 0.27709505624999997 0.3243800328125 0.24402144531249997 0.30516943125 0.216281753125 0.3594287546875 0.2486407390625 0.37752042812500003
2 0.060888659375 0.142326196875 0.0934777046875 0.16875040624999998 0.1132721109375 0.135027840625 0.08492403281250001 0.11532056406249999 0.060888659375 0.142326196875
2 0.5866589734375001 0.0810937328125 0.5543137859375 0.064194653125 0.5199497671875 0.129301140625 0.55467074375 0.14714455937499998 0.5866589734375001 0.0810937328125
2 0.5514977187500001 0.1555362640625 0.5201674890625 0.1370379546875 0.5046806484374999 0.16015842656249998 0.5382509343749999 0.1840945640625 0.5514977187500001 0.1555362640625
2 0.6011688515625 0.30435005937500004 0.6333481734374999 0.32753371875 0.669544128125 0.2741766671875 0.635104884375 0.253318534375 0.6011688515625 0.30435005937500004
2 0.718727228125 0.2534847796875 0.7529626640625 0.2660060453125 0.7657026078125 0.24018918125000002 0.728369834375 0.22023219218749998 0.718727228125 0.2534847796875
2 0.9352869984375 0.552222134375 0.918716503125 0.5482904984375 0.90260189375 0.61088030625 0.9220007000000001 0.6136191453125 0.9352869984375 0.552222134375
2 0.496303490625 0.9156791500000001 0.5861454937499999 0.979371390625 0.6330861375 0.9102580218749999 0.6034950015625 0.890084375 0.585209940625 0.9206631984375001 0.521240071875 0.8802220796875 0.496303490625 0.9156791500000001
2 0.47681640625000005 0.554138671875 0.4983961953125 0.5208254765625 0.463146784375 0.5036346218750001 0.44243767187499994 0.5338712015625 0.47681640625000005 0.554138671875
2 0.437590371875 0.5884126046875 0.39595701875 0.56323435625 0.37891673593749997 0.594280940625 0.4226509921875 0.6183412703125 0.437590371875 0.5884126046875
2 0.57328226875 0.362802396875 0.5163631234375 0.36788930937500003 0.5198035984375 0.417678996875 0.58123241875 0.41122256718749994 0.57328226875 0.362802396875