2 0.6660485234375 0.0985171671875 0.6966939234375 0.09194905 0.690149775 0.0536411859375 0.655853875 0.0578276671875 0.6660485234375 0.0985171671875
2 0.7553236578125 0.279177415625 0.73784771875 0.215092078125 0.7014155109375 0.2327666796875 0.7197926812500001 0.28737633749999997 0.7553236578125 0.279177415625
2 0.7528738109375 0.40894020781249996 0.76326815 0.44515270156250003 0.8172112968749999 0.43445961874999994 0.8128242999999999 0.397694134375 0.7528738109375 0.40894020781249996
2 0.839342428125 0.5624031375 0.849084040625 0.6048243359375001 0.9004987468750001 0.594933090625 0.8931532499999999 0.5540937015625 0.839342428125 0.5624031375
2 0.958470059375 0.6005079390625 0.921488090625 0.6123845296875 0.9338344875000001 0.6422951171875 0.9654801671875 0.635883846875 0.958470059375 0.6005079390625
2 0.9314922062500001 0.6572534921875001 0.9110932046875 0.6645411703125 0.92331835625 0.6935292468750001 0.9419521906250001 0.682054509375 0.9314922062500001 0.6572534921875001
2 0.9017488609375001 0.6687736906249999 0.8889451171875 0.6754608859375 0.8957400734375 0.70839969375 0.913165371875 0.704545346875 0.9017488609375001 0.6687736906249999
2 0.9076414921874999 0.807671184375 0.9423496109375 0.9033410843749999 0.9565607046875 0.8136157734375 0.9436581296875 0.7908324906249999 0.9076414921874999 0.807671184375
2 0.6962264171875 0.6813084703125 0.6615697171875 0.6815303234375001 0.6728796390625 0.74283560625 0.704059115625 0.7393578328125 0.6962264171875 0.6813084703125
2 0.6815816203125 0.8647446734375 0.6456276453124999 0.873177175 0.6633837781249999 0.9355034359375001 0.6979000421875 0.9223345890625 0.6815816203125 0.8647446734375
2 0.407450125 0.795777584375 0.42426904062500004 0.8260959765625 0.46604401875 0.7936360734375 0.4482392875 0.7619608265625 0.407450125 0.795777584375
2 0.1705857625 0.83520930625 0.143371578125 0.8056506515624999 0.0852063890625 0.8661733093749999 0.11251238125 0.8909372937500001 0.1705857625 0.83520930625
2 0.3694046640625 0.4368744578125 0.40164770625 0.39749606875 0.35739482031250003 0.3610306921875 0.3239997515625 0.4050358296875 0.3694046640625 0.4368744578125
2 0.2462884875 0.42879664375 0.22229461874999998 0.45565509843749996 0.2384123140625 0.471433215625 0.23014612968749998 0.4743320390625 0.257173471875 0.5008553421874999 0.2873246359375 0.4659548421875 0.2462884875 0.42879664375
2 0.89338939375 0.721553284375 0.8633375734375001 0.7423424703125 0.8787343468750001 0.7778443921875 0.9122650406249999 0.7633171453125 0.89338939375 0.721553284375
2 0.3063519890625 0.5164594203124999 0.2794232296875 0.5323328875 0.29456985156250004 0.5680957656250001 0.3259725359375 0.5556376609375 0.3063519890625 0.5164594203124999
2 0.21489944374999997 0.5473632546875 0.20586808906249998 0.5366149859375 0.16495014531250002 0.5788258828124999 0.172622890625 0.587254940625 0.21489944374999997 0.5473632546875
2 0.2248859640625 0.5525502890625 0.18569798906249999 0.5881235296875 0.193827903125 0.60504269375 0.233789909375 0.5650818328125 0.2248859640625 0.5525502890625
2 0 0.8454089359375001 0.008949090625 0.8546949093749999 0.035085689062499995 0.8299792828125 0.0052419640625 0.7963972453125 0 0.802067625 0 0.8454089359375001
2 0.2343961203125 0.6460342609375 0.250379515625 0.6650974390625 0.2856752296875 0.6394262875 0.266941425 0.6136169812500001 0.2343961203125 0.6460342609375
2 0.3279596484375 0.49313050937499997 0.352728871875 0.5232036453125 0.36926824062499997 0.5059852359375 0.341226184375 0.4744920078125 0.3279596484375 0.49313050937499997
2 0.15707263437500002 0.37228508437499996 0.1884981328125 0.3998055625 0.21287695625 0.3748115328125 0.18455495156249999 0.3450758375 0.15707263437500002 0.37228508437499996
2 0.24084931406250001 0.323333278125 0.2066086515625 0.292661740625 0.1821828921875 0.3410948140625 0.2099839828125 0.366538365625 0.24084931406250001 0.323333278125
2 0.17215153125 0.40443032968750003 0.1431431046875 0.38630994375 0.1252464921875 0.4048162640625 0.1546180515625 0.43171085624999994 0.17215153125 0.40443032968750003