2 0.41443658437500003 0.47143652343750003 0.41503957031249994 0.4375008578125 0.3797893921875 0.44412749218750003 0.37822166562500004 0.4727785171875 0.41443658437500003 0.47143652343750003
2 0.2812829171875 0.50795286875 0.2825711796875 0.47530535 0.217637646875 0.4744938453125 0.217585546875 0.5077957890625 0.2812829171875 0.50795286875
2 0 0.49958571406249996 0.001588765625 0.522306121875 0.068613175 0.5223762187500001 0.06823611093750001 0.46591341875000003 0 0.46665899218750007 0 0.49958571406249996
2 0.31215157968749996 0.847254225 0.2653595890625 0.850526240625 0.26782926875 0.8943560421875001 0.3093319421875 0.8920490937500001 0.31215157968749996 0.847254225
2 0.24822420156249997 0.8523196640625 0.1669544546875 0.8562185640625 0.1662143265625 0.8967047515625 0.249770559375 0.8914571312499999 0.24822420156249997 0.8523196640625
2 0.160336809375 0.9105375062500001 0.161129459375 0.8750582874999999 0.117009390625 0.8739817609375 0.12084067812499999 0.9117706203125 0.160336809375 0.9105375062500001
2 0.0278222140625 0.8974619046875001 0.0307241390625 0.9389613656250001 0.10589382812499999 0.9495257765625 0.11217541875 0.949574978125 0.11384175781250001 0.89679893125 0.0278222140625 0.8974619046875001
2 0.911915625 0.8954341640625 0.9136502406250001 0.852168709375 0.85844185625 0.8542452203125 0.8550713343749999 0.8996738109375 0.911915625 0.8954341640625
2 0.5693561171875 0.7376972296875 0.5731938703125 0.77555611875 0.614223371875 0.7749942390625 0.6138631796875 0.7357738265625 0.5693561171875 0.7376972296875
2 0.408409503125 0.6916684234375 0.41368047656250007 0.65641643125 0.37814225625 0.65890150625 0.3726782546875 0.691393053125 0.408409503125 0.6916684234375
2 0.8931234796874999 0.17982685468749998 0.894068721875 0.1465298078125 0.850789246875 0.14896256875 0.8472660515625 0.1836960703125 0.8931234796874999 0.17982685468749998
2 0.8915538609375 0.0765409953125 0.8459066203125 0.0791377625 0.845262325 0.11248268125000001 0.8931147749999999 0.107352478125 0.8915538609375 0.0765409953125
2 0.7067944500000001 0.19642274843750002 0.7049001125000001 0.13954133124999998 0.6675849828125 0.1421506578125 0.67071669375 0.19544796874999998 0.7067944500000001 0.19642274843750002
2 0.053358998437500006 0.0853675875 0.0712863171875 0.0839232625 0.0730743140625 0.049932928125 0.05835956875 0.04978668125 0.053358998437500006 0.0853675875
2 0.6937654375 0.38887227968750004 0.658819521875 0.39131593750000004 0.6576503359375 0.4086428265625 0.6960657875 0.404767721875 0.6937654375 0.38887227968750004
2 0.3045487890625 0.8023674125 0.3053963171875 0.7846964984375 0.2710427046875 0.7870987359375 0.2714848671875 0.80193371875 0.3045487890625 0.8023674125
2 0.30681853124999997 0.8220586140625 0.2712803109375 0.8245436875 0.2688436828125 0.8407688078125 0.308018559375 0.8392198328125 0.30681853124999997 0.8220586140625
2 0.18250360000000002 0.6785291921875001 0.1826107625 0.6630605984375 0.1331201015625 0.6617644234375 0.1275962515625 0.6764213890625 0.18250360000000002 0.6785291921875001