2 0.4967794125 0.738941121875 0.5287645234375 0.7606651484375 0.5492494796875 0.7267893765625 0.515711475 0.70897790625 0.4967794125 0.738941121875
2 0.13408112656249999 0.5097059390625 0.15219415625 0.475723128125 0.1156759265625 0.45845347812500004 0.094964446875 0.48838563593749995 0.13408112656249999 0.5097059390625
2 0.67619408125 0.1563836140625 0.6824668765624999 0.12021570625 0.6567352125 0.11446418750000001 0.643584253125 0.15343904531250002 0.67619408125 0.1563836140625
2 0.8613288671875001 0.2836746734375 0.870881465625 0.2637336640625 0.8112846421875 0.2419027328125 0.801526946875 0.25658311093749997 0.8613288671875001 0.2836746734375
2 0.035947003125 0.131783228125 0.0780575796875 0.14707765 0.0810287125 0.129956584375 0.037649315625 0.11558680625 0.035947003125 0.131783228125
2 0.18221328750000002 0.3038880515625 0.1990244015625 0.276360065625 0.1648305375 0.262101753125 0.15191799374999998 0.287417753125 0.18221328750000002 0.3038880515625
2 0.0358853171875 0.5728908703125 0.06259328125 0.522710284375 0.057616984375 0.5186228125000001 0.050619034375000004 0.5113714515625001 0.0366315984375 0.5301364453125 0.023685101562499998 0.52337665625 0.002295471875 0.5580492609375 0.0358853171875 0.5728908703125
2 0.1840597921875 0.7083287484375 0.19822642031249998 0.6963085359375001 0.135378590625 0.6566009546875 0.1250463984375 0.670083625 0.1840597921875 0.7083287484375
2 0.20049429531250001 0.6854558374999999 0.20989983125 0.6739401078125 0.154132903125 0.6367314859375 0.1420850609375 0.646619603125 0.20049429531250001 0.6854558374999999
2 0.4291782984375 0.1550427015625 0.4437681953125 0.135694384375 0.40606264843749995 0.118404009375 0.3950984453125 0.134252571875 0.4291782984375 0.1550427015625
2 0.2744860484375 0.20580224375 0.2759324828125 0.1909783546875 0.2101502828125 0.1832963140625 0.2046104078125 0.194485709375 0.2744860484375 0.20580224375