2 0.1331951546875 0.5108509890625 0.0897908015625 0.48377088125 0.06164505625 0.5312071484375 0.10670722968749999 0.5596055640625 0.1331951546875 0.5108509890625
2 0 0.493416040625 0.0295851828125 0.5181587125 0.058619734374999996 0.47092753906249996 0.0261118546875 0.4510604546875 0 0.48995289687500004 0 0.493416040625
2 0.3440944453125 0.19076975937500001 0.296529578125 0.158156734375 0.2725245875 0.1973949515625 0.3243761859375 0.22448432187499998 0.3440944453125 0.19076975937500001
2 0.4169563625 0.3562476203125 0.3388716671875 0.299976434375 0.301575496875 0.35464473750000003 0.38342054375 0.411714734375 0.4169563625 0.3562476203125
2 0.41950568906249996 0.30105378437499997 0.37178632500000003 0.2726361421875 0.356097853125 0.3032405640625 0.4041343609375 0.3307293421875 0.41950568906249996 0.30105378437499997
2 0.2996619921875 0.23902229843749997 0.2712844828125 0.2187210953125 0.2544110625 0.25482324375 0.2855002453125 0.274540928125 0.2996619921875 0.23902229843749997
2 0.5249044656249999 0.481024071875 0.515587490625 0.5285709296875 0.5474747343749999 0.5425330374999999 0.5589023375 0.49237626562500003 0.5249044656249999 0.481024071875
2 0.650648934375 0.5197485828125 0.6184225546875 0.5082101984375 0.6046300421875 0.5574214937499999 0.636892590625 0.5761203234375001 0.650648934375 0.5197485828125
2 0.50709328125 0.8393189375000001 0.469835484375 0.8366676640625 0.4671751546875 0.8664997921875001 0.5017208796875 0.873318321875 0.50709328125 0.8393189375000001
2 0.8318033734375 0.784893403125 0.8010652671875 0.7648387390625 0.78173901875 0.795825503125 0.8126439140624999 0.8125790265624999 0.8318033734375 0.784893403125
2 0.0831525140625 0.3638688734375 0.1123067109375 0.38587950625 0.1355954484375 0.3350730984375 0.103136259375 0.32176812187500003 0.0831525140625 0.3638688734375
2 0.5882606796875 0.7489960859375 0.59713895625 0.754033146875 0.606674440625 0.7300456359374999 0.593633015625 0.726341671875 0.5882606796875 0.7489960859375
2 0.5825485703125 0.728700734375 0.5743833656249999 0.7247827671875 0.5670969953125 0.7449517640625001 0.578231546875 0.750050190625 0.5825485703125 0.728700734375
2 0.5620257203125 0.7207084234375001 0.553270015625 0.7168525203125 0.541768609375 0.7422406984375 0.5557842625 0.7464392890625 0.5620257203125 0.7207084234375001
2 0.540477696875 0.719988109375 0.5315358031249999 0.714360715625 0.5233306796875 0.73701435625 0.5362227390625 0.7419280625 0.540477696875 0.719988109375