2 0.011208365625 0.8061004046875 0.0134002359375 0.8393530984375 0.053643160937500003 0.8359017828124999 0.0501395546875 0.7984755625 0.011208365625 0.8061004046875
2 0 0.6995226265625 0.004394384375 0.7201777734375 0.040507334374999995 0.715274471875 0.0272086453125 0.68321093125 0 0.6839712687499999 0 0.6995226265625
2 0 0.6605704109375 0.0193578078125 0.656779265625 0.012036643750000001 0.5999131453125 0 0.5997030453125001 0 0.6605704109375
2 0.22702513125 0.5081746765624999 0.2600692046875 0.440939571875 0.179089628125 0.39662578437499996 0.1447097125 0.4610684 0.22702513125 0.5081746765624999
2 0.3802178515625 0.2257630578125 0.4136241421875 0.137776428125 0.3614441203125 0.1105709921875 0.3346992671875 0.2138965296875 0.3802178515625 0.2257630578125
2 1 0.22510465000000002 0.9788713187500001 0.22237298593750002 0.9695699875000001 0.278950521875 1 0.28458558749999996 1 0.22510465000000002
2 1 0.3410999546875 0.9480931328125 0.3187098796875 0.9200591156250001 0.41647925937499997 0.999755421875 0.4469310390625 1 0.4329191640625 1 0.3410999546875
2 0.311467653125 0.6715670375 0.3231299234375 0.63855616875 0.29569196249999996 0.62285460625 0.279874075 0.6557929390624999 0.311467653125 0.6715670375
2 0.3736585875 0.6809554109375 0.3936305296875 0.6480895890625 0.3496425546875 0.62794695 0.333848828125 0.6595011171875 0.3736585875 0.6809554109375
2 0.27576111718749996 0.8121012140625 0.2888316859375 0.7777319046875 0.2422413015625 0.747856428125 0.22360522968750002 0.7835131765625001 0.27576111718749996 0.8121012140625
2 0.17479312656249998 0.8809198734375 0.203785884375 0.8869595984374999 0.21121849374999999 0.858028659375 0.194740934375 0.8494366531249999 0.17479312656249998 0.8809198734375
2 0.3360668296875 0.929404371875 0.315602696875 0.9110553671874999 0.2955326046875 0.9494546937499999 0.3272002 0.9610778890624999 0.3360668296875 0.929404371875
2 0.36522863125 0.9257596359375 0.33339199218750004 0.9238209015625 0.334053253125 0.9653497046874999 0.37016466718749996 0.9604448140624999 0.36522863125 0.9257596359375
2 0.3956461328125 0.8501758578124999 0.40050205468750005 0.8101279421875001 0.3494662609375 0.7967820875 0.33641982656249997 0.8297687953124999 0.3956461328125 0.8501758578124999
2 0.9876807937500001 0.9878292515625 0.9885501421875 0.9380243390624999 0.8793840046874999 0.9208962062499999 0.88104305 0.9845848609375001 0.9876807937500001 0.9878292515625
2 0.931766284375 1 0.926732265625 0.9867653921875 0.8755515624999999 0.981721396875 0.8717886671875 1 0.931766284375 1
2 0.6695320359375 0.8770989890625 0.6132462265624999 0.847055840625 0.60155985 0.881447746875 0.6509442578125 0.9099889718749999 0.6695320359375 0.8770989890625
2 0.5458443734375 0.73931779375 0.5518928453124999 0.71036113125 0.5203218656249999 0.6932028406249999 0.5059379984375 0.7233985953125 0.5458443734375 0.73931779375
2 0.24703923125 0.92089776875 0.290587040625 0.943606553125 0.3193265703125 0.8791905046874999 0.2801528 0.8609618640625 0.24703923125 0.92089776875
2 0.31092997499999997 0.45867210312499995 0.3280892328125 0.4281200453125 0.28679217343749996 0.3955396625 0.2679846515625 0.43537843125000003 0.31092997499999997 0.45867210312499995