2 0.7804833312499999 0.9578003921875 0.7901518953125 0.9252795046875001 0.7287436421875 0.914252375 0.7157238328125 0.9471653625 0.7804833312499999 0.9578003921875
2 0.590460565625 0.989460890625 0.60443191875 0.9327234750000001 0.579727140625 0.9250575046874999 0.5633212671875001 0.98205235625 0.590460565625 0.989460890625
2 0.5352369015625 0.846980821875 0.54073965625 0.809959809375 0.4831082484375 0.7976678796875001 0.4735438203125 0.8358584359375 0.5352369015625 0.846980821875
2 0.6726077593750001 0.8294583093749999 0.678823525 0.7916302375 0.6448966234375 0.7898553140625 0.6430365421875 0.8201443359375 0.6726077593750001 0.8294583093749999
2 0.5623371171875 0.5027114125 0.5728282578125 0.46644827343750006 0.5221700921875 0.455734378125 0.50880999375 0.4868023640625 0.5623371171875 0.5027114125
2 0.27935848124999996 0.8694064234375001 0.2948595671875 0.8359033328125 0.26124239375 0.82339203125 0.2436116296875 0.859249765625 0.27935848124999996 0.8694064234375001
2 0.23091555156250002 0.8173326937500001 0.1935955296875 0.801304640625 0.17655251875 0.837246559375 0.21008705781249998 0.8503458328125 0.23091555156250002 0.8173326937500001
2 0.270961546875 0.3958699984375 0.2976072765625 0.372660303125 0.278494221875 0.3508047703125 0.25369460625 0.373677490625 0.270961546875 0.3958699984375
2 0.9523562390625001 0.11243721250000001 0.9606670328125 0.0788892390625 0.905893065625 0.0675969046875 0.8966500984374999 0.0992450921875 0.9523562390625001 0.11243721250000001
2 0.6951599468749999 0.043971414062500006 0.7026378375 0.027037964062499996 0.6479662515625 0.017139065624999998 0.6419762046875 0.029907801562500003 0.6951599468749999 0.043971414062500006
2 0.8944759640625 0.8357144671875 0.9054640218750001 0.7959268125000001 0.8780653031250001 0.7860866343749999 0.85859950625 0.8264799984375 0.8944759640625 0.8357144671875
2 0.7943805671875 0.5197479796875 0.7982097046875001 0.5053122812499999 0.741319803125 0.48773303125 0.7362438203125 0.5067854453125 0.7943805671875 0.5197479796875