2 1 0.323919546875 0.9081750062499999 0.300587975 0.8919204203125 0.3456462125 1 0.3733632765625 1 0.323919546875
2 0.4114769015625 0.8839125484375 0.54157053125 0.911564803125 0.5528873421875 0.8697540359374999 0.421271659375 0.8435433921875 0.4114769015625 0.8839125484375
2 0.5125040328125 0.7998666015625 0.561129884375 0.8138412390624999 0.5748401953125 0.770750128125 0.5180204296875 0.7567718 0.5125040328125 0.7998666015625
2 0.5954953640625 0.60647189375 0.5991638499999999 0.5720783453125 0.5159678999999999 0.5665236140625 0.5172298515625 0.59771925 0.5954953640625 0.60647189375
2 0.7140265125 0.391520259375 0.7276756140625 0.3501525203125 0.6360347359375 0.33006823281250003 0.6294799125 0.3723368921875 0.7140265125 0.391520259375
2 0.5183955171875 0.33235175156249996 0.5924523515625 0.352337328125 0.605857715625 0.30354894374999997 0.52685345625 0.28684871875 0.5183955171875 0.33235175156249996
2 0.2353705578125 0.15030118750000002 0.284737971875 0.16079455468749998 0.297138215625 0.11673490156249999 0.2446576953125 0.10376037656249999 0.2353705578125 0.15030118750000002
2 0 0.6343184281250001 0.030019810937500002 0.639485275 0.034117453125 0.6144958296875 0 0.605171446875 0 0.6343184281250001
2 0.18793972812499998 0.3106260578125 0.263476634375 0.3236484484375 0.27406960625 0.2666729875 0.1967005046875 0.2494193890625 0.18793972812499998 0.3106260578125
2 0.3990414640625 0.282724040625 0.43679337656249995 0.29074845625 0.4433497296875 0.2484801203125 0.40285472968749997 0.23623374843749997 0.3990414640625 0.282724040625
2 0.38277646249999997 0.613409246875 0.40393303593749996 0.52815429375 0.31806562656250004 0.5123290734375 0.29371305625 0.5854976109375001 0.38277646249999997 0.613409246875
2 0.11373304375 0.7254164750000001 0.1102659296875 0.7331681390625 0.1615487625 0.7489215640625 0.1633772046875 0.7360357578125 0.11373304375 0.7254164750000001
2 0.10793685625 0.752685396875 0.10775746718749998 0.7678082578125001 0.1562099015625 0.7768947078124999 0.15907006562499998 0.7605829171875 0.10793685625 0.752685396875
2 0.10118955 0.7815731953125 0.094746609375 0.7947576828125 0.1427558734375 0.8116331390625 0.15272864218749999 0.794700640625 0.10118955 0.7815731953125
2 0.297851609375 0.8815909140624999 0.29480262968750004 0.8930719453125 0.329439909375 0.8986148796875 0.3367721265625 0.8883861234375001 0.297851609375 0.8815909140624999