2 0.4869070296875 0 0.44533610156250003 0.002178640625 0.411772559375 0.0078435734375 0.419227540625 0.043284326562499996 0.502462809375 0.024669753125 0.494950825 0 0.4869070296875 0
2 0.24120060312499997 0.1620114875 0.248344375 0.195687284375 0.2817770671875 0.1903951078125 0.2699493890625 0.152380815625 0.24120060312499997 0.1620114875
2 0.1582376796875 0.2898776109375 0.13242229375 0.24263010937499999 0.10015600625000001 0.257956559375 0.130129659375 0.3116994140625 0.1582376796875 0.2898776109375
2 0.9658650015625 0.9243042125 0.971576121875 0.9053955359374999 0.9358427062500001 0.8942293765624999 0.9246431046874999 0.9315727468749999 0.9658650015625 0.9243042125
2 0.5853537828125 0.7084721953125 0.593218734375 0.7462380203125 0.619476646875 0.7446971609374999 0.6179260546875 0.705138875 0.5853537828125 0.7084721953125
2 0.5553838984375 0.7504992703125 0.5842415828124999 0.7466151156249999 0.578716090625 0.708439953125 0.547313009375 0.7115655249999999 0.5553838984375 0.7504992703125
2 0.433117075 0.850360296875 0.46228685625 0.8379883078124999 0.4565823953125 0.8227330546875 0.419430525 0.8377151453125 0.433117075 0.850360296875
2 0.4470299515625 0.7924933453125 0.4136260171875 0.811634678125 0.42428053437499996 0.8224710453125 0.45304372343750005 0.8095027890625 0.4470299515625 0.7924933453125
2 0.401480284375 0.9444807421875 0.4113099359375 0.9626244859374999 0.44316561718749997 0.944960384375 0.4388347421875 0.9306655765625 0.401480284375 0.9444807421875
2 0.376205303125 0.9242419109375 0.38191003437500004 0.9394987046875001 0.42930118593750005 0.9227492312500001 0.426015015625 0.9058220828125 0.376205303125 0.9242419109375
2 0.099916190625 0.8139465031249999 0.10620538125000001 0.8290986531250001 0.1361448 0.8245017656250001 0.1324548421875 0.8070032406250001 0.099916190625 0.8139465031249999
2 0.097337715625 0.8095810531250001 0.131630828125 0.8023300203125 0.12953884375 0.787037525 0.0937659671875 0.792743925 0.097337715625 0.8095810531250001
2 0.11738670625 0.4856089703125 0.10139945312500001 0.46674542187499996 0.0736714953125 0.48729439062499996 0.0882759671875 0.5068729828125 0.11738670625 0.4856089703125
2 0.140425409375 0.39059613125000003 0.1544889421875 0.401968990625 0.20013731093749998 0.37705435 0.196289871875 0.36207297656250004 0.140425409375 0.39059613125000003
2 0.0959780375 0.4189117015625 0.1018568953125 0.4317277421875 0.121152971875 0.42832532187499994 0.11537875625 0.41609374062500004 0.0959780375 0.4189117015625