2 0.758292803125 0.791157140625 0.7918402328124999 0.751740375 0.7460779625 0.716179109375 0.7147851953125001 0.7604812843750001 0.758292803125 0.791157140625
2 0.9190547453125 0.605675153125 0.9603862453125 0.6373981468750001 0.9947855499999999 0.5712131406250001 0.9627249093750001 0.5493544421875 0.9190547453125 0.605675153125
2 0.9197125953124999 1 0.9359480390625 0.96441574375 0.8914371484375 0.94861373125 0.8724230234375 1 0.9197125953124999 1
2 0.42407035468750004 0.677090553125 0.44296870468750005 0.64500148125 0.3894091 0.623644371875 0.37208859843750003 0.6513056765624999 0.42407035468750004 0.677090553125
2 0 0.555840271875 0.0304517546875 0.5844992812500001 0.075487265625 0.5193671625 0.024105115625 0.4867287765625 0 0.5397530765624999 0 0.555840271875
2 0.1939221125 0.86198539375 0.16962539999999998 0.8467598578125 0.1396174171875 0.8899839703125 0.1632209734375 0.9063377625 0.1939221125 0.86198539375
2 0.2370553265625 0.8526592109375001 0.217730178125 0.838514840625 0.1856580296875 0.8815066015624999 0.2075887796875 0.8965251437499999 0.2370553265625 0.8526592109375001
2 0.23131467187500002 0.9745141734375 0.23600146562500002 0.9668926796875 0.206513646875 0.9428765703125 0.1867307109375 0.9698282109375 0.23131467187500002 0.9745141734375
2 0.29828305624999996 0.697842371875 0.2921203578125 0.7137642843750001 0.3940863578125 0.747308540625 0.40414771250000003 0.7344944953125 0.29828305624999996 0.697842371875
2 0.3003630984375 0.5854867375 0.2582764375 0.5590069421875 0.2430341078125 0.5935709499999999 0.2778454796875 0.618051240625 0.3003630984375 0.5854867375
2 0.1180380609375 0.37363521718750003 0.03847425 0.3565513890625 0.0284233953125 0.403308009375 0.10361880625 0.41584066406250003 0.1180380609375 0.37363521718750003
2 0.16762761718750002 0.3654683421875 0.12815285625 0.3602282625 0.1270305671875 0.3934757140625 0.1607972796875 0.3958339015625 0.16762761718750002 0.3654683421875
2 0.18541025625000002 0.4551500921875 0.172171653125 0.47021767187499997 0.2291394484375 0.49351200781250004 0.23650195468750002 0.477483325 0.18541025625000002 0.4551500921875
2 0.24421270156250002 0.3144113859375 0.1859653546875 0.30574243125 0.1782638125 0.3324588 0.2412948359375 0.340950253125 0.24421270156250002 0.3144113859375
2 0.2946004453125 0.2426031515625 0.3139749 0.2084963359375 0.26633658437499996 0.18415958593749998 0.24330803437499998 0.2089389953125 0.2946004453125 0.2426031515625
2 0.21287739375 0.2229494796875 0.18834893125000002 0.2546542046875 0.2610162609375 0.29265875937499997 0.2832009984375 0.2570866125 0.21287739375 0.2229494796875
2 0.8507400296875 0.623514015625 0.7940237421874999 0.58712615 0.784372934375 0.5986538921875 0.8442273453125001 0.6366416640625 0.8507400296875 0.623514015625
2 0.9841866187500001 0.54929660625 0.9942350359375001 0.5366304359375 0.9347407640625001 0.49450831875 0.9195642734374999 0.5044939109375 0.9841866187500001 0.54929660625
2 1 0.5115634328125 0.9622643578125001 0.4830871359375 0.9543650078124999 0.49503318125 0.9988696125000001 0.524532078125 1 0.51746630625 1 0.5115634328125
2 0.8896406734375001 0.16867676250000002 0.918528921875 0.114389521875 0.8848701625000001 0.097154446875 0.85918221875 0.145518384375 0.8896406734375001 0.16867676250000002
2 0.6348457703125 0.24014030156250002 0.6675603984375 0.19663539375 0.6312545421875 0.1755941875 0.5987270437500001 0.2203843578125 0.6348457703125 0.24014030156250002
2 0.41849875625 0.0390849640625 0.3822445109375 0.0174538234375 0.3600597765625 0.053025971875 0.39618643750000004 0.069284925 0.41849875625 0.0390849640625
2 0.5678477609375 0.4915859921875 0.54144355625 0.4731991203125 0.519494628125 0.49926345312500003 0.5431192874999999 0.522170584375 0.5678477609375 0.4915859921875