2 0.5596169203125 0.39347245937499997 0.5547308921874999 0.36297283125 0.41830106875000006 0.3905425609375 0.42464139375 0.4207131515625 0.5596169203125 0.39347245937499997
2 0.7917180218750001 0.24030303281249998 0.8433753484375 0.2324434828125 0.8276856578125 0.18906585468749998 0.7781307703125 0.1948311703125 0.7917180218750001 0.24030303281249998
2 0.9640890687500001 0.218476203125 0.96061756875 0.19377520312500002 0.903901921875 0.20234407499999998 0.9120171687499999 0.2281012546875 0.9640890687500001 0.218476203125
2 0.95359171875 0.1437836859375 0.8895631953124999 0.155780234375 0.896353234375 0.19342819375 0.9579724109375001 0.174953921875 0.95359171875 0.1437836859375
2 0.6626174078125 0.106709303125 0.713274921875 0.095990765625 0.7085634765625 0.0624670953125 0.653202190625 0.07384670625 0.6626174078125 0.106709303125
2 0.23598711562500002 0.1342812171875 0.22581865781250002 0.1003253109375 0.16970391406250002 0.1106100640625 0.174106184375 0.14833325625 0.23598711562500002 0.1342812171875
2 0 0.2690230734375 0.0662915375 0.25792185 0.0597029078125 0.22382889687500002 0 0.232574775 0 0.2690230734375
2 0.438891140625 0.758894565625 0.55481505625 0.7390034328125 0.549643425 0.723536728125 0.43934200937499995 0.7450375874999999 0.438891140625 0.758894565625
2 0.597743784375 0.5794338015625 0.593656365625 0.5674153859375 0.5307338640625 0.5804556609375 0.53219735625 0.5908689500000001 0.597743784375 0.5794338015625
2 0.6507211749999999 0.8838609375 0.6284061999999999 0.8744010828125001 0.5599254203124999 0.894821115625 0.5619090703125 0.9089355296875 0.6507211749999999 0.8838609375
2 0.9050635 0.7353603171875001 0.8939654546875 0.7033338125 0.838532396875 0.7099252500000001 0.8525390406250001 0.754137421875 0.9050635 0.7353603171875001
2 0.80651285625 0.9471290218749999 0.843049734375 0.9425936828125 0.8370890281250001 0.904447328125 0.798953721875 0.910408059375 0.80651285625 0.9471290218749999
2 0.8478020656249999 0.4687221640625 0.8148771984375 0.473349453125 0.8300144859374999 0.5085414859374999 0.8511645296875001 0.5054349234375 0.8478020656249999 0.4687221640625
2 0.8732926515624999 0.3727783421875 0.8686529765625 0.3440428453125 0.8337052125 0.35135277343750004 0.8436551328125 0.3816093421875 0.8732926515624999 0.3727783421875
2 0.8282462890625 0 0.8275210625 0.00016760625 0.8348604625 0.0225262515625 0.8681362609375001 0.0118522140625 0.8635301500000001 0 0.8282462890625 0
2 0.23308396718750002 0.3440028171875 0.166973921875 0.3556938953125 0.1645336671875 0.42578911250000007 0.2457867828125 0.408790434375 0.23308396718750002 0.3440028171875