2 0.25065076875000003 0.49953808125 0.2323437109375 0.5633823796875 0.31967107031249997 0.58554439375 0.335501984375 0.5253073140625 0.25065076875000003 0.49953808125
2 0.1534947671875 0.3709162921875 0.0890028578125 0.34954483125 0.07564701562500001 0.40617275625 0.14737498437500002 0.42242155312499996 0.1534947671875 0.3709162921875
2 0.0162389265625 0.377621321875 0.009339282812499999 0.4016832390625 0.0091408484375 0.40293610312499994 0.03682528125 0.4108744875 0.0436903734375 0.3869330625 0.0162389265625 0.377621321875
2 0.8254440609374999 0.5909447734375 0.8328854734375 0.559971034375 0.7973098640625 0.5483297281249999 0.78453565 0.5878505875 0.8254440609374999 0.5909447734375
2 0.0117031109375 0.4180643375 0.0022834500000000002 0.4462320109375 0.001944015625 0.44837511875 0.0335617265625 0.45744135 0.04195273125 0.4281784421875 0.0117031109375 0.4180643375
2 0.23416319843750003 0.588271496875 0.2015021 0.68709559375 0.29323098281250004 0.71401448125 0.32248829843750004 0.6249066921875001 0.23416319843750003 0.588271496875
2 0.7617738953125001 0.20660465 0.7282615984375 0.20069797031249997 0.725885159375 0.2154422265625 0.7610305734375 0.2199674140625 0.7617738953125001 0.20660465
2 0.761876790625 0.19547532031249998 0.763422871875 0.1836268625 0.7319482109375001 0.17707073281250002 0.72981953125 0.188802521875 0.761876790625 0.19547532031249998
2 0.7631165249999999 0.1717706328125 0.7675948421875 0.1626095125 0.7352253703125 0.1527116640625 0.7346461390625 0.1655021765625 0.7631165249999999 0.1717706328125
2 0.7692460109375 0.150394575 0.77193523125 0.136702284375 0.7401336828125 0.1312861515625 0.736863934375 0.1426891171875 0.7692460109375 0.150394575
2 0 0.5424578 0.0164502109375 0.5462022890625 0.0168108765625 0.5341683390624999 0 0.5283364546875 0 0.5424578