2 0.0793860015625 0.1949127078125 0.09764602343749999 0.1531973125 0.053793178124999994 0.1243285484375 0.025485264062500002 0.1655297625 0.0793860015625 0.1949127078125
2 0.10029365781249999 0.6075171874999999 0.058390053124999994 0.5780407000000001 0.039605375 0.611109846875 0.08076518125 0.6358901828125 0.10029365781249999 0.6075171874999999
2 0.212140271875 0.1368682421875 0.1921425953125 0.16742274375 0.2318611265625 0.2020608484375 0.2567182046875 0.1656205796875 0.212140271875 0.1368682421875
2 0.2923642859375 0.083533678125 0.27330476875 0.113639015625 0.30212001875 0.13375238125 0.3254145328125 0.11019959531250001 0.2923642859375 0.083533678125
2 0.681623 0 0.6795792734375 0.00294428125 0.715363421875 0.0165371953125 0.7251078890625 0 0.681623 0
2 0.9246225703125001 0.0712726125 0.9383908265625 0.0796247375 0.9307604968750001 0.0341855125 0.9285375734375 0.0315270875 0.9246225703125001 0.0712726125
2 0.9522010562500001 0.16681909687500002 0.8973462796874999 0.1529371796875 0.8868868203125 0.1970287375 0.9593114999999999 0.21444943749999998 0.9522010562500001 0.16681909687500002
2 1 0.722683409375 0.9887474671875 0.722610315625 0.9891202218749999 0.7628790296875 1 0.7624172406249999 1 0.722683409375
2 0.8996197875 0.49355636093750005 0.9053843984375 0.45412220156250005 0.870102759375 0.451283075 0.863258396875 0.49149098125 0.8996197875 0.49355636093750005
2 0.90384071875 0.5277973109375 0.8719547421874999 0.5271302906249999 0.8690804828124999 0.5585843625 0.9034034156249999 0.559165984375 0.90384071875 0.5277973109375
2 0.22276071874999998 0.6109925296875 0.2059160234375 0.64345541875 0.24815654375 0.668966315625 0.271016353125 0.6388633875 0.22276071874999998 0.6109925296875
2 0.059459874999999995 0.5279124328125 0.0718088421875 0.5072971328125 0.04730465 0.48529707499999997 0.0304908671875 0.515647875 0.059459874999999995 0.5279124328125
2 0.45358559062500003 0.828437234375 0.4146918546875 0.8243667531250001 0.41157982656250003 0.8627796328124999 0.4432540828125 0.8655857984375 0.45358559062500003 0.828437234375
2 0.45968835468749997 0.8972927765625001 0.4219192703125 0.8927420093749999 0.4142312671875 0.9363930328125001 0.45396005468749995 0.944547221875 0.45968835468749997 0.8972927765625001
2 0.7590866265625 0.910664953125 0.7315567484375001 0.9087052578125 0.7285194765624999 0.9413874515625 0.7503268859375 0.9463606890625 0.7590866265625 0.910664953125