2 0.023829690625 0.14193838125 0.0948717859375 0.1719045234375 0.10381365468749999 0.12908020781250001 0.026219457812500003 0.107583896875 0.023829690625 0.14193838125
2 0.2438341296875 0.19303458125 0.19076353906250001 0.1696819296875 0.17480465625 0.21082516718750002 0.23037518437500001 0.227210234375 0.2438341296875 0.19303458125
2 0.1984613109375 0.1446266140625 0.23334397031249998 0.155993846875 0.2525346671875 0.128170996875 0.214596759375 0.1094477234375 0.1984613109375 0.1446266140625
2 0.043726218750000004 0.5802095234375 0.080714125 0.586960803125 0.0876087859375 0.5308989359375 0.0579666671875 0.5249573578125 0.043726218750000004 0.5802095234375
2 0.2535908765625 0.9293885875000001 0.2900293453125 0.9355078125 0.30064525 0.8928005578124999 0.268230003125 0.881605865625 0.2535908765625 0.9293885875000001
2 0.31882953125 0.948830515625 0.353917721875 0.9572361203125 0.3632556984375 0.9257483015625001 0.33097382343750004 0.9181341328125001 0.31882953125 0.948830515625
2 0.32515290937499997 0.7903527546875 0.355935428125 0.80083964375 0.380995428125 0.751105653125 0.34582219687500004 0.7328733062499999 0.32515290937499997 0.7903527546875
2 0.47396115781250003 0.7031456609375 0.5239397593749999 0.7197349046875 0.5389640796874999 0.6853711140625001 0.4884056484375 0.6666581265625 0.47396115781250003 0.7031456609375
2 0.43851983906249997 0.062013196874999996 0.4077676265625 0.0426035625 0.3820623171875 0.09556289531249999 0.414191090625 0.1106079203125 0.43851983906249997 0.062013196874999996
2 0.381009565625 0.2466716140625 0.40718269375 0.255049015625 0.43602307968750004 0.20825934375 0.405236909375 0.1876553671875 0.381009565625 0.2466716140625
2 0.44391021249999996 0.13798207812500002 0.4752421671875 0.14910102187500002 0.4981119890625 0.09415468125000001 0.4652335890625 0.08203480156250001 0.44391021249999996 0.13798207812500002
2 0.5724592937499999 0.1279247109375 0.5945831421875 0.1431613578125 0.613896534375 0.1135614890625 0.5882032796875001 0.09599204375 0.5724592937499999 0.1279247109375
2 0.649750753125 0.2130862390625 0.6835440937499999 0.23151969687500001 0.7085563031250001 0.196961528125 0.676671240625 0.182530309375 0.649750753125 0.2130862390625
2 0.8941181968749999 0.0263384796875 0.8691156609374999 0.0522465640625 0.891459053125 0.07285536249999999 0.9304123375 0.0351040828125 0.8941181968749999 0.0263384796875
2 0.8987830359375 0.85248884375 0.9282997796875 0.864076053125 0.9557484687500001 0.8201650624999999 0.9152390421875 0.8042364031250001 0.8987830359375 0.85248884375
2 0.7412813421875 0.74088490625 0.769489115625 0.7541677499999999 0.7877694281250001 0.7233036734375 0.7571284234375 0.70985225 0.7412813421875 0.74088490625
2 0.6386230671875001 0.91643426875 0.6661972281249999 0.9302664406250001 0.6838210046875 0.8963820218749999 0.6554750734375 0.8795198843750001 0.6386230671875001 0.91643426875
2 0.5834208750000001 0.8810285625000001 0.615343575 0.8921888140625001 0.6286988546875001 0.8627659453125001 0.59157424375 0.849457909375 0.5834208750000001 0.8810285625000001
2 0.114530534375 0.1459000015625 0.10570046562499999 0.17861373593750002 0.12010456875 0.18468016874999998 0.131814446875 0.1453230109375 0.114530534375 0.1459000015625
2 1 0.498269309375 0.970877690625 0.49326630156249995 0.9611270953125001 0.530677265625 0.996476353125 0.5438611578125 1 0.4994510984375 1 0.498269309375
2 0.804374896875 0.1447370296875 0.8207476171874999 0.15719071874999999 0.8585349984375 0.11935791250000001 0.844802046875 0.1023272140625 0.804374896875 0.1447370296875
2 0.7977058453125 0.121056321875 0.805795559375 0.1329323734375 0.8470269890625 0.0926619984375 0.83500870625 0.08081196874999999 0.7977058453125 0.121056321875