2 0.482539621875 0 0.47250402031250005 0.0007017578125 0.4747977625 0.020642287500000002 0.5221513703125 0.009018226562499999 0.5203984046875 0 0.482539621875 0
2 0.8819682890625 0.154409734375 0.883154925 0.15569123437500001 0.9117023906249999 0.1486300109375 0.9069126828125 0.10843035000000001 0.8792848953125001 0.112590921875 0.8819682890625 0.154409734375
2 0.9720018828124999 0.795003146875 0.9708814984374999 0.7937103609375 0.9107373734375 0.7942096359375 0.9171433515625 0.8582912390624999 0.9757514640625 0.8547621968750001 0.9720018828124999 0.795003146875
2 0.9451734249999999 0.9215551874999999 0.9655774656249999 0.9175890437499999 0.9632261578125 0.8850205703125 0.9522991328125 0.8835153890624999 0.9451734249999999 0.9215551874999999
2 0.9069834531250001 0.927405921875 0.925350690625 0.9254083375000001 0.9177412234375 0.8769257796875 0.8969957718750001 0.8791437 0.9069834531250001 0.927405921875
2 0.877003703125 0.530391428125 0.857051596875 0.5366907703125 0.8482289546875 0.6061503765625 0.865868884375 0.6069539703125 0.877003703125 0.530391428125
2 0.81573074375 0.6166998375 0.8301263359375 0.625395609375 0.8361404234375 0.5159545125 0.8224801906250001 0.511353028125 0.81573074375 0.6166998375
2 0.77859880625 0.61242675 0.7925736828125001 0.6127346250000001 0.802707825 0.50612185 0.78989709375 0.5055876890625 0.77859880625 0.61242675
2 0.1080130578125 0.7669683453125 0.2108447109375 0.7699662843749999 0.2076587203125 0.7134260203125 0.10212347343749999 0.714886809375 0.1080130578125 0.7669683453125
2 0.099074253125 0.6120463468749999 0.1147022703125 0.608403703125 0.1063032875 0.5607399625 0.08709661875 0.56598551875 0.099074253125 0.6120463468749999
2 0.058865389062499995 0.6168378421875 0.0756411796875 0.6159964109375 0.0690514484375 0.569795578125 0.0473393921875 0.573108678125 0.058865389062499995 0.6168378421875
2 0.05249309375 0.674328753125 0.06635651249999999 0.674055021875 0.0662285875 0.6392986703125 0.048010512500000005 0.6419326109375 0.05249309375 0.674328753125
2 0.0615076890625 0.730040075 0.07455955 0.728711184375 0.06982015625 0.6857814484375 0.055131584375 0.6816791015625 0.0615076890625 0.730040075
2 0.0707726875 0.8461874328125001 0.0908056296875 0.8465274656249999 0.0862305703125 0.784208578125 0.06493346875 0.7850215687500001 0.0707726875 0.8461874328125001
2 0.096926090625 1 0.0987017578125 0.965057925 0.08167445 0.961411775 0.089113896875 1 0.096926090625 1
2 0.0149874046875 0.6187133640625 0.032225828125 0.6105236515625 0.0247062015625 0.5657132953125 0.005244220312500001 0.568589028125 0.0149874046875 0.6187133640625
2 0.6261014421875 0.148496221875 0.636741996875 0.1409857328125 0.6316157109375 0.09389556875 0.6190625515625 0.093613771875 0.6261014421875 0.148496221875