2 0.129565065625 0.352167625 0.182330075 0.34854269375 0.17924541562500002 0.29607150781249997 0.1264097390625 0.2958371796875 0.129565065625 0.352167625
2 0.3111369 0.31018028124999997 0.3219095453125 0.2783161609375 0.28858000625 0.2598743609375 0.27549864999999996 0.29627494374999996 0.3111369 0.31018028124999997
2 0.060358053125 0.71877811875 0.0797166140625 0.711566871875 0.059365446875000005 0.665639765625 0.04328826875 0.6724393671875 0.060358053125 0.71877811875
2 0.18749988906249998 0.6668077109375 0.22683424375 0.652957775 0.190756275 0.5728243140625 0.1591140109375 0.5872983671875 0.18749988906249998 0.6668077109375
2 0.27266234843750004 0.7060172828125 0.2609982921875 0.6612705296875 0.21145808437500002 0.6826077703125 0.2239373875 0.7231657046875 0.27266234843750004 0.7060172828125
2 0.34958505 0.5262841671875 0.3336681359375 0.4959461796875 0.2824724609375 0.5214984484375 0.3036480734375 0.5552174703125 0.34958505 0.5262841671875
2 0.47834895 0.673881846875 0.49303575312500003 0.65198094375 0.45962332968749997 0.631165590625 0.43716754687500003 0.66403024375 0.47834895 0.673881846875
2 1 0.92326599375 0.9852095484375001 0.9104617859375 0.9469930984375001 0.9723973125 0.9592181796875 0.983020884375 1 0.98134555 1 0.92326599375
2 1 0.8384949390624999 0.964626853125 0.8826631765625 1 0.9158325640625 1 0.8384949390624999
2 0.8686910640625 0.585985246875 0.8514709640625 0.6204525296875001 0.8920650234374999 0.6499287734375 0.916210415625 0.6193784375 0.8686910640625 0.585985246875
2 0.74060349375 0.4407419609375 0.771887571875 0.41766735625000007 0.7398556265625 0.3682864234375 0.7049692515625 0.3962381546875 0.74060349375 0.4407419609375
2 0.460096090625 0.5426248421875 0.493376646875 0.542650884375 0.49050465625 0.5071044609375 0.45874918750000004 0.504054603125 0.460096090625 0.5426248421875
2 0.8521291453125001 0.962639571875 0.9063910046875 0.9848656515625 0.9492355703124999 0.8843904406249999 0.8942285453125001 0.8577939562499999 0.8521291453125001 0.962639571875
2 0.2577667984375 0.14331465937500001 0.200715875 0.075201715625 0.1424537 0.1102094875 0.19339625 0.18893426093750001 0.2577667984375 0.14331465937500001