2 0.15776035625 0.1086776 0.120332440625 0.1108787609375 0.12008663125 0.1459041671875 0.1569425640625 0.14586539375000002 0.15776035625 0.1086776
2 0.0610825015625 0.919758465625 0.0956553046875 0.9089331609375 0.075016915625 0.8480570859375 0.041644985937500004 0.8590340484375 0.0610825015625 0.919758465625
2 1 0.9126105015625001 0.97188604375 0.9203907109375 0.9758143703125001 0.9426403140625 1 0.9408640125 1 0.9126105015625001
2 0.8914686640625 0.708925834375 0.8575695421875 0.715480959375 0.8618267828124999 0.7550382375 0.895380653125 0.745235353125 0.8914686640625 0.708925834375
2 0.8983163218750001 0.31146935937500003 0.8633199953125 0.313973315625 0.86435161875 0.34674814062500003 0.9008932968750001 0.34435511875 0.8983163218750001 0.31146935937500003
2 0.12553929531250002 0.22150630468750002 0.16144765156250002 0.20692933593750001 0.1464434578125 0.16270795625 0.110625921875 0.1784733390625 0.12553929531250002 0.22150630468750002
2 0.1299413515625 0.46204715937499996 0.0737243171875 0.46715354218750005 0.07639268593750001 0.5281439015625 0.1299382921875 0.53024335625 0.1299413515625 0.46204715937499996
2 0.9349977234375 0.9123576390625001 0.9328895968750001 0.8659561859375 0.9114588625 0.8688866531249999 0.9188642359375001 0.9125439562500001 0.9349977234375 0.9123576390625001
2 0.9935747765625 0.9069583343750001 0.9862230953125 0.8665845890625 0.9742075921875 0.8683590109375 0.9759613937499999 0.90972076875 0.9935747765625 0.9069583343750001
2 0.8686519046875001 0.5669592390625 0.8296645828125 0.5759353171875 0.8332705828125 0.6101886750000001 0.874261246875 0.6024637140625 0.8686519046875001 0.5669592390625
2 0.8144897906249999 0.24279838125 0.8210485750000001 0.2084933609375 0.7688569046875 0.2044330359375 0.76624604375 0.2397488328125 0.8144897906249999 0.24279838125
2 0.10438211093750001 0.7607022390625 0.10769791718749999 0.8266963046875 0.156417603125 0.81413398125 0.148704028125 0.7516709390625 0.10438211093750001 0.7607022390625