2 0.46957748906249996 0.570429903125 0.3935639734375 0.62922789375 0.45596405156250003 0.7080985656250001 0.52956436875 0.6519024359375 0.46957748906249996 0.570429903125
2 0.041025931249999995 0.75745919375 0.0223654234375 0.777879446875 0.047244484375 0.8042407468749999 0.0720367234375 0.7801529265625 0.041025931249999995 0.75745919375
2 0.506157925 0.43328285 0.4742557921875 0.459247871875 0.5274883234375001 0.517777809375 0.5599555171875 0.48964675625 0.506157925 0.43328285
2 0.390618828125 0.34140483125 0.3644150390625 0.31607571874999996 0.3392123609375 0.341070278125 0.37284946093750004 0.364324190625 0.390618828125 0.34140483125
2 0.5968049890625 0.10914355 0.6043985968750001 0.1447389890625 0.6667507359375 0.1338677078125 0.6583496906249999 0.0975402859375 0.5968049890625 0.10914355
2 0.4828785421875 0.23798855 0.45668751093750004 0.217440378125 0.425002265625 0.24163897968749998 0.45063125625 0.2692006203125 0.4828785421875 0.23798855
2 0.8975883171874999 0.21241175 0.9139103093750001 0.264616590625 0.9518124546875001 0.25313448906249997 0.93376514375 0.200365178125 0.8975883171874999 0.21241175
2 0.7615784156250001 0.12160633750000001 0.751327434375 0.083293353125 0.6949031140625 0.092170628125 0.7068766656250001 0.12863444531249998 0.7615784156250001 0.12160633750000001
2 0.5524333312499999 0.6361832296875 0.5504862296875 0.622796153125 0.5336235406250001 0.6237151453124999 0.5387662796875 0.640295159375 0.5524333312499999 0.6361832296875
2 0.5951143859375 0.59062641875 0.5880833578125 0.5748220609375 0.5545469546875 0.594609053125 0.5628921015625 0.6118908234375 0.5951143859375 0.59062641875
2 0.5746500359375 0.562414340625 0.5704193562500001 0.548150240625 0.5382674749999999 0.5615332296875 0.5446949265625001 0.5773941375 0.5746500359375 0.562414340625
2 0.6125945046875 0.5700628062499999 0.607268553125 0.5598469640625 0.5907173359375 0.5679732625 0.6010380984375 0.5789346265625 0.6125945046875 0.5700628062499999
2 0.541159015625 0.5379835203125001 0.5361946750000001 0.5248226078125 0.52016023125 0.5336121421875 0.528288275 0.54536688125 0.541159015625 0.5379835203125001
2 0.6659668203125 0.43258627499999996 0.6612129140625 0.446943625 0.6952491937499999 0.4523175984375 0.699025996875 0.43861007656249995 0.6659668203125 0.43258627499999996
2 0.1823326265625 0.2058671015625 0.18111311562500002 0.2206584203125 0.24064743437499997 0.23274926406250002 0.24515256875000002 0.2179819796875 0.1823326265625 0.2058671015625
2 0.5656166 0.2852002546875 0.5702918828125 0.30071536249999997 0.58478761875 0.2947263703125 0.5809024984375 0.282507125 0.5656166 0.2852002546875
2 0.5714925640625 0.3104246859375 0.576974059375 0.3242457328125 0.58816175625 0.320838459375 0.587807740625 0.3066567953125 0.5714925640625 0.3104246859375
2 0.572064609375 0.334997878125 0.572976040625 0.347062946875 0.587698321875 0.34408809375 0.5855478781250001 0.332369925 0.572064609375 0.334997878125
2 0.2020019703125 0.2405539921875 0.206881575 0.24952018593749997 0.2354473734375 0.245855415625 0.232485140625 0.2334535296875 0.2020019703125 0.2405539921875
2 0.5842719125 0.0065923765625 0.59374820625 0.060958735937499994 0.6294472390625 0.05279065625 0.6190420453125001 0.0108616125 0.5842719125 0.0065923765625