2 0.9862259999999999 0.2855622390625 0.9568848046875 0.283510503125 0.9553105828125 0.36553800625 0.9916137046875001 0.36261001249999997 0.9862259999999999 0.2855622390625
2 0.3468458546875 0.0872892890625 0.28396767968750003 0.09360601562500001 0.281838746875 0.14107470312499998 0.3467125953125 0.138764759375 0.3468458546875 0.0872892890625
2 0.1032422390625 0.14406121562500002 0.1010828921875 0.2004542078125 0.17060531875 0.2011492921875 0.16647334375 0.1404475671875 0.1032422390625 0.14406121562500002
2 0.47824403593750003 0.0619559515625 0.45110885156249997 0.0588696421875 0.44358730468749996 0.1494092671875 0.473505884375 0.14673820937499998 0.47824403593750003 0.0619559515625
2 0.34501904375 0.43654700625 0.32979884843749996 0.43310190625 0.32042750781249996 0.5586289734375 0.338809078125 0.5578327046875 0.34501904375 0.43654700625
2 0.3656800765625 0.556140509375 0.366445284375 0.55529965 0.36964053125 0.424577546875 0.3545444796875 0.41935709374999997 0.3482377234375 0.560573653125 0.3656800765625 0.556140509375
2 0.440938203125 0.4253983328125 0.4167599703125 0.422517225 0.40394288906250003 0.5037585499999999 0.43785739375 0.5058324843750001 0.440938203125 0.4253983328125
2 0.381090478125 0.42240220468749995 0.38082345 0.50273708125 0.3964164078125 0.5008514484375 0.3977007015625 0.4229700703125 0.381090478125 0.42240220468749995
2 0.40106843124999997 0.5618887031249999 0.3952567046875 0.51743595 0.382665125 0.5189362609375 0.38294381718750004 0.5659765390625 0.40106843124999997 0.5618887031249999
2 0.6836717 0.44058474375 0.682045059375 0.51487255 0.700248821875 0.51525268125 0.6994825312499999 0.44407271093749995 0.6836717 0.44058474375
2 0.653192559375 0.49380859062500004 0.6679861234375 0.49484305937500006 0.6687123578125 0.441921053125 0.6543454265624999 0.44329721875 0.653192559375 0.49380859062500004
2 0.5960546203125 0.49457471562500005 0.610131625 0.497344675 0.6122496671875 0.441542428125 0.5961988078125 0.4347672109375 0.5960546203125 0.49457471562500005
2 0.6360437937500001 0.50094223125 0.640612215625 0.4441224984375 0.623492525 0.44232860625 0.6198890578125 0.49386058281249995 0.6360437937500001 0.50094223125
2 0.19855300781250002 0.3286923234375 0.1474147078125 0.32868758593749997 0.1420609015625 0.396761196875 0.1928246640625 0.4012037453125 0.19855300781250002 0.3286923234375