2 0.15376875 0.087390625 0.12268125 0.0680703125 0.0894625 0.1067109359375 0.12268125 0.12870781250000002 0.15376875 0.087390625
2 0.3432359375 0.8070281250000001 0.307159375 0.798109375 0.2988546890625 0.8224843749999999 0.3332593765625 0.8325906249999999 0.3432359375 0.8070281250000001
2 0.28185937499999997 0.8097015624999999 0.260296875 0.8123765625000001 0.27809375 0.8670718734375 0.2893640625 0.8599375015625 0.28185937499999997 0.8097015624999999
2 0.9214265625 0.6117359375 0.8499140640625 0.6465125015625001 0.8736406234375 0.697640625 0.9442296875 0.66078125 0.9214265625 0.6117359375
2 0.9312109375000001 0.148028125 0.899740625 0.148921875 0.899740625 0.194696875 0.9359234375 0.199453125 0.9312109375000001 0.148028125
2 0.9027453124999999 0.2086671875 0.8849109374999999 0.21134375 0.8944015609375 0.2630640625 0.9116046875 0.2654421859375 0.9027453124999999 0.2086671875
2 0.720009375 0.1061171859375 0.6773 0.067475 0.6523874984375 0.09422656093750001 0.6950953125 0.1334640625 0.720009375 0.1061171859375
2 0.3983874984375 0.3103265609375 0.3771531265625 0.28684375 0.351053125 0.30824531093749996 0.37656093749999997 0.33678125 0.3983874984375 0.3103265609375
2 0.32811406249999997 0.47886562499999996 0.30953125 0.4515187515625 0.27868593750000004 0.47529843749999995 0.3047859375 0.5032390625 0.32811406249999997 0.47886562499999996
2 0.21781406250000002 0.6598890625 0.1932687484375 0.633434375 0.1760671875 0.6542421859374999 0.198015625 0.6804 0.21781406250000002 0.6598890625
2 0.2667374984375 0.41376875 0.2442828125 0.3885015625 0.22589375 0.40217656249999995 0.2460625 0.43130625 0.2667374984375 0.41376875
2 0.30676562500000004 0.110575 0.280465625 0.084715625 0.2561453125 0.1120625 0.280465625 0.137625 0.30676562500000004 0.110575
2 0.8191312500000001 0.1301953109375 0.7923765609375 0.1542703125 0.8166968750000001 0.1816187515625 0.8439828125 0.1542703125 0.8191312500000001 0.1301953109375
2 0.13153125000000002 0.1952921875 0.12386875 0.208965625 0.14285 0.23036718750000001 0.1564921859375 0.2166921875 0.13153125000000002 0.1952921875
2 0.14878125 0.1750781265625 0.1339515625 0.19112968749999998 0.158865625 0.2137203125 0.1731015625 0.197075 0.14878125 0.1750781265625
2 0.262290625 0.2059921875 0.25436562500000004 0.19766875 0.23301249999999998 0.2309609375 0.24962187500000002 0.23333906249999997 0.262290625 0.2059921875
2 0.233825 0.099875 0.21936874999999997 0.0924437515625 0.20513281249999998 0.12751875 0.21936875156250002 0.134059375 0.233825 0.099875
2 0.9134203125000001 0.41376875156250004 0.88965625 0.4319 0.90923125 0.45805937500000005 0.9299921859375001 0.4420078125 0.9134203125000001 0.41376875156250004