2 0.7286443109375 0.42749902031250003 0.6289395796874999 0.3767557265625 0.59954935625 0.42694477031250005 0.6988615171875 0.48521613593749996 0.7286443109375 0.42749902031250003
2 0.370211046875 0.348404390625 0.3326807859375 0.3376086625 0.3142084671875 0.3823981203125 0.346616184375 0.397801815625 0.370211046875 0.348404390625
2 0.374842890625 0.2464905328125 0.359394109375 0.23774427187499997 0.3297934609375 0.2726537390625 0.3419895625 0.2858270859375 0.374842890625 0.2464905328125
2 0.1406387046875 0.5507302625 0.085132234375 0.554673203125 0.087486034375 0.5829444734375 0.13912415625000002 0.5784131359375 0.1406387046875 0.5507302625
2 0.172032834375 0.21673205156250003 0.0923078859375 0.150184415625 0.0603452390625 0.18302354999999998 0.12644910468749998 0.2531279546875 0.172032834375 0.21673205156250003
2 0.275535446875 0.093157234375 0.231633696875 0.12598376875 0.24966920781250002 0.1444677421875 0.2910699984375 0.1077138953125 0.275535446875 0.093157234375
2 0.35799947187500003 0.7392401015625001 0.34105481718749997 0.7289297546875 0.296655828125 0.7963754734374999 0.31210218125 0.8060352265624999 0.35799947187500003 0.7392401015625001
2 0.631656003125 0.12418722499999998 0.591315940625 0.08836647656249999 0.5671527828125 0.118436003125 0.609219265625 0.1500850671875 0.631656003125 0.12418722499999998
2 0.7270097578125 0.0596711078125 0.6947249859375 0.048256689062500004 0.6825376875 0.08596600625 0.7169046015625 0.090244025 0.7270097578125 0.0596711078125
2 0.5292711453125001 0.102987290625 0.5473902828125 0.085233171875 0.526157046875 0.058393843749999993 0.504166025 0.0770821703125 0.5292711453125001 0.102987290625
2 0 0.6294231484374999 0.0251784546875 0.632238596875 0.032643103125 0.5934389703125 0 0.590656546875 0 0.6294231484374999
2 0.2727648234375 0.36917389375 0.2469668640625 0.3406713453125 0.22322098281249997 0.36200137187500003 0.243474990625 0.390442734375 0.2727648234375 0.36917389375