2 0.9489168390625 0.4043728125 0.9111865218749999 0.3982319328125 0.9051657125 0.45071844531250005 0.9385650406250001 0.454382390625 0.9489168390625 0.4043728125
2 0.7679057578124999 0.0576742875 0.7586147359375001 0.09881785625 0.7951281078125 0.105489525 0.8058873234374999 0.0646935828125 0.7679057578124999 0.0576742875
2 0.676545859375 0.2806687984375 0.643498440625 0.2759624671875 0.6381069390625 0.3107686234375 0.674774121875 0.31447552968750003 0.676545859375 0.2806687984375
2 0.5964688078125 0.12957394375 0.5916057359375 0.1542970609375 0.6580807484375 0.16789003593750002 0.6608851375 0.1427116765625 0.5964688078125 0.12957394375
2 0.057763575 0.2321818484375 0.0609265734375 0.285277965625 0.101297921875 0.286404884375 0.10173572500000001 0.232701071875 0.057763575 0.2321818484375
2 0.22914729843749998 0.3541623 0.2305126265625 0.316765315625 0.16346826875 0.30839344999999996 0.1645483984375 0.350180684375 0.22914729843749998 0.3541623
2 0.47193769999999996 0.20273957187499997 0.4589000921875 0.2359574484375 0.49824374374999997 0.25102155625 0.5069543734375 0.21528001406250002 0.47193769999999996 0.20273957187499997
2 0.444709703125 0.42731139999999995 0.4078520734375 0.41586360625 0.40214346875 0.43400063437499997 0.44286251718749997 0.43986787187500004 0.444709703125 0.42731139999999995
2 0.4569080546875 0.410107484375 0.449081015625 0.44597669375000004 0.50615385 0.4574543859375 0.5151113921875 0.42267395937499996 0.4569080546875 0.410107484375
2 0.5321035109375 0.3480344046875 0.523778403125 0.3820922515625 0.562756825 0.38710785 0.57321094375 0.3521633359375 0.5321035109375 0.3480344046875
2 0.8560930953125 0.04267065625 0.776233225 0.0349164234375 0.7742415765625 0.055901887500000004 0.8565330156250001 0.056966396875000005 0.8560930953125 0.04267065625
2 0.7894417781249999 0.3728207921875 0.781111953125 0.38427867031249996 0.81912438125 0.3963815484375 0.8231840640625 0.38131555625 0.7894417781249999 0.3728207921875
2 0.7807079031249999 0.391988403125 0.777872234375 0.4120612546875 0.81151423125 0.41679718125000004 0.8166357328125 0.40416040156250005 0.7807079031249999 0.391988403125
2 0.784280090625 0.3124820203125 0.7780733343749999 0.328809246875 0.8180511015624999 0.33744617187500003 0.823499 0.32425383750000003 0.784280090625 0.3124820203125
2 0.813873390625 0.3491216515625 0.7815400046875001 0.3420760484375 0.7776739171875 0.359120509375 0.8111605421875 0.3668211171875 0.813873390625 0.3491216515625