2 0.5295984375 0.3388546875 0.49519531250000004 0.35073125 0.51595625 0.44929375 0.5479875 0.43623124999999996 0.5295984375 0.3388546875
2 0.5248546875 0.2676046875 0.5118046875 0.2153546875 0.4376578125 0.2385109375 0.45011406249999997 0.2925421875 0.5248546875 0.2676046875
2 0.5070578125 0.0977921875 0.5331578125 0.2106046875 0.5887453125000001 0.1913078125 0.5640031249999999 0.086509375 0.5070578125 0.0977921875
2 0.660690625 0.3091671875 0.62569375 0.3174796875 0.641709375 0.40060624999999994 0.6785859375000001 0.3872453125 0.660690625 0.3091671875
2 0.5823921875 0.32876249999999996 0.549175 0.3364796875 0.5628171875 0.4190125 0.5984078125 0.41010625 0.5823921875 0.32876249999999996
2 0.87779375 0.19160468749999998 0.8000875000000001 0.2117921875 0.81373125 0.2687921875 0.8947390625 0.24741718750000002 0.87779375 0.19160468749999998
2 0.9038921875 0.019415625 0.8712687499999999 0.037228125 0.8932156250000001 0.1268859375 0.927653125 0.11293125 0.9038921875 0.019415625
2 0.9792265625000001 0.136978125 1 0.131634375 0.9997031249999999 0.03811875 0.9531265624999999 0.058603125 0.9792265625000001 0.136978125
2 0.8985546875000001 0.51104375 0.88431875 0.5140125 0.8772 0.6001078125 0.8938499999999999 0.6027796875 0.8985546875000001 0.51104375
2 0.861184375 0.5662625 0.8433890625 0.5662625 0.8416109374999999 0.6179187500000001 0.855253125 0.6197 0.861184375 0.5662625
2 0.44536875 0.035446875 0.39494843749999997 0.051478125 0.40859218750000004 0.103134375 0.455315625 0.08977500000000001 0.44536875 0.035446875
2 0.0663296875 0.46235625 0.042009375 0.4688875 0.060990625 0.53835625 0.0817171875 0.535090625 0.0663296875 0.46235625
2 0.1594578125 0.6689828125 0.1475953125 0.6749203125000001 0.1564921875 0.7093578125 0.16889062500000002 0.7051999999999999 0.1594578125 0.6689828125
2 0.068109375 0.933796875 0.0503140625 0.9242968749999999 0.0443828125 0.945671875 0.062178124999999994 0.947453125 0.068109375 0.933796875
2 0.09065 0.9041078125 0.067515625 0.8957968749999999 0.059804687499999995 0.9088593749999999 0.08471875 0.919546875 0.09065 0.9041078125
2 0.106071875 0.875015625 0.08531093749999999 0.8661078124999999 0.07937968749999999 0.8839218750000001 0.1021765625 0.8895625 0.106071875 0.875015625
2 0.1274265625 0.8334531249999999 0.10073281249999999 0.8251390625000001 0.09065 0.8577953125000001 0.11373906250000002 0.8681875 0.1274265625 0.8334531249999999
2 0.20750625 0.8387953125 0.2134375 0.8251390625000001 0.1920828125 0.8162328125 0.1831859375 0.8346390625 0.20750625 0.8387953125
2 0.21106406249999998 0.849484375 0.1926765625 0.842953125 0.183778125 0.8577953125000001 0.2053609375 0.8681875 0.21106406249999998 0.849484375
2 0.2430953125 0.8417640625 0.2205546875 0.8346390625 0.21936874999999997 0.849484375 0.23827343750000002 0.8592812500000001 0.2430953125 0.8417640625
2 0.25199375 0.8762015625 0.231825 0.870859375 0.22767343750000002 0.8851078125 0.2489484375 0.894015625 0.25199375 0.8762015625
2 0.2739421875 0.861953125 0.25199375 0.8548265625000001 0.24843437499999999 0.872046875 0.27207499999999996 0.8797640624999999 0.2739421875 0.861953125
2 0.28995625 0.9011390625000001 0.2715671875 0.891046875 0.26504374999999997 0.9088593749999999 0.28275 0.9145 0.28995625 0.9011390625000001
2 0.3047859375 0.883328125 0.284025 0.8767953125 0.281653125 0.890453125 0.30300625000000003 0.8975765625 0.3047859375 0.883328125
2 0.319021875 0.922515625 0.300634375 0.9106390624999999 0.293515625 0.9272656250000001 0.31477187500000003 0.9376562500000001 0.319021875 0.922515625
2 0.33919062499999997 0.9047015625 0.323175 0.8963906250000001 0.3154625 0.9136078124999999 0.33078281249999997 0.920734375 0.33919062499999997 0.9047015625
2 0.3575796875 0.933203125 0.3409703125 0.923703125 0.3338515625 0.9379531249999999 0.351646875 0.945671875 0.3575796875 0.933203125
2 0.371221875 0.9159843750000001 0.352240625 0.899953125 0.3433421875 0.9136078124999999 0.3629171875 0.9254843749999999 0.371221875 0.9159843750000001