2 0.36287974218749997 0.76201821875 0.31390270781249996 0.7598284796875 0.3139511703125 0.815716596875 0.35556077343750003 0.8153180593749999 0.36287974218749997 0.76201821875
2 0.5283848296875 0.3567665953125 0.5660173453125 0.3631198296875 0.571108896875 0.2641536671875 0.5389271625000001 0.262867415625 0.5283848296875 0.3567665953125
2 0.468536428125 0.25882709375 0.46889931718750005 0.311131346875 0.500396371875 0.3106682203125 0.5037481140625 0.26114368125 0.468536428125 0.25882709375
2 0.65557763125 0.1396247515625 0.6899267015625 0.14079741875000001 0.695520940625 0.062021678125 0.6638372765625 0.058924065625 0.65557763125 0.1396247515625
2 0.7332549187499999 0.21463098125000002 0.7990730390625 0.2153435515625 0.7992976671875 0.1243617953125 0.738896746875 0.1180142375 0.7332549187499999 0.21463098125000002
2 0.8454971125 0.120753021875 0.9262301718750001 0.12306219375 0.925641590625 0.061256732812500006 0.8457001671875 0.056527812499999996 0.8454971125 0.120753021875
2 0.1076538546875 0.1362321546875 0.12085214687500001 0.1394066984375 0.12339570625 0.0961658796875 0.1122200203125 0.0985352671875 0.1076538546875 0.1362321546875
2 0.08387817812500001 0.0911036921875 0.078124575 0.12886281093750002 0.0941711734375 0.1286164078125 0.0970516734375 0.0927899953125 0.08387817812500001 0.0911036921875
2 0.0541597703125 0.0914704734375 0.053621418750000004 0.1265780125 0.0674812390625 0.13001516875000002 0.0700805890625 0.08885396875 0.0541597703125 0.0914704734375
2 0.22044634375 0.0869192828125 0.25469513906249996 0.08958205 0.25800618124999997 0.05462648437499999 0.2223584921875 0.055305570312499996 0.22044634375 0.0869192828125
2 0.3778205453125 0.1506139953125 0.3827709375 0.08286988281249999 0.3623213421875 0.08186062499999999 0.357436865625 0.1475187390625 0.3778205453125 0.1506139953125
2 0.3972970375 0.022949403125 0.47345492343749995 0.026390196875 0.4752906796875 0.0018573734375 0.40056042031250005 0.0057738203125 0.3972970375 0.022949403125
2 0.30405269375 0.036754603125 0.312972809375 0.0103640921875 0.269484053125 0.0126432421875 0.2668773140625 0.0309735375 0.30405269375 0.036754603125
2 0.5581042765625 0.6174137187500001 0.5924992140625001 0.6301795593749999 0.5982509406250001 0.6004456 0.5675357937500001 0.5931384046875 0.5581042765625 0.6174137187500001
2 0.6776069921875 0.5713150031249999 0.6400572421875 0.558420346875 0.6235359218750001 0.59495851875 0.65290590625 0.610663246875 0.6776069921875 0.5713150031249999
2 0.6783018359375 0.8001876125 0.6987681984375 0.8029796859375 0.7078733140625 0.751667215625 0.6875845015625 0.750352246875 0.6783018359375 0.8001876125