2 0.0642340546875 0.1834078078125 0.0293959796875 0.1721821375 0.0065119828125 0.2177113125 0.0440655203125 0.23101844531250001 0.0642340546875 0.1834078078125
2 0.42216932500000004 0.8358327359375 0.3850067515625 0.835906621875 0.3828455953125 0.861566665625 0.4186732390625 0.8630494703125 0.42216932500000004 0.8358327359375
2 0.363262671875 0.8532750953124999 0.3429878125 0.8610870765625 0.3734880390625 0.909852253125 0.3826976125 0.9002032640625 0.363262671875 0.8532750953124999
2 0.9359397625 0.5064645890625 0.8749647015625 0.5575085796875 0.9103554968750001 0.60137800625 0.969930671875 0.548536471875 0.9359397625 0.5064645890625
2 0.8332524250000001 0.054163828125 0.802933134375 0.0626443859375 0.8140071093750001 0.10705967187500001 0.850265778125 0.102921228125 0.8332524250000001 0.054163828125
2 0.8203022687500001 0.11988810624999999 0.8036451703124999 0.12679969062500002 0.8253661593749999 0.1746877 0.842633596875 0.17283337031249998 0.8203022687500001 0.11988810624999999
2 0.9150098812499999 0.14192137031250002 0.9232256859374999 0.13068276406249998 0.9095623906249999 0.07588228125 0.8850853531249999 0.1224237953125 0.9150098812499999 0.14192137031250002
2 0.618185278125 0.0645921046875 0.5673961640625 0.0374300890625 0.549695459375 0.06941389375 0.6006270781249999 0.09715391875 0.618185278125 0.0645921046875
2 0.3555196671875 0.3405429625 0.3292350375 0.32289475156249997 0.309087825 0.34997475625 0.34074141562500004 0.37149215625 0.3555196671875 0.3405429625
2 0.328106940625 0.521076378125 0.3034603109375 0.4990374125 0.27928406093749997 0.529572896875 0.3113682296875 0.5503694046875001 0.328106940625 0.521076378125
2 0.26487685625 0.7234066328125001 0.23466067656249998 0.703675809375 0.2230039375 0.728026975 0.25062856093749997 0.74809798125 0.26487685625 0.7234066328125001
2 0.252805165625 0.47276149375000004 0.22490479375 0.4536771296875 0.210370246875 0.4713946390625 0.23698700625 0.4947797875 0.252805165625 0.47276149375000004
2 0.218295078125 0.1688902125 0.18652035 0.15016151875 0.1695382640625 0.18257969062499999 0.1993202859375 0.20149925937500002 0.218295078125 0.1688902125
2 0.7201878374999999 0.06397525468750001 0.700052146875 0.09380766874999999 0.730266228125 0.1144601265625 0.750125471875 0.0813229875 0.7201878374999999 0.06397525468750001
2 0.0687608546875 0.2934839703125 0.06463386875 0.3086049734375 0.0882288 0.3247788390625 0.0981574734375 0.3082097015625 0.0687608546875 0.2934839703125
2 0.08060823125 0.2696972 0.0701022734375 0.2888595875 0.09974145 0.30475191874999996 0.10952765312499999 0.2851570578125 0.08060823125 0.2696972
2 0.19822468124999998 0.272232578125 0.1885214671875 0.2660736140625 0.1758567296875 0.30354267031250004 0.1925480546875 0.3018319828125 0.19822468124999998 0.272232578125
2 0.1449325359375 0.1761539828125 0.1291079171875 0.17244075625 0.12378025937499999 0.2099178625 0.13917564843750002 0.21282022031249997 0.1449325359375 0.1761539828125
2 0.8802787343749999 0.3163147609375 0.8616069124999999 0.33965648125 0.8869289765625 0.360303190625 0.9031900015625001 0.339705903125 0.8802787343749999 0.3163147609375