2 0.038899596875 0.6426442406249999 0.079043596875 0.6525336703125 0.0966746484375 0.57558005625 0.059787287499999994 0.563346321875 0.038899596875 0.6426442406249999
2 0.075684859375 0.7181529921875 0.1130763859375 0.725963634375 0.120182025 0.664023309375 0.08969343125 0.65902776875 0.075684859375 0.7181529921875
2 0.0048288968750000005 0.49607527500000004 0.0001398328125 0.5157611234374999 0.0020961953124999998 0.5530907468749999 0.0486108015625 0.5675432390624999 0.061182143749999994 0.5103580984375 0.0048288968750000005 0.49607527500000004
2 0.006350315625 0.46727968750000004 0.0445996140625 0.47518048437499993 0.054782328125 0.4350563125 0.016777751562500002 0.42210656406249997 0.006350315625 0.46727968750000004
2 0.027998709375000003 0.422987421875 0.0641890390625 0.4306718125 0.072910578125 0.38740896406249997 0.037174234375 0.3812648390625 0.027998709375000003 0.422987421875
2 0.256659584375 0.5365737312500001 0.2982704328125 0.547215921875 0.3115561078125 0.46622346718749996 0.2796063390625 0.458089246875 0.256659584375 0.5365737312500001
2 0.280305359375 0.27756243281250004 0.3461336609375 0.2961231671875 0.3579907703125 0.2513988171875 0.2928512859375 0.2355970734375 0.280305359375 0.27756243281250004
2 0.42882812656249997 0.106902396875 0.4779254609375 0.11474775468750001 0.49158219062499997 0.041555567187499996 0.43991640312499997 0.0337371921875 0.42882812656249997 0.106902396875
2 0.2969427859375 0.7915578640625001 0.33728223125 0.8002753640625 0.3491391109375 0.7442076 0.31107247031249996 0.7318483484375 0.2969427859375 0.7915578640625001
2 0.12792743906249998 0.8167791125000001 0.16719981875 0.8295651765625 0.17812590781249998 0.78235331875 0.1390358765625 0.7740656484375 0.12792743906249998 0.8167791125000001
2 0.222676321875 0.740766665625 0.2414005484375 0.7478093359375 0.250992765625 0.7076231 0.22826507031249998 0.696876034375 0.222676321875 0.740766665625
2 0.1995801734375 0.6201290953124999 0.275641734375 0.6433475109375 0.2881513390625 0.586749759375 0.21152294062500002 0.5667569515624999 0.1995801734375 0.6201290953124999
2 0.5220636234375 0.9047736687500001 0.5548452390625 0.915083321875 0.574680446875 0.822838840625 0.539905428125 0.81321363125 0.5220636234375 0.9047736687500001
2 0.548692071875 0.7195093906250001 0.6190753499999999 0.7409369546875 0.6322373531250001 0.6838123234375 0.5583707515625 0.66589928125 0.548692071875 0.7195093906250001
2 0.8890906171875 0.5869253546875 0.9244301390624999 0.5992964859375001 0.9328112187500001 0.5649531609375 0.9012036953125 0.5592429937500001 0.8890906171875 0.5869253546875
2 0.8893558 0.2463514359375 0.9062443312499999 0.21051419999999998 0.8803810656250001 0.2012286359375 0.866285865625 0.233180321875 0.8893558 0.2463514359375
2 0.6959025343749999 0.2549741765625 0.7261970265625 0.260844846875 0.7416236953124999 0.1878386875 0.7086810703124999 0.189150871875 0.6959025343749999 0.2549741765625
2 0.681090075 0.0725185296875 0.7136736140625 0.079226809375 0.7262770421875 0.027416656249999997 0.6925588921875 0.0190965703125 0.681090075 0.0725185296875
2 0.9433049375 0.5559067453125001 0.9138171156249999 0.7005716078125 0.9785452984375 0.7184181234375 0.9943094968749999 0.5684317890624999 0.9433049375 0.5559067453125001
2 0.6700573859375 0.9917738437500001 0.679102940625 0.9585929515625 0.64209316875 0.9475388203125 0.6301931656249999 0.9938630390625001 0.6700573859375 0.9917738437500001
2 0.0731114234375 0.2405614484375 0.08911116875 0.24463117343750002 0.1011841515625 0.169481465625 0.0856922625 0.1636740578125 0.0731114234375 0.2405614484375