2 0.5388279125000001 0.4188612796875 0.53742449375 0.39409443906249997 0.44436173593749995 0.4065325984375 0.4460117875 0.42990070625000004 0.5388279125000001 0.4188612796875
2 0.4417373828125 0.4623213171875 0.434492390625 0.43796667187500005 0.3956555921875 0.44554251562499997 0.40413375625 0.46290348437500006 0.4417373828125 0.4623213171875
2 0.3757365046875 0.4030854578125 0.3679982453125 0.38152828437499997 0.329820275 0.393546965625 0.335994240625 0.407617196875 0.3757365046875 0.4030854578125
2 0.3290936703125 0.4958277921875 0.31666593593750003 0.4763281828125 0.258332671875 0.52085169375 0.2742977796875 0.5366483671875 0.3290936703125 0.4958277921875
2 0.326469315625 0.5516165078124999 0.3081984703125 0.532528825 0.28277594375000004 0.5540093374999999 0.29824778125 0.5726034796875 0.326469315625 0.5516165078124999
2 0.2748017453125 0.6074125078125 0.22896658906249998 0.5892349734375 0.22016513125 0.606433525 0.271595225 0.6255975984375 0.2748017453125 0.6074125078125
2 0.202718403125 0.5990305265625 0.154991515625 0.5834022875 0.15063289375 0.5999420078125001 0.19720768125000002 0.613924878125 0.202718403125 0.5990305265625
2 0.1285118046875 0.6926799296875 0.0379967359375 0.6824901609375 0.039070634375 0.7172960453125 0.12703486718749998 0.7255938109375 0.1285118046875 0.6926799296875
2 0.5764371546875 0.7387138359375001 0.624851590625 0.7446660281249999 0.6323367578125 0.6881065484375 0.58977685 0.682469521875 0.5764371546875 0.7387138359375001
2 0.6282216453125 0.718499009375 0.710359184375 0.7255139265625 0.714474296875 0.6951214671875 0.636063825 0.6881417812499999 0.6282216453125 0.718499009375
2 0.6727907796875 0.4525796953125 0.66859143125 0.42731985781250004 0.5518284484375 0.4269241046875 0.5537251359375001 0.4488934734375 0.6727907796875 0.4525796953125