2 0.2527279234375 0.975597203125 0.2855103234375 0.9834452921875 0.307439775 0.928036915625 0.2747523828125 0.918807715625 0.2527279234375 0.975597203125
2 0.57037459375 0.186744446875 0.6323932265625001 0.2730214390625 0.6747913234375 0.242655009375 0.610202375 0.15342120625 0.57037459375 0.186744446875
2 0.9878124843749999 0.4534208640625 0.995549821875 0.43337192812499997 0.9893154046875001 0.38901174374999997 0.982873153125 0.3850237640625 0.9486020046875 0.438179803125 0.9878124843749999 0.4534208640625
2 0.92981259375 0.150772134375 0.8968664484375 0.16513391093750002 0.9161770625000001 0.2067589109375 0.9440792531250001 0.1851009484375 0.92981259375 0.150772134375
2 0.9242760671875001 0.2101023265625 0.9458669640625 0.2588318203125 0.9633212421874999 0.2475531453125 0.9484466796875 0.202071946875 0.9242760671875001 0.2101023265625
2 0.0650162625 0.20418178281250002 0.06872882500000001 0.309990690625 0.084125571875 0.3082902578125 0.079322040625 0.198237096875 0.0650162625 0.20418178281250002
2 0.506647003125 0.34338999062500003 0.5193160796875 0.3012241515625 0.46766722656250004 0.2851133140625 0.45351891093749996 0.32856503593749997 0.506647003125 0.34338999062500003
2 0.3864189140625 0.8710636890625001 0.364682821875 0.9237069421875 0.3834525953125 0.9333522515625001 0.39994992812499996 0.8761762687499999 0.3864189140625 0.8710636890625001
2 0.4122916265625 0.87842860625 0.3963741453125 0.9273123375000001 0.408232671875 0.9364743656250001 0.4315446828125 0.881162665625 0.4122916265625 0.87842860625
2 0.6829753546874999 0.2447152921875 0.5870015578125 0.29752413906249997 0.63017369375 0.36125341718750004 0.722595009375 0.30522015625 0.6829753546874999 0.2447152921875
2 0.5559609187500001 0.0858416421875 0.4949696890625 0.132170275 0.5443195890625 0.19900994375 0.6048629046875 0.161281953125 0.5559609187500001 0.0858416421875
2 0.501554578125 0.148699565625 0.45111179375 0.1463642296875 0.45389452343750003 0.2513139953125 0.5032147203124999 0.2505964 0.501554578125 0.148699565625
2 0.0902601953125 0.096132634375 0.04107406875 0.08436040624999999 0.0378035609375 0.1010933390625 0.08542096875 0.114243871875 0.0902601953125 0.096132634375