2 0.44764886875 0.245323303125 0.41243585781250003 0.2358426609375 0.3793034734375 0.3180756109375 0.4116466890625 0.3267155859375 0.44764886875 0.245323303125
2 0.46323356093749996 0.35550559375 0.5107701265625 0.254316803125 0.4701830921875 0.24314844375 0.432752228125 0.3447546796875 0.46323356093749996 0.35550559375
2 0.535748521875 0.2901050703125 0.5200822765625001 0.2773140375 0.4852777515625 0.3592776921875 0.5062367109375 0.369008703125 0.535748521875 0.2901050703125
2 0.5716648265625001 0.23781403281250002 0.5830023 0.2067364328125 0.5482689609375 0.1907151734375 0.537618409375 0.2271253453125 0.5716648265625001 0.23781403281250002
2 0.5865863296875 0.310002109375 0.5567608296875 0.3028027921875 0.5182389374999999 0.3759252875 0.5543182921875001 0.3934076546875 0.5865863296875 0.310002109375
2 0.42066798437499997 0.7755030578125 0.3691726875 0.8880439156250001 0.42083820312500003 0.9114911093750001 0.47386126562499997 0.7941713 0.42066798437499997 0.7755030578125
2 0.4421997828125 0.92002585 0.3943820609375 0.9030437359375 0.3778762484375 0.9443068374999999 0.43242403906250004 0.9629529984375 0.4421997828125 0.92002585
2 0.637781503125 0.9629315125 0.6211668875 0.9979611875 0.6799563703125 0.9969350140625 0.686734709375 0.9769230437499999 0.637781503125 0.9629315125
2 0.44851427343749994 0.6693134 0.407198840625 0.6504362671874999 0.359690659375 0.72549714375 0.41244109062499995 0.746548478125 0.44851427343749994 0.6693134
2 0.3377085828125 0.68490585 0.3923911375 0.686920565625 0.3955834609375 0.6384652828124999 0.3458067484375 0.6384433781250001 0.3377085828125 0.68490585
2 0.516343759375 0.4715666828125 0.48597485 0.46734605 0.46360497812499996 0.512868390625 0.50225069375 0.5234767953125 0.516343759375 0.4715666828125
2 0.372186121875 0.4141035140625 0.3483594171875 0.410364090625 0.3204954078125 0.48151747343749995 0.3475276640625 0.4878747875 0.372186121875 0.4141035140625
2 0.2726525390625 0.531047490625 0.24190022187500002 0.504861453125 0.22356005781250002 0.5431873703125001 0.252596734375 0.560792665625 0.2726525390625 0.531047490625
2 0.15149226875 0.6341167890625 0.133643703125 0.66649571875 0.1783135609375 0.693923425 0.1982454328125 0.65824200625 0.15149226875 0.6341167890625
2 0.0875730796875 0.5794099359375 0.0631600484375 0.6101219296875 0.1124241484375 0.6419248093750001 0.1277993984375 0.6066198484374999 0.0875730796875 0.5794099359375
2 0.0242563765625 0.525287971875 0.0070947328125 0.562999478125 0.0400351671875 0.5784581921874999 0.055610503125 0.553541946875 0.0242563765625 0.525287971875
2 0.08807078125 0.369775571875 0.0443910734375 0.351533546875 0.02711388125 0.382714825 0.07168391874999999 0.4027228296875 0.08807078125 0.369775571875
2 0.00202086875 0.379861059375 0.013600018750000002 0.39215523750000003 0.034335623437500004 0.354084428125 0.002814134375 0.33441495 0.00202086875 0.379861059375
2 0.0162683140625 0.169715415625 0.0051847015625 0.19860516875 0.004720375000000001 0.2252064515625 0.028674140625 0.235118240625 0.056261689062499995 0.1808941375 0.0162683140625 0.169715415625
2 0.010650014062500001 0.08608041875 0.006921421875 0.099108603125 0.006497939062499999 0.12336985781250001 0.0304330453125 0.1317593015625 0.041203884375 0.10098694999999999 0.010650014062500001 0.08608041875
2 0.007515415625000001 0.8634769625000001 0.016046709375000003 0.8716418140625001 0.03404338125 0.8137267203125 0.0063030171875 0.7940187921875 0.007515415625000001 0.8634769625000001
2 0.7696257531249999 0.24682926093750002 0.7565161 0.2785316328125 0.7920568765625 0.285929675 0.8042331781250001 0.25572663281249997 0.7696257531249999 0.24682926093750002
2 0.8547423937499999 0.22277760624999998 0.8630286703125 0.1870025421875 0.8373484234375 0.17913702812500001 0.8230721781250001 0.21204744375 0.8547423937499999 0.22277760624999998
2 0.9614838828125001 0.450732240625 0.9268868187500001 0.4424285296875 0.9104431828124999 0.4872535875 0.9454206265625 0.4988167828125 0.9614838828125001 0.450732240625