2 0.7390625 0.35859375 0.0734375 0.0546875
2 0.1125650984375 0.6659823281249999 0.06260809375000001 0.6871965546875 0.10896555781249999 0.8096775953125 0.1543196203125 0.7928394125 0.1125650984375 0.6659823281249999
2 0 0.5075912421875 0.0034876578125000003 0.5181171703125 0.0636719640625 0.5012021890625 0.039247225000000004 0.4358861671875 0 0.45318786875 0 0.5075912421875
2 0.12071557656250001 0.1970874453125 0.037024240624999996 0.2197040359375 0.08024948750000001 0.34165584843749996 0.1586217875 0.31620982343750004 0.12071557656250001 0.1970874453125
2 0.510676740625 0.486337696875 0.433248928125 0.5100097531250001 0.4413305328125 0.5461592953125 0.5246066109374999 0.5221844531250001 0.510676740625 0.486337696875
2 0.5095434703125 0.710973615625 0.4080793984375 0.7434795046875 0.417856221875 0.7657422515625 0.51535755625 0.7299906328125 0.5095434703125 0.710973615625
2 0.4113236359375 0.7395172234375 0.5096559453125 0.7064836015625 0.5045599015625 0.694673103125 0.407395534375 0.7169531859375 0.4113236359375 0.7395172234375
2 0.6632742640625 0.9417352671874999 0.62753998125 0.951175125 0.6344878265625 0.9787584062500001 0.6733538718750001 0.9698462796875 0.6632742640625 0.9417352671874999
2 0.75677059375 0.1689873 0.7122807734375 0.16922068750000002 0.7096851843749999 0.219031040625 0.7517612875 0.22547643750000002 0.75677059375 0.1689873
2 0.6445084125 0.16617416406250002 0.616509875 0.171763759375 0.621044003125 0.20602582187500001 0.6434960234375 0.2065892296875 0.6445084125 0.16617416406250002
2 0.3138035 0.762819421875 0.291616234375 0.69653830625 0.215637596875 0.7173295375000001 0.2325808109375 0.7863707171875001 0.3138035 0.762819421875
2 0.2533643921875 0.699261359375 0.24582304531250002 0.6829798109375 0.2093613984375 0.691563675 0.2163936765625 0.7103700078124999 0.2533643921875 0.699261359375
2 0.9184480875000001 0.596548190625 0.89640164375 0.5013825359374999 0.8369368453125 0.5206509234375 0.8611680796875 0.6082928015625 0.9184480875000001 0.596548190625
2 0.32977355625000004 0.3560824453125 0.29452000312500004 0.23867833593749999 0.17763645781249998 0.2776172859375 0.2132427234375 0.3951276 0.32977355625000004 0.3560824453125
2 0.5871530390624999 0.1710026734375 0.585699628125 0.151578884375 0.54992130625 0.15610765 0.5517188703125 0.17246724062500002 0.5871530390624999 0.1710026734375