2 0.5305813125000001 1 0.573211878125 0.994765625 0.5767905203125 0.969092875 0.49166805625 0.9637283406250001 0.48984901406250003 0.999898978125 0.49982437187500006 1 0.5305813125000001 1
2 0.3271613140625 0.879327259375 0.332896628125 0.8399307296874999 0.29904766875 0.8399337359375 0.2972599078125 0.8743124578125 0.3271613140625 0.879327259375
2 0.164140078125 0.7438427625 0.14294268593749998 0.801612865625 0.17720930625 0.8117030625 0.195315725 0.760998840625 0.164140078125 0.7438427625
2 0.8519021921875 0.0073118140625 0.8688056968750001 0.0424434203125 0.902352403125 0.0258247984375 0.893753628125 0.008042334375 0.8519021921875 0.0073118140625
2 0.5843833984375 0.278939025 0.5797266203125 0.239625203125 0.5535509453125 0.24221095468749998 0.5516907 0.28074217031250004 0.5843833984375 0.278939025
2 0.5136343671875 0.2836378125 0.5451397734375 0.2818123796875 0.5446253265625 0.243242840625 0.5155153109375 0.24392084062500002 0.5136343671875 0.2836378125
2 0.36759218125 0.17904653125 0.406630365625 0.1880323359375 0.40987814843750003 0.17207252343749999 0.3791320890625 0.1644160140625 0.36759218125 0.17904653125
2 0.40520492968750005 0.2016532828125 0.3747671828125 0.1933442421875 0.36593902031250003 0.2057139296875 0.4019260625 0.219394075 0.40520492968750005 0.2016532828125
2 0.3722168484375 0.0842049859375 0.374258203125 0.06940867187500001 0.34003144375 0.0569453734375 0.33316111875 0.07640343125 0.3722168484375 0.0842049859375
2 0.363441334375 0.1107480625 0.3640390546875 0.09351524375 0.3146111734375 0.08438559375 0.31136336249999996 0.1003469671875 0.363441334375 0.1107480625
2 0.0889540453125 0.25427320781249996 0.0898612015625 0.2364128828125 0.0595712734375 0.2365561484375 0.055729832812500005 0.25250559687499996 0.0889540453125 0.25427320781249996
2 0.0529721421875 0.2744092421875 0.0891972734375 0.2744492765625 0.0888712265625 0.2590177984375 0.053866009375 0.25722066250000003 0.0529721421875 0.2744092421875
2 0.0922698015625 0.557619465625 0.0809079015625 0.579241653125 0.11150904843750001 0.595200021875 0.12434856406250001 0.574067759375 0.0922698015625 0.557619465625
2 0.22160558749999998 0.6837396453125 0.2230620546875 0.66834084375 0.1740781859375 0.6508739218749999 0.1619669046875 0.6643067828125 0.22160558749999998 0.6837396453125
2 0.1332399125 0.643041253125 0.1370295984375 0.630056975 0.1174388328125 0.62971501875 0.1136372234375 0.6432929265625 0.1332399125 0.643041253125