2 0.7615766984375 0.5481007515625 0.8022024234374999 0.5573608484375 0.8100796421875 0.49766589687499996 0.7691727109375 0.4929005359375 0.7615766984375 0.5481007515625
2 0.7833649265625 0.71635924375 0.7851249140625 0.6548154078125 0.746965328125 0.6474256140625 0.74379466875 0.71326499375 0.7833649265625 0.71635924375
2 0.299804246875 0.740486771875 0.3482545765625 0.7317777828125 0.335449859375 0.6738922640625 0.289107228125 0.68867504375 0.299804246875 0.740486771875
2 0.5018664953124999 0.274003903125 0.5406622359375 0.16779660624999998 0.4509955 0.129748040625 0.41300511249999994 0.23320279687499998 0.5018664953124999 0.274003903125
2 0.8598601374999999 0.937347234375 0.8913248578124999 0.9390645640624999 0.891649965625 0.9059571203125 0.857605446875 0.9047635046875 0.8598601374999999 0.937347234375
2 1 0.6866954203125 0.98835238125 0.6841207328125 0.9837239625 0.7196907312499999 1 0.7255428937499999 1 0.6866954203125
2 0.535114278125 0.6948670546875 0.5746189562499999 0.69886106875 0.577208478125 0.6467809453125 0.540387121875 0.6410621265625001 0.535114278125 0.6948670546875
2 0.402558696875 0.914772465625 0.4155307453125 0.9154271812499999 0.4170996359375 0.878931253125 0.4006586546875 0.8815632578124999 0.402558696875 0.914772465625
2 0.44278685468749995 0.9070824 0.44086179999999997 0.8714897390624999 0.425084484375 0.8681003625000001 0.4288105296875 0.9106892421874999 0.44278685468749995 0.9070824
2 0.12649805625 0.8620383171875 0.1930484453125 0.8293951015625 0.1853492578125 0.8026518625 0.11588939375 0.8254173187499999 0.12649805625 0.8620383171875
2 0.1788961625 0.9200375375000001 0.204046225 0.9142610843750001 0.202597125 0.8976977906249999 0.1787021078125 0.89680824375 0.1788961625 0.9200375375000001
2 0.21263430625000002 0.8974172390625 0.2428314578125 0.8947753296875 0.24079242343749999 0.8782636484375 0.21841001875 0.874261675 0.21263430625000002 0.8974172390625
2 0.139951696875 0.9341714937500001 0.158709075 0.933724040625 0.15700123125 0.91420329375 0.13798885 0.9146761937500001 0.139951696875 0.9341714937500001
2 0.124569878125 0.9829006609375 0.140238875 0.9812333609375001 0.140886778125 0.9477996671875 0.1231279953125 0.9421995750000001 0.124569878125 0.9829006609375