2 0.21544660625 0.1894262171875 0.2022997234375 0.076085871875 0.1545077734375 0.080048465625 0.1675559953125 0.19039868124999998 0.21544660625 0.1894262171875
2 0.86513276875 0 0.8716301281250001 0.0476244328125 0.9142486312500001 0.0435795046875 0.9107923765624999 0 0.86513276875 0
2 0.8901370828124999 0.4450614796875 0.8693312984375 0.3136989296875 0.8262420015625 0.3181174171875 0.8489391 0.450384296875 0.8901370828124999 0.4450614796875
2 0.7754685453125 0.3808639 0.771089046875 0.33045969531249997 0.72594669375 0.333102490625 0.7332591828125 0.3911576953125 0.7754685453125 0.3808639
2 0.5651775984375 0.3726912828125 0.5317537875 0.3815920015625 0.5563827609375 0.46125275 0.585054153125 0.4488951 0.5651775984375 0.3726912828125
2 0.32202519375 0.3390647 0.2785136828125 0.34114703749999997 0.2926045390625 0.4338987328125 0.3344147703125 0.42487045468750007 0.32202519375 0.3390647
2 0.3368945125 0.5429060640625 0.3290130609375 0.46660586249999997 0.278661125 0.4715750703125 0.2913827171875 0.551316728125 0.3368945125 0.5429060640625
2 0.26836274531250004 0.8723737140625 0.26046744843749997 0.822524775 0.21489036874999998 0.8267377187499999 0.22158494062499998 0.8803821578125 0.26836274531250004 0.8723737140625
2 0.7738484390625 0.8939071921874999 0.77900014375 0.9453913937499999 0.8086021546875 0.9388994421874999 0.7986465593750001 0.888777253125 0.7738484390625 0.8939071921874999
2 0.43503659531250005 0.8591989140624999 0.42012403593750003 0.7840123296875 0.3631366796875 0.7945411171875 0.3747556640625 0.8729545328125001 0.43503659531250005 0.8591989140624999
2 0.33333571875 0.672117653125 0.3272980828125 0.6339975124999999 0.28548760624999997 0.643024246875 0.2885667421875 0.68521829375 0.33333571875 0.672117653125
2 0.6478858109375001 0.5687953609374999 0.56071161875 0.5795966390625 0.57670963125 0.665432025 0.6537455249999999 0.6619458484375 0.6478858109375001 0.5687953609374999
2 0.84887010625 0.7798292296875 0.8573494109375 0.7802881109375 0.8536783765625 0.7267659390625 0.840993184375 0.729676803125 0.84887010625 0.7798292296875
2 0.8764050046875 0.775468128125 0.8905877 0.7702160546875 0.8817068328125 0.7217255171875 0.8654534734375 0.724900946875 0.8764050046875 0.775468128125
2 0.9057921078125 0.7714148203125 0.9204098296875 0.7727049265625 0.9189594453125001 0.7218367953125 0.899577675 0.718594478125 0.9057921078125 0.7714148203125
2 0.9286893109375001 0.5519718265625 0.9405004359375001 0.5507038609375 0.93326231875 0.516380765625 0.9210853203125 0.513201209375 0.9286893109375001 0.5519718265625