1 0.425803321875 0.326656896875 0.4323402328125 0.2801733984375 0.39503667187499997 0.2742834875 0.388144421875 0.3219640640625 0.425803321875 0.326656896875
1 0.5834400390625001 0.4558224453125 0.5601740015625001 0.3913597796875 0.5131041234375 0.410426165625 0.5352712125 0.4750810171875 0.5834400390625001 0.4558224453125
1 0.6412120328124999 0.41390360312499996 0.6301934734375 0.3835463859375 0.5707750625 0.4064909890625 0.5806946749999999 0.43704039375 0.6412120328124999 0.41390360312499996
1 0.531830015625 0.352725978125 0.5264661953124999 0.32873986718750003 0.504612415625 0.3365597890625 0.511171775 0.3609015109375 0.531830015625 0.352725978125
1 0.477551440625 0.366263265625 0.5073577796875 0.355341840625 0.4986678859375 0.318908253125 0.46701826718749995 0.3290218640625 0.477551440625 0.366263265625
1 0.130656853125 0.3945652234375 0.1591755078125 0.3345718890625 0.12433038593750001 0.3169169640625 0.09286977656249999 0.3762962078125 0.130656853125 0.3945652234375
1 0.1399882140625 0.2353922796875 0.1229794890625 0.2706898765625 0.158858534375 0.29099616875 0.1501279359375 0.30896806718750003 0.16641970781249998 0.3145948265625 0.1904141546875 0.2610665828125 0.1399882140625 0.2353922796875
1 0.17533097656250002 0.159464053125 0.1696721046875 0.1723613953125 0.191038434375 0.18105988281250002 0.1701172546875 0.22951329999999998 0.19988782031250002 0.24409649687499999 0.22905421406249998 0.1845553671875 0.17533097656250002 0.159464053125
1 0.0765346296875 0.2193817046875 0.0660249734375 0.2433346484375 0.019025575 0.221022665625 0.0039899015625 0.25143943125 0.0651142953125 0.283160328125 0.091920184375 0.22630267656249997 0.0765346296875 0.2193817046875
1 0.06988779843750001 0.127058315625 0.053363659375000004 0.165104140625 0.0923462765625 0.18372876875 0.08073794375 0.2078754390625 0.0966741046875 0.21469773593750002 0.12296329531250001 0.151697425 0.06988779843750001 0.127058315625
1 0.10489739843749998 0.12315084843749999 0.1315095609375 0.0651945203125 0.115587515625 0.061655590625 0.0776678 0.06834185937500001 0.062681965625 0.10226257968750001 0.10489739843749998 0.12315084843749999