2 0.8959251484375 0.8446731156249999 0.9459700984375001 0.823024296875 0.9332414328124999 0.7850430984375001 0.8871614046875 0.8136204687499999 0.8959251484375 0.8446731156249999
2 0.8932241078125 0.7817892343749999 0.9142462546875001 0.7622560015625 0.8926101843750001 0.7360399171875 0.87228369375 0.7567258234375001 0.8932241078125 0.7817892343749999
2 0.8324553375000001 0.7457327125 0.8752620796875 0.716139325 0.8563190546874999 0.69037666875 0.8078656421874999 0.7190768578125 0.8324553375000001 0.7457327125
2 0.97337471875 0.27558787812499996 0.9212093671874999 0.31715345781250004 0.9410571328125 0.3440578265625 0.9790638203125 0.3160679375 0.97337471875 0.27558787812499996
2 0.7712062015625001 0.2465322328125 0.813258459375 0.2137082796875 0.7699161203125 0.1538461640625 0.7288592515625 0.1875113640625 0.7712062015625001 0.2465322328125
2 0.679315490625 0.08189704375 0.706985609375 0.0578518859375 0.6831668640624999 0.030561060937500002 0.6562543640625 0.0504029953125 0.679315490625 0.08189704375
2 0.27605052812499997 0.44431304374999997 0.28888306875 0.43561232656250004 0.24176581718749998 0.35751966875 0.23289712499999998 0.3698741890625 0.27605052812499997 0.44431304374999997
2 0.2446130234375 0.4572573453125 0.254942165625 0.45166221718750005 0.21834626406250002 0.387286146875 0.207136984375 0.4003594625 0.2446130234375 0.4572573453125
2 0.20805913281250002 0.46333500625 0.21763379062500002 0.45450931250000004 0.2035416890625 0.42254678281249997 0.1910222359375 0.43331050156249995 0.20805913281250002 0.46333500625
2 0.3256370109375 0.5053327609375 0.3459157390625 0.551835184375 0.3634909875 0.546752153125 0.3406851421875 0.4974093453125 0.3256370109375 0.5053327609375
2 0.11114868281250001 0.9292047406249999 0.1475018703125 0.920163209375 0.13136495937499998 0.849661128125 0.09324822187500001 0.8599826484375 0.11114868281250001 0.9292047406249999
2 0.3085123140625 0.8481065718749999 0.32979829375 0.8419372203125001 0.3119598 0.7890639796875 0.29372790625 0.7929922953124999 0.3085123140625 0.8481065718749999
2 0.131246446875 0.6885402703125 0.1847233546875 0.67741375625 0.169810834375 0.6300355359375 0.12083071406250001 0.6486557281249999 0.131246446875 0.6885402703125
2 0.09365106875 0.6066753546875 0.1299704421875 0.6026909609375 0.1245964265625 0.5616503453125 0.0890730375 0.5647011765625 0.09365106875 0.6066753546875
2 0.2562256140625 0.5880491453125 0.2717173703125 0.58456015 0.26060273125 0.5580899453125 0.249644565625 0.5646098859375 0.2562256140625 0.5880491453125
2 0.27299536562500004 0.5562513453125 0.28138785781250003 0.5801902375 0.2932791359375 0.5801600390625 0.283236296875 0.5473907328125 0.27299536562500004 0.5562513453125