2 0.50116618125 0.3361631328125 0.46934806093750003 0.35383330156250004 0.506908790625 0.44729331875 0.5361851343749999 0.4288670984375 0.50116618125 0.3361631328125
2 0.484122065625 0.2668193234375 0.4621972078125 0.2176292265625 0.39319783125 0.25330915 0.414847271875 0.3043565390625 0.484122065625 0.2668193234375
2 0.437107934375 0.1026770515625 0.48240110312500006 0.20924345781250003 0.5337932359375 0.180587078125 0.4912288796875 0.0816772 0.437107934375 0.1026770515625
2 0.6251116031249999 0.2841627328125 0.5920898593749999 0.298426090625 0.6222969468749999 0.377508690625 0.6562931703125 0.3579471875 0.6251116031249999 0.2841627328125
2 0.551405384375 0.3170567296875 0.5200329171875 0.3304247796875 0.547799521875 0.409334790625 0.5813028921875001 0.3943836015625 0.551405384375 0.3170567296875
2 0.8185019296875 0.130686709375 0.7454817359375 0.1640610640625 0.7688161515624999 0.21782589375 0.84488154375 0.18270876875 0.8185019296875 0.130686709375
2 0.794164078125 0 0.82245121875 0.0642732015625 0.8539423312500001 0.0445505078125 0.833867871875 0 0.794164078125 0
2 0.8768325671874999 0 0.9089079468750001 0.0592764234375 0.9284378578125001 0.05040658906249999 0.9193847281249999 0 0.8768325671874999 0
2 0.8944174734375 0.44166767656249994 0.8809133296875 0.44706336875 0.8888530234375001 0.5330868578125 0.9057140390624999 0.5328268984375 0.8944174734375 0.44166767656249994
2 0.867203534375 0.5025368140625 0.8496785734375001 0.5056269390625 0.856897475 0.5568071828125001 0.87064171875 0.5561924296874999 0.867203534375 0.5025368140625
2 0.3655299171875 0.051991096875 0.3186594015625 0.0765341921875 0.34106588437499996 0.12503645624999998 0.38475965625 0.1037666 0.3655299171875 0.051991096875
2 0.06638134531249999 0.5382342015625 0.043564653125000005 0.54888940625 0.07432065624999999 0.6140067109375 0.09416526562500001 0.6071915671875 0.06638134531249999 0.5382342015625
2 0.19397497187499999 0.7255501140625 0.183323725 0.7334573109375 0.1980654453125 0.765826703125 0.2095535265625 0.7595790906250001 0.19397497187499999 0.7255501140625
2 0.16704153125 0.9690513890625001 0.142815440625 0.9648839546874999 0.1374899296875 0.979086996875 0.16388135625 0.985285846875 0.16704153125 0.9690513890625001
2 0.17717730781250002 0.9377231968749999 0.1551849515625 0.9325558125000001 0.15243718906249998 0.9511291890625 0.17586721249999998 0.952725484375 0.17717730781250002 0.9377231968749999
2 0.19099031718749998 0.893083921875 0.163258384375 0.8895314890625 0.15899945 0.923442478125 0.18354232343750002 0.9296674109374999 0.19099031718749998 0.893083921875
2 0.27078107500000004 0.88443925625 0.2742508328125 0.869960525 0.25167401875 0.864897784375 0.24610851718750001 0.884569328125 0.27078107500000004 0.88443925625
2 0.2761409734375 0.8943481203125 0.25689868125 0.8911090515625 0.25071275000000004 0.90727095 0.2737722546875 0.913757440625 0.2761409734375 0.8943481203125
2 0.306344978125 0.8811829296875 0.282909553125 0.8780803125000001 0.2843194953125 0.8929060281250001 0.3046381875 0.8992713015625 0.306344978125 0.8811829296875
2 0.3210882390625 0.9135520484375 0.3002982359375 0.9117932890624999 0.29868395937500003 0.9265461703125 0.3211825703125 0.9316242890625 0.3210882390625 0.9135520484375
2 0.3402290140625 0.895708771875 0.31737650781250004 0.8925017828125 0.3168614828125 0.910078559375 0.34148303125 0.9135733546875 0.3402290140625 0.895708771875
2 0.362804353125 0.9315185734375 0.342942171875 0.9247729343750001 0.3396109484375 0.94344760625 0.3580276859375 0.9459278796874999 0.362804353125 0.9315185734375
2 0.3743159078125 0.9114030765625 0.35273596406249996 0.908574609375 0.352771778125 0.9224368015625 0.3750374734375 0.9257440859375 0.3743159078125 0.9114030765625
2 0.3951404078125 0.947523184375 0.3749699125 0.9390200109375 0.3708464828125 0.9566301359375 0.393584115625 0.9631717953125 0.3951404078125 0.947523184375
2 0.41190936875000006 0.9264774921875001 0.3946938796875 0.9210739 0.39008828125 0.93936878125 0.4064133609375 0.94372673125 0.41190936875000006 0.9264774921875001
2 0.43496830624999994 0.9513528250000001 0.41696160625 0.9448813390625 0.4124254921875 0.9601510062499999 0.43129080000000003 0.9646623671875 0.43496830624999994 0.9513528250000001
2 0.44541323281249995 0.9320267234375 0.423936553125 0.9195350859375001 0.41754441406250004 0.934527525 0.43888436875 0.9428244921875001 0.44541323281249995 0.9320267234375