2 0.163667175 0.71758495625 0.09186800625 0.7031199531250001 0.084442615625 0.753268815625 0.1596494453125 0.7601830640625 0.163667175 0.71758495625
2 0.1778577453125 0.7985964671875 0.1429584484375 0.7949822140625 0.13988796875 0.8524956515625 0.18008828593749998 0.858169846875 0.1778577453125 0.7985964671875
2 0.274934665625 0.9888909984375 0.26984820625 0.92708696875 0.215269415625 0.9286858515624999 0.2197759875 0.9860002546875 0.274934665625 0.9888909984375
2 0.2867980734375 0.9895127328125 0.3200258421875 0.9909568453125001 0.320800184375 0.964836575 0.28839458906250004 0.9628409843749999 0.2867980734375 0.9895127328125
2 0.5321760421875 0.7672204921875 0.5390533671875 0.8062276328125 0.615873178125 0.8043079390625 0.6119620953125 0.7654562546875 0.5321760421875 0.7672204921875
2 0.6265335859375 0.4760707109375 0.58717290625 0.478169859375 0.589664028125 0.5237846234375 0.627637878125 0.5230992078125001 0.6265335859375 0.4760707109375
2 0.5674343093750001 0.4349213015625 0.5293185328125001 0.43589656093749996 0.531043653125 0.46809347187499994 0.5688141921875001 0.46531642343749996 0.5674343093750001 0.4349213015625
2 0.42630345781249995 0.4156336484375 0.4262244 0.4738968609375 0.44233158437500003 0.47295730625 0.440600840625 0.4151922484375 0.42630345781249995 0.4156336484375
2 0.7093761421875 0.20037070625000003 0.671917009375 0.2001912515625 0.675674278125 0.2420077 0.7127253625 0.23859838125000002 0.7093761421875 0.20037070625000003
2 0.594099634375 0.07363109531249999 0.572030453125 0.074852759375 0.57202061875 0.128660359375 0.5936435203125 0.12771415625 0.594099634375 0.07363109531249999
2 0.782309940625 0.1251158828125 0.769355528125 0.1226517109375 0.77336890625 0.2007516015625 0.78906896875 0.2003852765625 0.782309940625 0.1251158828125
2 0.2281341109375 0.4861088515625 0.1925485734375 0.48424389218749997 0.1961788203125 0.5441879109375 0.2286464296875 0.5444030546875 0.2281341109375 0.4861088515625
2 0.21510338125 0.42834615156250005 0.1591341640625 0.4295764484375 0.1640503484375 0.47650743125000006 0.21527127968749998 0.48186735 0.21510338125 0.42834615156250005
2 0.228438715625 0.060413267187499994 0.188794284375 0.0565518953125 0.1889728984375 0.13712635625 0.223025153125 0.1409903703125 0.228438715625 0.060413267187499994
2 0.0559173546875 0.61740221875 0.058267150000000004 0.6520101265625 0.1398009375 0.6509320484375001 0.14048988906249998 0.6197535000000001 0.0559173546875 0.61740221875
2 0.957423125 0.8917719 0.9789710671874999 0.890524484375 0.9810376015625 0.8510926609375 0.9531391499999999 0.8600354484375 0.957423125 0.8917719
2 0.346727534375 0.016627254687500002 0.34745820781250003 0.0740844390625 0.38124340624999997 0.08388010781250001 0.38161358437500004 0.0117243390625 0.346727534375 0.016627254687500002
2 0.904326128125 0.3729038015625 0.8893442281249999 0.37509145625 0.896159321875 0.41528602968749995 0.9102427375 0.41394156875 0.904326128125 0.3729038015625
2 0.914251271875 0.3651000484375 0.9181664359375 0.4152486796875 0.9379555359375 0.4121238296875 0.9291725843749999 0.364098346875 0.914251271875 0.3651000484375