2 0.684771859375 0.16052710625 0.71525483125 0.157420796875 0.7217014875000001 0.1251573203125 0.6768090531250001 0.1268336875 0.684771859375 0.16052710625
2 0.9096563734374999 0.219713921875 0.934736528125 0.21061115937500002 0.9146445625 0.1581322640625 0.8440590359375 0.1803096421875 0.8583023437499999 0.20996327343750001 0.89642935625 0.2025521328125 0.9096563734374999 0.219713921875
2 0.68040996875 0.25440927343749997 0.717174975 0.2472628796875 0.716284825 0.2136049640625 0.671919159375 0.217999509375 0.68040996875 0.25440927343749997
2 0.1438263890625 0.23466588124999999 0.16022326250000002 0.2681269859375 0.1961961125 0.25690530625 0.1795769359375 0.21502888125 0.1438263890625 0.23466588124999999
2 0.27318297187499996 0.8565259890625001 0.305961484375 0.879756171875 0.32984395625 0.84269323125 0.3024716265625 0.8254604406249999 0.27318297187499996 0.8565259890625001
2 0.41517065937500003 0.7654953484375 0.3949528515625 0.7341840625 0.3405424921875 0.7814102890625 0.362384628125 0.8138145328125 0.41517065937500003 0.7654953484375
2 0.2666986921875 0.3869817109375 0.24485655624999997 0.3545774671875 0.205855225 0.372025784375 0.22633658906249998 0.40469294375000003 0.2666986921875 0.3869817109375
2 0.3292133859375 0.5341128078125 0.316332684375 0.5041974953125 0.2806236875 0.51677658125 0.2902123546875 0.5515626578124999 0.3292133859375 0.5341128078125
2 0.44140451875000003 0.791406375 0.4270372015625 0.7829215875 0.37508547187499997 0.8282612109375 0.38941064375 0.843800846875 0.44140451875000003 0.791406375
2 0.48668024687500006 0.49363712499999995 0.500743396875 0.5078205890625 0.5422867546875 0.4743713734375 0.5363541015625 0.46565733906249995 0.48668024687500006 0.49363712499999995
2 0.5508096828125 0.7363108125 0.5372745375 0.72484369375 0.49762119218749995 0.7607445078125 0.5081666375 0.7713824796875 0.5508096828125 0.7363108125
2 0.6021497124999999 0.702367603125 0.5937972109375 0.6884843875 0.543597184375 0.7137490625 0.5560338765624999 0.7268368 0.6021497124999999 0.702367603125
2 0.7197835234375 0.8204620546875001 0.738971040625 0.795587640625 0.720297228125 0.7794830109374999 0.6983853984375 0.8048853859375 0.7197835234375 0.8204620546875001
2 0.47133470624999996 0.8363333624999999 0.4569676859375 0.8278501078125 0.43637478124999995 0.8600459468749999 0.4463931578125 0.8679642062499999 0.47133470624999996 0.8363333624999999
2 0.4449765375 0.8315896453124999 0.43223414531250004 0.8242008796875 0.41085215 0.8523208375 0.4243836328125 0.863785484375 0.4449765375 0.8315896453124999
2 0.8075085921875 0.5665966 0.80706458125 0.549769025 0.7675755609375 0.5574449140625 0.772633596875 0.576194590625 0.8075085921875 0.5665966