2 0.9626131906250001 0.190337375 0.92967661875 0.18330222812500002 0.9221728734375001 0.22006804687499998 0.9545653265625 0.2288294390625 0.9626131906250001 0.190337375
2 0.8997251890625 0.7901000453125 0.8865464281250001 0.7827989125 0.8760155624999999 0.849103496875 0.8869847875 0.852244975 0.8997251890625 0.7901000453125
2 0.679615234375 0.0864948859375 0.6621715546875 0.08405554062500001 0.663042521875 0.14996546875 0.6712129484375 0.1515668796875 0.679615234375 0.0864948859375
2 0.45473611875 0.1429315625 0.440289528125 0.20217663125000002 0.49189225 0.21509294843750001 0.5076622093750001 0.15481395 0.45473611875 0.1429315625
2 0.4669281890625 0.525490815625 0.45446275312499995 0.6172824234375 0.48994325468750005 0.625228134375 0.50100406875 0.530273015625 0.4669281890625 0.525490815625
2 0.283825553125 0 0.281806675 0.005346853125 0.31902317187499996 0.01679586875 0.32381463125 0 0.283825553125 0
2 0.335831265625 0.039796954687500004 0.307113078125 0.0213171546875 0.28192516562500003 0.080436625 0.3145538484375 0.0970053140625 0.335831265625 0.039796954687500004
2 0.285285475 0.30547825781250004 0.2541089828125 0.2923780265625 0.241679765625 0.3303337046875 0.2699585625 0.3433788203125 0.285285475 0.30547825781250004
2 0.191308096875 0.2095918234375 0.135417909375 0.1785019109375 0.086695540625 0.27840254062500003 0.1507742546875 0.31139519375 0.191308096875 0.2095918234375
2 0 0.8844349812500001 0.016295310937499998 0.8907041015624999 0.0328997171875 0.8430915234375 0 0.8315362484375 0 0.8844349812500001
2 0.2987358296875 0.7360487265625 0.31162045781250003 0.743911953125 0.3316644578125 0.6877485703125 0.3149513609375 0.682705415625 0.2987358296875 0.7360487265625
2 0.4553519578125 0.9787113890624999 0.4209730109375 0.9679098859374999 0.41678574218750003 0.992281246875 0.454466825 0.9969079046875 0.4553519578125 0.9787113890624999
2 0.4811341171875 0.7979262109375 0.4985401546875 0.7985694546875 0.5038265171874999 0.7214498015624999 0.49367414218750005 0.7213996640625 0.4811341171875 0.7979262109375
2 0.242581690625 0.9014380453124999 0.21488368906250002 0.894150375 0.20663855468749998 0.927235909375 0.2385034109375 0.9305502125 0.242581690625 0.9014380453124999
2 0.2639046921875 0.90375865 0.2512479515625 0.9386953437500001 0.288946825 0.9528955265624999 0.2979910171875 0.9133278062500001 0.2639046921875 0.90375865
2 0.1833825703125 0.6396313953125 0.15530400312499998 0.7363837828124999 0.198546625 0.7497691296875 0.22233245 0.653386975 0.1833825703125 0.6396313953125
2 0.3972910890625 0.0802463390625 0.38280583749999997 0.08055993125000001 0.37764276093750004 0.1137247921875 0.391987925 0.113693103125 0.3972910890625 0.0802463390625
2 0.0771586515625 0.6137272453125 0.0633918578125 0.60934338125 0.0368689578125 0.698810740625 0.05233104374999999 0.7042985015625 0.0771586515625 0.6137272453125