2 0.32341811875 0.6623374640625 0.4352263359375 0.666189465625 0.4406521171875 0.6082818999999999 0.32601819062500004 0.597441240625 0.32341811875 0.6623374640625
2 0.6816958125 0.5825411015624999 0.720272253125 0.5764643781250001 0.718085015625 0.5280646046874999 0.6822037640625 0.5278002093749999 0.6816958125 0.5825411015624999
2 0.72056859375 0.6768639249999999 0.738266275 0.6782617906249999 0.7503401937499999 0.63411329375 0.7337194734375 0.6273284859375 0.72056859375 0.6768639249999999
2 0.8042524046875 0.30215012343750003 0.8528919937499999 0.2751185546875 0.8388107703125 0.25049084375 0.7939257640624999 0.27642084218749996 0.8042524046875 0.30215012343750003
2 1 0.5885811624999999 0.9428847203125 0.5658726265625 0.9169534046875001 0.6181230328125 1 0.6401459609375 1 0.5885811624999999
2 0.8753731546875001 0.7738619484375 0.9012885609374999 0.725557321875 0.8771311718750001 0.7164272890625 0.8551421593749999 0.7672343171875 0.8753731546875001 0.7738619484375
2 0.5275889484375 0.223162815625 0.5473033625 0.22534604218749998 0.55903871875 0.1454556390625 0.5409571796875 0.1432288421875 0.5275889484375 0.223162815625
2 0.5395044812500001 0.896242275 0.5912034953124999 0.9116584515625 0.6003948234375 0.8741944125 0.54889416875 0.8632886843750001 0.5395044812500001 0.896242275
2 0.48035032031249997 0.9950119718750001 0.5144342015625 0.9917128156249999 0.5095430000000001 0.9523859921875 0.476588028125 0.9630328765625 0.48035032031249997 0.9950119718750001
2 0.641256153125 0.8721862296875 0.6323378515625 0.8959344046875 0.6629244890625 0.9112855453125001 0.6749570984375 0.8850543609375 0.641256153125 0.8721862296875
2 0.9862294421875 0.9069085171875001 0.978292334375 0.8667115859375001 0.9649314499999999 0.8695515281249999 0.9707290984375 0.9111137375 0.9862294421875 0.9069085171875001
2 0.8744480171875001 0.1794828734375 0.8840801796875001 0.21780197499999998 0.9353396546875 0.1990152453125 0.9256982125000001 0.16221565468750002 0.8744480171875001 0.1794828734375
2 0.7612345125 0.5225349828125 0.7966611015625 0.537464375 0.8091677171875 0.5080973640625001 0.778791515625 0.49088045156250004 0.7612345125 0.5225349828125