2 0.12730582031249998 0.8581636218750001 0.23068633749999998 0.900024715625 0.271581575 0.8164162203125 0.1731005296875 0.7701897015625 0.12730582031249998 0.8581636218750001
2 0.8117465453125 0.1842887875 0.789907025 0.234881146875 0.8970915406250001 0.2830888921875 0.9223289734375 0.23003053593749997 0.8117465453125 0.1842887875
2 0.8674874515625 0.11891624218750001 0.891699225 0.06663038437499999 0.8388326921875 0.047433262500000004 0.816189378125 0.09550952812499999 0.8674874515625 0.11891624218750001
2 0.6466193390625 0.05784104531249999 0.587546996875 0.032269642187499996 0.569879309375 0.0679086453125 0.6294140359375 0.090550690625 0.6466193390625 0.05784104531249999
2 0.7420191765624999 0.10264618125 0.7145272734375 0.1490733453125 0.7629196390625 0.16995061250000001 0.7855313640625 0.1182782546875 0.7420191765624999 0.10264618125
2 0.8501248625000001 0.2854820859375 0.8246344531249999 0.3268633546875 0.8810162921875 0.3580153890625 0.907734640625 0.30699345624999996 0.8501248625000001 0.2854820859375
2 0.127028459375 0.205177771875 0.1659302859375 0.1360529421875 0.0682804640625 0.0959648421875 0.046511521875 0.1669869546875 0.127028459375 0.205177771875
2 0.090982546875 0.290430740625 0.109929815625 0.2581093171875 0.03866849375 0.2221991640625 0.032221478125 0.257210740625 0.090982546875 0.290430740625
2 0.2623340046875 0.31306625625 0.249543303125 0.344481815625 0.31617457031249996 0.37545532812500004 0.336095134375 0.340774296875 0.2623340046875 0.31306625625
2 0.305645659375 0.2388719890625 0.3007198015625 0.252892784375 0.3606218234375 0.2846023609375 0.3760306875 0.2708260390625 0.305645659375 0.2388719890625
2 0.695448746875 0.345440790625 0.6885304828125001 0.358756853125 0.7179413718750001 0.374226309375 0.7277920828125 0.36137311875 0.695448746875 0.345440790625
2 0.8022243437500001 0.3715594859375 0.8000133359375001 0.3836214875 0.8682829515625 0.4118518953125 0.8727615203125 0.3987474109375 0.8022243437500001 0.3715594859375
2 0.6827696015625 0.3742542640625 0.6749716203125 0.38363583125 0.7083934078125 0.40034011875 0.714233465625 0.386250553125 0.6827696015625 0.3742542640625
2 0.6718361265625 0.3977392796875 0.6678638421875001 0.4095349796875 0.7017493124999999 0.4233116984375 0.706815865625 0.410300340625 0.6718361265625 0.3977392796875
2 0.68025516875 0.42428943593749996 0.67538694375 0.4341508515625 0.6885336484375 0.4422382671875 0.6976123984375 0.4304635296875 0.68025516875 0.42428943593749996
2 0.325704503125 0.9643194703125 0.3119614421875 0.9751893468749999 0.3600495171875 0.9828057484375 0.3612581984375 0.978959978125 0.325704503125 0.9643194703125
2 0.52815855 1 0.543317678125 0.968157359375 0.5216808640624999 0.9605271125 0.5069281171875 0.99484174375 0.5210225687500001 1 0.52815855 1