2 0.5564801734375 0.9972714703125 0.5591018156249999 0.95542415625 0.5228262859374999 0.9524050671875001 0.5205912500000001 0.99978106875 0.5564801734375 0.9972714703125
2 0.9076453359375 0.6435685125 0.9114826765625 0.5794148703124999 0.8584496609375 0.5747905015625 0.8566698531249999 0.6485223875 0.9076453359375 0.6435685125
2 0.992418346875 0.5923289203125 0.95395551875 0.5917211531250001 0.9482275078125 0.668506203125 0.9829149515625 0.6697278625 0.992418346875 0.5923289203125
2 0.9215280859374999 0.4453860875 0.9236258749999999 0.3563556921875 0.8562107734375 0.34440421875 0.8532167140625001 0.4404407640625 0.9215280859374999 0.4453860875
2 0.9642521531250001 0.560447028125 0.9779980765625 0.45949224062500005 0.9333446375 0.45567123593750003 0.929936028125 0.5656252890625 0.9642521531250001 0.560447028125
2 0.5239060265625 0.1148786375 0.5876909015625 0.1145847640625 0.5895408953125 0.0616799671875 0.5269422140625 0.059113817187499994 0.5239060265625 0.1148786375
2 0.5004142890625001 0 0.46886543593749996 0.002206109375 0.468500615625 0.11597431875 0.504098165625 0.1093202625 0.5061279359374999 0 0.5004142890625001 0
2 0.36624398125 0.0620181328125 0.2881720296875 0.056366015625 0.2829832984375 0.10117148125 0.3556309265625 0.1085906609375 0.36624398125 0.0620181328125
2 0.1269661078125 0.21068708906250003 0.1374403578125 0.1224602765625 0.0723024234375 0.103404525 0.054125128125 0.2005027875 0.1269661078125 0.21068708906250003
2 0.1313045484375 0.49092177968749995 0.16953937187499998 0.502136659375 0.172188959375 0.4408431515625 0.1371963046875 0.4363466 0.1313045484375 0.49092177968749995
2 0.19575219375 0.57946683125 0.20443389843749998 0.5052523171875001 0.180969321875 0.506893121875 0.1693322546875 0.57853565 0.19575219375 0.57946683125
2 0.090752615625 0.7243002890625 0.138071490625 0.7265471515625 0.15958897656249998 0.637546553125 0.10517651562500001 0.6330186453125 0.090752615625 0.7243002890625
2 0.32090929687499997 0.6832077703125 0.32435847500000003 0.6135255500000001 0.3050337890625 0.6148768640625 0.296257075 0.687710265625 0.32090929687499997 0.6832077703125
2 0.505180675 0.46200073750000004 0.5010515375 0.383127890625 0.47463160000000004 0.382196709375 0.47185895 0.46155374218749995 0.505180675 0.46200073750000004
2 0.5384042734375 0.4610668390625 0.5373270671875 0.3861469796875 0.5224336468749999 0.3913532625 0.5190795875 0.46241815312499995 0.5384042734375 0.4610668390625
2 0.48509520312500004 0.3731337921875 0.4865290875 0.33414660937499996 0.45744693906249995 0.334790909375 0.4561081734375 0.3751607625 0.48509520312500004 0.3731337921875
2 0.5192165234375 0.365192075 0.5224180140625 0.3316370125 0.5047642546875 0.33703788125 0.5070836578125 0.3702068859375 0.5192165234375 0.365192075
2 0.142507840625 0.3188194828125 0.144183503125 0.2407311265625 0.103904296875 0.24295095625 0.0934213359375 0.3189799125 0.142507840625 0.3188194828125
2 0.84790618125 0.8230338093749999 0.8921501656249999 0.82648716875 0.8972412734375 0.7547056125 0.8451379093750001 0.7494210359375 0.84790618125 0.8230338093749999