2 0.8715113562499999 0.5726155828125 0.9027597593750001 0.5982571296875 0.9285741453125 0.5726316 0.897179590625 0.5477303671875 0.8715113562499999 0.5726155828125
2 0.8343015687499999 0.46894427812500006 0.8668856109374999 0.43091041875 0.8085846484375001 0.3765134796875 0.76891235 0.418339884375 0.8343015687499999 0.46894427812500006
2 0.8356008718749999 0.359405453125 0.85941359375 0.332922671875 0.833491384375 0.30807228593749997 0.8090716859375 0.3302640578125 0.8356008718749999 0.359405453125
2 0.9726075203125 0.3185763921875 0.9692734609375 0.30289087812500004 0.9491404156250001 0.289562071875 0.9288593921875 0.31694588437500004 0.9555072046875001 0.336650140625 0.9726075203125 0.3185763921875
2 0.1659285546875 1 0.13648266250000002 0.9699026921874999 0.10597801250000001 1 0.1659285546875 1
2 0.058674025 0.795179075 0.0911679453125 0.755285821875 0.0623907 0.7269912671875 0.0450722171875 0.7586030890625 0.0508758765625 0.7859071640625 0.058674025 0.795179075
2 0.0913788375 0.627767903125 0.1126876078125 0.6009355843749999 0.07099001875 0.5618317375 0.047596214062499996 0.5916982375 0.0913788375 0.627767903125
2 0.44348446093750005 0.45229687500000004 0.4645429609375 0.4314265640625 0.41574297812500005 0.3731874859375 0.3921509484375 0.3964173625 0.44348446093750005 0.45229687500000004
2 1 0.890113571875 0.9864828796875 0.873628578125 0.955020628125 0.8912455453125 0.9673229765625001 0.9105630015624999 1 0.9036172859375 1 0.890113571875
2 0.6394073437500001 0.6615169921875 0.655545896875 0.644630078125 0.5929036171875001 0.6069414921875 0.58268315 0.6188293500000001 0.6394073437500001 0.6615169921875
2 0.5120987875 0.53378850625 0.5349643875 0.5057131546875 0.509167478125 0.481444746875 0.483289134375 0.5081972640625 0.5120987875 0.53378850625
2 0.48466839687499996 0.3447672859375 0.5015374625 0.35130762031249996 0.531494965625 0.31518824843750004 0.51642195625 0.30139091093750003 0.48466839687499996 0.3447672859375
2 0.755174084375 0.062416896875 0.8410653390625 0.1023840421875 0.8544227015624999 0.055285484375000006 0.769936334375 0.0119175578125 0.755174084375 0.062416896875