2 0.7912749265625 0.40591208125 0.7571142734375 0.44510765625 0.908335259375 0.560384621875 0.9401964968750001 0.5253869609375 0.7912749265625 0.40591208125
2 0.8678379015625 0.7942340734375 0.8399170265624999 0.8278172703125 0.905436390625 0.8823350640625 0.9396001375 0.854425434375 0.8678379015625 0.7942340734375
2 0.7896412484375 0.9642073640625 0.76442778125 0.9408761 0.7404680828125 0.9669453718750001 0.7441902828125 0.9705950796874999 0.7896412484375 0.9642073640625
2 0.43250912656249996 0.932391628125 0.48316943593749995 0.9754379140625 0.511872540625 0.9496187968750001 0.46242554687500004 0.9004385421875 0.43250912656249996 0.932391628125
2 0.49023531093750006 0.6817833953125 0.4534219265625 0.7261863359375 0.495573846875 0.7614375812499999 0.532936003125 0.71787858125 0.49023531093750006 0.6817833953125
2 0.37509227031250003 0.723268815625 0.34745090156249997 0.7515187078125 0.3744800203125 0.77468849375 0.40486948749999996 0.7450242375 0.37509227031250003 0.723268815625
2 0.1743443609375 0.8553059375000001 0.148011440625 0.8812492703125001 0.1757147328125 0.9085725296874999 0.205090178125 0.881269378125 0.1743443609375 0.8553059375000001
2 0.522213184375 0.9905520187500001 0.5384011515625 0.99951685625 0.5762457140625 0.9941981500000001 0.5894012671875 0.9905089390624999 0.557375265625 0.9606403312499999 0.522213184375 0.9905520187500001
2 0.947811665625 0.41411582343750003 0.9803797124999999 0.3712740921875 0.94487711875 0.3396132640625 0.9135378281250001 0.3873713578125 0.947811665625 0.41411582343750003
2 0.8318929109375001 0.1300535578125 0.77028026875 0.2052304671875 0.8687292640625 0.28939198125 0.9404391000000001 0.20309859531250002 0.8318929109375001 0.1300535578125
2 0.7613396796874999 0.14892757968749998 0.79105475 0.17186887343749999 0.8192891343750001 0.143648496875 0.7878573234374999 0.1194296671875 0.7613396796874999 0.14892757968749998
2 0.5951697578124999 0.40395072968749995 0.5711480765625 0.43120275625 0.618000884375 0.46751554375 0.6349074109374999 0.43988906562499996 0.5951697578124999 0.40395072968749995
2 0.51554865625 0.4710553359375 0.492712765625 0.49837107031250005 0.5385758296875001 0.536551809375 0.558404559375 0.5041889609375 0.51554865625 0.4710553359375
2 0.6208849921875 0.2876887921875 0.6679876828125 0.33054863125 0.697407940625 0.3023904046875 0.6445000203125 0.25685119375 0.6208849921875 0.2876887921875
2 0.75394515625 0.04043408125 0.703748075 0.011238831250000001 0.6757235734375 0.029781931249999997 0.7273654484375001 0.07111630468749999 0.75394515625 0.04043408125
2 0.6159919453125 0.0066397296875 0.541790353125 0.0043688296875 0.516476934375 0.0392512078125 0.5638097078125 0.07204836249999999 0.6159919453125 0.0066397296875
2 0.3562183796875 0.062356524999999996 0.314694140625 0.10591801406250001 0.3567441703125 0.14311346875 0.3955165828125 0.095305265625 0.3562183796875 0.062356524999999996
2 0.5064498203125 0.292977278125 0.540067175 0.320873340625 0.579936740625 0.2748500046875 0.54392081875 0.247341440625 0.5064498203125 0.292977278125
2 0.1965507984375 0.1252676375 0.23563489999999998 0.17364663125 0.2683643421875 0.15041521875 0.2293113140625 0.10144329062499999 0.1965507984375 0.1252676375
2 0.1629565765625 0.3011098109375 0.19108369218750001 0.33169097187499996 0.23732700625 0.29451646249999996 0.20292237812499997 0.26459516875 0.1629565765625 0.3011098109375
2 0.2294846734375 0.5065544296875 0.259404725 0.480204525 0.21817644375 0.4387039890625 0.1911829671875 0.46593639375 0.2294846734375 0.5065544296875
2 0.357414625 0.5500844234375 0.288182271875 0.4983448609375 0.2502468046875 0.5414983 0.3105523984375 0.5933661609375 0.357414625 0.5500844234375
2 0.387052159375 0.5177803203125 0.35783524375 0.4966488296875 0.3339392546875 0.5215323109375001 0.3611274515625 0.5473093078125 0.387052159375 0.5177803203125
2 0.38562880625 0.454149875 0.410822396875 0.4839811640625 0.46607104218749995 0.4167868171875 0.43279679687500006 0.39365899375 0.38562880625 0.454149875
2 0.40679611250000003 0.36794266875 0.43735246875 0.38617622812499997 0.4566618171875 0.358081109375 0.431941684375 0.34193554375 0.40679611250000003 0.36794266875
2 0.3451714265625 0.057620320312499994 0.31295738906250004 0.0213733390625 0.2913064890625 0.0244161734375 0.271735815625 0.040703814062499996 0.318964284375 0.08119355 0.3451714265625 0.057620320312499994
2 0.3626193859375 0.014393800000000002 0.317617840625 0.020718354687500003 0.3356146296875 0.0357354765625 0.3626193859375 0.014393800000000002
2 0.042974903125000005 0.7866458671875 0.0828971984375 0.8190311843750001 0.0966573328125 0.8060914140625 0.0521157640625 0.7710873140625 0.042974903125000005 0.7866458671875
2 0.744190796875 0.43076789218749995 0.717254125 0.4115364671875 0.6928567828125 0.4346115453125 0.7210755625 0.4634138109375 0.744190796875 0.43076789218749995
2 0.6267785703125 0.3907572390625 0.6761040406250001 0.34582403125 0.6280048546875 0.31063348749999997 0.5826664765625 0.3589331015625 0.6267785703125 0.3907572390625
2 0.6833965531249999 0.081879903125 0.661654953125 0.1110351171875 0.68384665625 0.1300163015625 0.7116138000000001 0.0993963078125 0.6833965531249999 0.081879903125