2 0.076286534375 0.215357378125 0.05475535 0.18660517968749998 0.025942015625 0.2021584453125 0.04430071875 0.23482306562500002 0.076286534375 0.215357378125
2 0.21761667812500002 0.3842077734375 0.182839234375 0.388458478125 0.18733599375 0.425562009375 0.22027988125000003 0.420906996875 0.21761667812500002 0.3842077734375
2 0.5060495875 0.396238290625 0.54001809375 0.3956515890625 0.5430486671875 0.33926654843750004 0.5066843671875 0.34547510312499996 0.5060495875 0.396238290625
2 0.8768051421875 0.186093525 0.9174872328125 0.1812190734375 0.9168789531250001 0.12998951406249998 0.8708201578124999 0.1348304890625 0.8768051421875 0.186093525
2 0.810476225 0.333228115625 0.7588253734375 0.3303064078125 0.75290576875 0.38759054531250003 0.8094369765625 0.38582330625 0.810476225 0.333228115625
2 0.5447778 0.49773987656249996 0.5481170359374999 0.563592203125 0.5866370484375001 0.560868028125 0.5825696328125 0.49376779531250004 0.5447778 0.49773987656249996
2 0.39563304375 0.6237560156249999 0.4068083734375 0.6732794828124999 0.4621291 0.66567555 0.44501930781250004 0.6108119000000001 0.39563304375 0.6237560156249999
2 0.3776448421875 0.5946314359375 0.4343694828125 0.571968571875 0.42916831875000006 0.545218828125 0.37044385 0.5602002125000001 0.3776448421875 0.5946314359375
2 0.41340478750000004 0.8837272 0.4118784609375 0.8976065265625 0.465364075 0.8895984515625001 0.4671088421875 0.8721171828125 0.41340478750000004 0.8837272
2 0.41439390156250006 0.9044985343749999 0.42026337187499996 0.9205809203124999 0.45209225000000003 0.9166778296875 0.4485806859375 0.9003083374999999 0.41439390156250006 0.9044985343749999
2 0.5954493750000001 0.9230449953125 0.5919772328125 0.8900097765625 0.5659007078125 0.8975204078125 0.5724998875 0.9290659171875 0.5954493750000001 0.9230449953125
2 0.6595317109375001 0.9306240234375001 0.657453153125 0.9165281359374999 0.6138182484375 0.9217097984375 0.6176344953124999 0.940993090625 0.6595317109375001 0.9306240234375001
2 0.65100925 0.9517980453125 0.6489308546875 0.9377037109374999 0.620418309375 0.9419181078125 0.62126749375 0.9585030109374999 0.65100925 0.9517980453125
2 0.7304708546875001 0.8557691140625 0.725587571875 0.8717907609375001 0.7466312828125 0.8731988078124999 0.749054015625 0.8621679468749999 0.7304708546875001 0.8557691140625
2 0.6966324921875 0.8348729640625001 0.68724211875 0.8477893453125 0.747241475 0.8534581343750001 0.7503351765625 0.8345954859375 0.6966324921875 0.8348729640625001