2 0.5210212640624999 1 0.5273362968749999 0.9745499296875 0.4432408875 0.9603170640625001 0.43765095 0.9960994109374999 0.47146497343749993 1 0.5210212640624999 1
2 0.2884576484375 0.859182703125 0.2982796015625 0.8206014953125 0.2646157578125 0.817066303125 0.25924423124999996 0.8510698250000001 0.2884576484375 0.859182703125
2 0.1404914453125 0.70740004375 0.113371553125 0.762637946875 0.1463957453125 0.7762547046875 0.169703009375 0.72772088125 0.1404914453125 0.70740004375
2 0.9014743734374999 0.046794606249999995 0.914613028125 0.08350065625 0.9497130796875 0.0704796578125 0.9430201828125 0.05189579062500001 0.9014743734374999 0.046794606249999995
2 0.6070283015625 0.2889704875 0.6065064484375 0.2493852640625 0.5802038796875 0.24922074843750003 0.5743262171875 0.2873464375 0.6070283015625 0.2889704875
2 0.5361756843750001 0.286248246875 0.567699309375 0.287726025 0.5712192953125 0.2493139984375 0.542197878125 0.2469454609375 0.5361756843750001 0.286248246875
2 0.40186629687500003 0.1669643625 0.43975135468750004 0.1799815421875 0.4446496 0.164448646875 0.4148722953125 0.15362024218749998 0.40186629687500003 0.1669643625
2 0.4369099515625 0.193378875 0.40750747499999995 0.181933740625 0.39743469062500003 0.193312871875 0.4317946265625 0.2106797453125 0.4369099515625 0.193378875
2 0.416379271875 0.073125778125 0.4199560796875 0.05862389999999999 0.3872195875 0.0426512046875 0.378352978125 0.0612845265625 0.416379271875 0.073125778125
2 0.4048773234375 0.0986061578125 0.40727309062500006 0.081530221875 0.3590702875 0.0672839640625 0.354171853125 0.0828184109375 0.4048773234375 0.0986061578125
2 0.1168912421875 0.2126533234375 0.119660340625 0.1949856625 0.0895213703125 0.19196198281250001 0.0840338015625 0.20742251875 0.1168912421875 0.2126533234375
2 0.0790016640625 0.2289179171875 0.1150241640625 0.2327442890625 0.11631293437500001 0.21736326562500002 0.0816873296875 0.2119169328125 0.0790016640625 0.2289179171875
2 0.0884805171875 0.5146844078125 0.0749207234375 0.5350005062500001 0.10368613125 0.5540701453125 0.1186642328125 0.5343957406250001 0.0884805171875 0.5146844078125
2 0.20392463906249997 0.653632959375 0.206982740625 0.6384707578125 0.16009299999999999 0.6159793125 0.14664395 0.6280726140625 0.20392463906249997 0.653632959375
2 0.12029718125 0.6039207890625 0.12542333125 0.591403771875 0.10597563125000001 0.58901589375 0.10077556875 0.6021220453125 0.12029718125 0.6039207890625