2 0.0744735734375 0.3860769984375 0.12415051562499999 0.402593028125 0.1378488140625 0.36861202187500003 0.08685335 0.3578750890625 0.0744735734375 0.3860769984375
2 0.0122948734375 0.5941646281249999 0.0672371171875 0.6096224171875 0.08503458281250001 0.5544237187500001 0.03187606875 0.5459620890625 0.0122948734375 0.5941646281249999
2 0.1010296390625 0.492230490625 0.150395953125 0.505196021875 0.16352515 0.464710178125 0.1137677609375 0.45118284375 0.1010296390625 0.492230490625
2 0.39766281875 0.6635619890625 0.44888173125 0.6841136718749999 0.4743830453125 0.6216847750000001 0.42549469218749997 0.6053977609375 0.39766281875 0.6635619890625
2 0.5273721625000001 0.594398575 0.561551228125 0.603924671875 0.5755737484375001 0.55322993125 0.543124875 0.5414648296875 0.5273721625000001 0.594398575
2 0.40377339687499997 0.9920309015625 0.41866836718749995 0.9955336875 0.454039878125 0.9980071046875001 0.46560496875 0.970528853125 0.4204498484375 0.95123314375 0.40377339687499997 0.9920309015625
2 0.5941830234375 0.48007809999999995 0.629284771875 0.486543384375 0.6378419625 0.448245590625 0.6018545890625 0.4370896453125 0.5941830234375 0.48007809999999995
2 0.0988022625 0.33745910625 0.1334677625 0.34575061093750004 0.1618421765625 0.275322115625 0.12694263125 0.264965025 0.0988022625 0.33745910625
2 0.9918973578125 0.633333571875 0.987230478125 0.630458059375 0.975946640625 0.664822278125 0.9891686421875001 0.672356009375 0.9918973578125 0.633333571875
2 0.38161168437500004 0.255498759375 0.4099012109375 0.258983925 0.41603190156250003 0.2405670171875 0.3820256140625 0.2310258046875 0.38161168437500004 0.255498759375
2 0.3717592203125 0.279009421875 0.40686096562499996 0.28547470625 0.4070814203125 0.26757487812499997 0.3712862421875 0.2599782265625 0.3717592203125 0.279009421875