2 0.43953295312499996 0.054141748437500005 0.4334421203125 0.0043091703125 0.401805228125 0.0093199609375 0.40246653906249996 0.0561050109375 0.43953295312499996 0.054141748437500005
2 0.6572747234375 0.3286481234375 0.6183239781250001 0.3336165953125 0.6157951953125 0.48069800156250003 0.66405888125 0.48207104999999995 0.6572747234375 0.3286481234375
2 0.5560296015625 0.44567875468749996 0.5130547515625 0.4500806984375 0.519040859375 0.506843103125 0.5525936953125 0.506338065625 0.5560296015625 0.44567875468749996
2 0.335388421875 0.44004718125000003 0.29831608906249996 0.43659943593749995 0.2934596234375 0.5083060453125 0.3339199953125 0.5097127171875 0.335388421875 0.44004718125000003
2 0.2318919296875 0.48739869999999996 0.22751590781250003 0.3958150875 0.1917094046875 0.3891626828125 0.192974425 0.48815226718750004 0.2318919296875 0.48739869999999996
2 0.1280718875 0.506847934375 0.12736625 0.35486686875 0.0783497734375 0.34459578125 0.0732997953125 0.50229765625 0.1280718875 0.506847934375
2 0.2697464234375 0.6581431624999999 0.23144117187500002 0.65519126875 0.2364434953125 0.713313375 0.26743720625 0.7156182671875 0.2697464234375 0.6581431624999999
2 0.368050684375 0.8427566359374999 0.369987871875 0.8815262234375 0.40468111562500003 0.8844458875000001 0.40508993281250005 0.8453063125 0.368050684375 0.8427566359374999
2 0.4097683234375 0.488081103125 0.44705513750000003 0.48548178281250004 0.44277820312499994 0.3590157109375 0.40428896875 0.3548922359375 0.4097683234375 0.488081103125
2 0.2290336 0.158418990625 0.22996788750000002 0.1212986375 0.1530194625 0.11454980937499999 0.15856483906250002 0.1533474859375 0.2290336 0.158418990625
2 0.264184784375 0.0473479796875 0.20339805625000001 0.045854353125000004 0.2058200140625 0.0725225578125 0.257319059375 0.07157972343749999 0.264184784375 0.0473479796875