2 0.806113775 0.2949836265625 0.8559525171875 0.2995527609375 0.8548266874999999 0.2740304609375 0.8067535109374999 0.27540191406250003 0.806113775 0.2949836265625
2 0.234822365625 0.6387985484375001 0.27984808437500003 0.646737796875 0.2834567109375 0.6262722609375 0.2384309921875 0.6183330125000001 0.234822365625 0.6387985484375001
2 0.0776209421875 0.20592289218749998 0.08452077031250001 0.1747823140625 0.0538358328125 0.1581179484375 0.0470999125 0.19631925781249998 0.0776209421875 0.20592289218749998
2 0.073208871875 0.214991390625 0.04589685625 0.20314212812500002 0.036514428125 0.25635252343750004 0.059572778125 0.26041833125 0.073208871875 0.214991390625
2 0.08541619687499999 0.2734159578125 0.082128071875 0.2840915421875 0.18798923125 0.31401150312500004 0.1903950734375 0.3003673 0.08541619687499999 0.2734159578125
2 0.0906303703125 0.2518262046875 0.0884651953125 0.264105525 0.1795592015625 0.290015909375 0.182446103125 0.27364347968749997 0.0906303703125 0.2518262046875
2 0.10603698749999999 0.23625560937499998 0.10708136875 0.24628622500000003 0.18067872812500002 0.2677041609375 0.1849302421875 0.251573934375 0.10603698749999999 0.23625560937499998
2 0.11012694375000001 0.21306030781250002 0.11068999375 0.225820690625 0.214544653125 0.2511664828125 0.21695022343749998 0.23752381875 0.11012694375000001 0.21306030781250002
2 0.20964468125 0.215132234375 0.117185521875 0.188982725 0.1151824421875 0.20832404375000002 0.2058736875 0.22853731093750002 0.20964468125 0.215132234375
2 0.1366870546875 0.1741325859375 0.1288216859375 0.18681412656250002 0.174249896875 0.20045203125 0.1766557359375 0.18680782812500002 0.1366870546875 0.1741325859375
2 0.2682804953125 0.5687315171875 0.26443147499999997 0.5905603953125 0.294849059375 0.601551521875 0.30262936093750004 0.57338083125 0.2682804953125 0.5687315171875
2 0.790624184375 0.2899422984375 0.7918295890625 0.2694290359375 0.72290070625 0.2602895609375 0.718981684375 0.282515440625 0.790624184375 0.2899422984375