2 0.32464956875 0.8121815281250001 0.194844734375 0.8546582015625 0.208164640625 0.8932029781249999 0.34496189374999997 0.847980025 0.32464956875 0.8121815281250001
2 0.224768715625 0.7787693499999999 0.1753479109375 0.8003854578125 0.1841157359375 0.8201411593750001 0.23147241875 0.804578875 0.224768715625 0.7787693499999999
2 0.19069646093749998 0.060532296875 0.1511462140625 0.054875693749999996 0.14479943281250002 0.12209842343749999 0.189243825 0.1236338625 0.19069646093749998 0.060532296875
2 0.237496325 0.0230002953125 0.17832478125 0.017420696875 0.179835 0.0462374015625 0.23399173125 0.0582632859375 0.237496325 0.0230002953125
2 0.5174709046875 0.2699375390625 0.49771287812500004 0.2674056234375 0.49677340000000003 0.303427596875 0.51056250625 0.3083517421875 0.5174709046875 0.2699375390625
2 0.538260990625 0.269442540625 0.52112330625 0.2715298171875 0.5166198843750001 0.3077370046875 0.533725978125 0.307733925 0.538260990625 0.269442540625
2 0.559830459375 0.2724740859375 0.5435989765625 0.2691627875 0.539930846875 0.31008271875000004 0.5569498765625001 0.30829894062499996 0.559830459375 0.2724740859375
2 0.5529300046875 0.67416855 0.5379777 0.672575471875 0.54133938125 0.7113432890625 0.551921534375 0.7116805515625 0.5529300046875 0.67416855
2 0.582273875 0.6666850546875 0.5660113984375 0.66278238125 0.5637195890625 0.695899271875 0.579144778125 0.6977679796875 0.582273875 0.6666850546875
2 0.6114313 0.6556439421875 0.59466903125 0.6535495906250001 0.595457 0.6888864671875 0.6090830656249999 0.690251765625 0.6114313 0.6556439421875
2 0.62554475625 0.641230859375 0.6228816968750001 0.68120626875 0.6395507421875 0.6815218093750001 0.642462396875 0.6462898921875 0.62554475625 0.641230859375
2 0.6611400796875 0.46931828124999997 0.68459596875 0.5424096140625 0.731765325 0.5345880546874999 0.7064979124999999 0.4609955296875 0.6611400796875 0.46931828124999997
2 0.473382765625 0.8471954187499999 0.45683809843749995 0.849253184375 0.4655901359375 0.9677074749999999 0.47894265625 0.964629440625 0.473382765625 0.8471954187499999
2 0.4112106 0.80705049375 0.39435510625000003 0.803177334375 0.39114339375 0.840505953125 0.4039620234375 0.838943875 0.4112106 0.80705049375
2 0.4195744546875 0.8190980234374999 0.4150108078125 0.8454980453125 0.42989948437500003 0.8459068937499999 0.4357749453125 0.82181794375 0.4195744546875 0.8190980234374999
2 0.5004716250000001 0.8760985609375 0.4871116 0.8708530796874999 0.48802878906249997 0.9564239125 0.504728909375 0.957332390625 0.5004716250000001 0.8760985609375
2 0.6187288390625 0.8175792562499999 0.6013114859375001 0.8143301062500001 0.5949380171875001 0.917228125 0.6120875046875 0.9178142062499999 0.6187288390625 0.8175792562499999
2 0.5624800328124999 0.8110140953125 0.5501209968749999 0.8021487671875001 0.5442161859375 0.8256478171875001 0.561322715625 0.8229660437499999 0.5624800328124999 0.8110140953125
2 0.6581817812499999 0.8327539937499999 0.6424500125 0.8276328140625001 0.635011609375 0.8990747062500001 0.6480214671875 0.8998777359375 0.6581817812499999 0.8327539937499999
2 0.63553635 0.7637821421875 0.6373982984375 0.8106551828124999 0.6499773796875 0.8123742015625 0.6461191000000001 0.7614438296875 0.63553635 0.7637821421875
2 0.690486853125 0.8477087734375001 0.6752858703125 0.8413706453125 0.6749935390624999 0.879142396875 0.6867647390625 0.8788212109375 0.690486853125 0.8477087734375001
2 0.488667625 0.764344428125 0.4737152390625 0.762749790625 0.4744753046875 0.796897434375 0.4915299609375 0.79630091875 0.488667625 0.764344428125
2 0.451096803125 0.7056678187500001 0.45555461875000003 0.73397330625 0.5069701921875 0.7164146109375 0.49711380156249996 0.68720291875 0.451096803125 0.7056678187500001
2 0.5721060796875 0.767700946875 0.5223795734375 0.760793965625 0.5224565343750001 0.7934909984375 0.57468874375 0.7943210125 0.5721060796875 0.767700946875
2 0.3655253328125 0.877225146875 0.32662929375 0.8840216859375 0.3467926203125 0.9302328734374999 0.3766599421875 0.9194518390624999 0.3655253328125 0.877225146875
2 0.254365484375 0.8895910015625 0.23563395781250002 0.8953307625000001 0.248814434375 0.9496356859375 0.26964812656250003 0.9428970359375001 0.254365484375 0.8895910015625
2 0.3442117828125 0.06199993593749999 0.3088152125 0.056125650000000006 0.30578533281250003 0.09671484687500001 0.34173525 0.1055345234375 0.3442117828125 0.06199993593749999
2 0.3485955859375 0.009448485937499999 0.3094011484375 0.0105512765625 0.307536115625 0.0544089890625 0.3448398765625 0.051264853124999996 0.3485955859375 0.009448485937499999