2 0.3417681203125 0.0194411296875 0.3429189765625 0.051368234375 0.42767978281249996 0.0418699078125 0.4231902234375 0.0059329109375 0.3417681203125 0.0194411296875
2 0.6043433890625 0.0964224515625 0.6055363453125 0.13621638593750002 0.6388705390625 0.1303356171875 0.634661340625 0.0961687421875 0.6043433890625 0.0964224515625
2 0.788414603125 0.20154029375000002 0.7992582875 0.14096695937499998 0.7637601093749999 0.1369803921875 0.7547334640625001 0.19005845 0.788414603125 0.20154029375000002
2 0.45528541093749997 0.7323555859375 0.46669821406249995 0.7702635015625 0.49202721250000003 0.7631716734375 0.4871683203125 0.72490280625 0.45528541093749997 0.7323555859375
2 0.5241436687500001 0.7154427437499999 0.4934338828125 0.7227113000000001 0.5006380453125 0.76060555 0.5291880812499999 0.7548829484375 0.5241436687500001 0.7154427437499999
2 0.68612923125 0.7930850875 0.64612375625 0.7910147078125 0.6456967078125 0.807296025 0.677305203125 0.8094972171875 0.68612923125 0.7930850875
2 0.6451622828125 0.77735316875 0.6765804625 0.7802505156249999 0.6831265328125 0.766535759375 0.6453106828124999 0.75931253125 0.6451622828125 0.77735316875
2 0.698043884375 0.8872888421875 0.6986028953125001 0.90221484375 0.7344739046875 0.9085453843750001 0.7378609953125 0.8881899171875001 0.698043884375 0.8872888421875
2 0.702076921875 0.8596251625000001 0.7044807296875 0.87669996875 0.7547430375 0.8771078578125 0.7551698421874999 0.860824996875 0.702076921875 0.8596251625000001
2 0.8441790421875 0.92179845 0.848607359375 0.9497577453125 0.93012405625 0.9368467687500001 0.9243357937500001 0.9079021468749999 0.8441790421875 0.92179845
2 0.947471253125 0.67061626875 0.9496792921875 0.68836278125 0.97948416875 0.682961903125 0.9804976562500001 0.6665877015625 0.947471253125 0.67061626875
2 0.979409925 0.6445379546875001 0.9437281828125 0.65078895625 0.9467289234375 0.665929378125 0.9815144015625 0.6616206203125 0.979409925 0.6445379546875001
2 0.8915303453125001 0.3724542984375 0.8989649796875 0.3491876265625 0.8660575906249999 0.33878553437500003 0.8570827156249999 0.361826309375 0.8915303453125001 0.3724542984375
2 0.742258921875 0.270709090625 0.7434985546874999 0.2861268625 0.7947713484375 0.2948224640625 0.8043660390625 0.27949057499999996 0.742258921875 0.270709090625
2 0.8363493234374999 0.29544464531250003 0.8348719093750001 0.3088897328125 0.854224428125 0.3058245953125 0.8556105015625001 0.2917928234375 0.8363493234374999 0.29544464531250003
2 0.891527328125 0.066895965625 0.8960074406249999 0.08000020625000001 0.9370388140625 0.0710984515625 0.935183109375 0.059382000000000004 0.891527328125 0.066895965625
2 0.8841115140625 0.0428474765625 0.88708831875 0.05974452031250001 0.933224071875 0.05308594531250001 0.9317496171874999 0.037703782812499996 0.8841115140625 0.0428474765625