2 0.3864167765625 0.57585840625 0.41687784531250005 0.571105775 0.396738559375 0.4348895625 0.366025015625 0.4381726671875 0.3864167765625 0.57585840625
2 0.206641721875 0.15649038906249998 0.20980563437500002 0.20627909687499998 0.25592627968750004 0.195090278125 0.2507810375 0.1430924109375 0.206641721875 0.15649038906249998
2 0.22389059531250002 0.08107350468749999 0.2500371953125 0.0743174046875 0.243150565625 0.0218131328125 0.218301734375 0.0239871234375 0.22389059531250002 0.08107350468749999
2 0.21459186562500002 0.0881452265625 0.199367809375 0.025643628125 0.168011025 0.028386990625000004 0.17664013750000002 0.09295561718749999 0.21459186562500002 0.0881452265625
2 0.0739820890625 0.2688236484375 0.08244871718749999 0.324704628125 0.11575903125 0.31702220937500003 0.1077063921875 0.2658731546875 0.0739820890625 0.2688236484375
2 0.0938573484375 0.8094643328125001 0.1317592390625 0.8070423734375 0.12096505312500001 0.744510821875 0.086523509375 0.7528882296875 0.0938573484375 0.8094643328125001
2 0.24364224218750002 0.9913525625 0.2355550640625 0.9204446875000001 0.2011640109375 0.9252400015625 0.20721788124999999 0.9900805953124999 0.24364224218750002 0.9913525625
2 0.7258285140625 0.4621236171875 0.741527178125 0.5733991374999999 0.7553415703125 0.5745746078125 0.741544684375 0.4577685390625 0.7258285140625 0.4621236171875
2 0.5819538859375 0.473518978125 0.592429496875 0.47260248125000004 0.5844404546875 0.4065474125 0.5722245906250001 0.4100002359375 0.5819538859375 0.473518978125
2 0.89741628125 0.460820046875 0.91161516875 0.4595778046875 0.8912230062500001 0.3695751125 0.8806082390625001 0.3913644140625 0.89741628125 0.460820046875
2 0.7273549703125 0.1729181890625 0.7722396015624999 0.161244625 0.75623715 0.1078094328125 0.7236737078125 0.11721613125000001 0.7273549703125 0.1729181890625
2 0.9215349234374999 0.184540078125 0.9254916375000001 0.2229350828125 0.9625578906250001 0.217308134375 0.9599409609375 0.180583965625 0.9215349234374999 0.184540078125
2 0.525801403125 0.1708848125 0.52380600625 0.149601171875 0.48696758281249997 0.1510376296875 0.48986537343750003 0.1841595484375 0.525801403125 0.1708848125
2 0.3690212703125 0.158972525 0.3997571125 0.1506197453125 0.39248932187499996 0.1205606671875 0.3635503828125 0.1236900828125 0.3690212703125 0.158972525
2 0.0317879671875 0.10682057656249999 0.013211603124999999 0.11294166875 0.013015032812499999 0.11857069218750001 0.017993737500000002 0.1467685875 0.0407058546875 0.1406094078125 0.0317879671875 0.10682057656249999
2 0.40833386406249994 0.8311226906250001 0.3956109421875 0.7490912859375001 0.3302473 0.758385971875 0.3384624234375 0.825017278125 0.40833386406249994 0.8311226906250001