2 0.3108780296875 0.301259440625 0.336020421875 0.2639679359375 0.2671398109375 0.2225640734375 0.23840329374999997 0.2546932140625 0.3108780296875 0.301259440625
2 0.531383909375 0.06452695625 0.5304742859375 0.047848681250000004 0.4485311796875 0.0628275125 0.447408859375 0.07854030937499999 0.531383909375 0.06452695625
2 0.8197507484375001 0.46157555156249996 0.8192478624999999 0.44848128750000005 0.7505205703125 0.44385929375 0.7448544953125 0.461214665625 0.8197507484375001 0.46157555156249996
2 0.8173230437499999 0.485209009375 0.818847396875 0.46746759843749996 0.7714055765625 0.4707861078125 0.7740077015625 0.48353194843749997 0.8173230437499999 0.485209009375
2 0.8182325296874999 0.6153396343749999 0.8179469984375001 0.5980979390625001 0.7617077453125 0.604779384375 0.7661814453125 0.6215208375 0.8182325296874999 0.6153396343749999
2 0.8182402765625 0.6379116 0.8172981 0.6218246187500001 0.764944415625 0.6281073109374999 0.76437775 0.644592434375 0.8182402765625 0.6379116
2 0.442206884375 0.67700855 0.4662285671875 0.649756525 0.42046399843750004 0.6153986828125 0.39597800625 0.6401354609375 0.442206884375 0.67700855
2 0.5713378765625 0.8904858703125 0.600755040625 0.851041703125 0.5727037640625 0.8246859296875 0.540188584375 0.8722212375 0.5713378765625 0.8904858703125
2 0.7656782828125 0.8353312734375 0.7232601078124999 0.805190284375 0.69708705 0.8394580796875 0.7380989828125 0.862396853125 0.7656782828125 0.8353312734375
2 0.692157103125 1 0.6985335921875 0.993375975 0.6665087640625 0.9691276312499999 0.643402934375 1 0.692157103125 1
2 0.8497128640625 1 0.8608056640624999 0.9828729953125 0.8417990140624999 0.9711872500000001 0.81712085 0.9995908703125 0.8178338125 1 0.8497128640625 1
2 0.8011394703124999 0.9868745421874999 0.8282500484374999 0.9574077031250001 0.7980072046875 0.9445369640625 0.7744064859375 0.9751014984375 0.8011394703124999 0.9868745421874999