2 0.5387221375 0.3083357703125 0.5757922296875 0.30162866718750003 0.5591238421875 0.1876072609375 0.5233017703125 0.1954380875 0.5387221375 0.3083357703125
2 0.5214789140625 0.6140368515625 0.5914112421875 0.5996571703125 0.5883603140625 0.552786984375 0.5108276796875 0.566673134375 0.5214789140625 0.6140368515625
2 0.5941494546875 0.6405902718750001 0.6001307859375 0.6867107531250001 0.6699992421875 0.671142159375 0.663333146875 0.6232707421875 0.5941494546875 0.6405902718750001
2 0.13043813124999998 0.530946284375 0.18094510625 0.519964465625 0.1789849609375 0.48256266875 0.124097759375 0.4958581515625 0.13043813124999998 0.530946284375
2 0.8327117828124999 0.3756746390625 0.8707485046875 0.3647517953125 0.8608428625 0.28907118593750003 0.8207799687499999 0.295337440625 0.8327117828124999 0.3756746390625
2 0.754102453125 0.201797315625 0.8076970109375001 0.19303507343749998 0.7990052765625 0.117886975 0.7408914875 0.1295647328125 0.754102453125 0.201797315625
2 0.56557395625 0.2200125375 0.5726149125 0.275006909375 0.5879973609375 0.271522078125 0.5839378156249999 0.219050128125 0.56557395625 0.2200125375
2 0.47526624531249995 0.11758756875000001 0.5062873578125 0.10881922031249999 0.501272040625 0.081101528125 0.46874886875 0.0866753609375 0.47526624531249995 0.11758756875000001
2 0.10002122499999999 0.13189755 0.08648947812499999 0.1343919765625 0.0902891015625 0.172888065625 0.10696983593750001 0.1690379125 0.10002122499999999 0.13189755
2 0.079940559375 0.14545144062499998 0.064072825 0.1486628578125 0.0725163921875 0.1851303078125 0.08611734531250001 0.17906017031250002 0.079940559375 0.14545144062499998
2 0.21247069999999998 0.1807715671875 0.1757116796875 0.1934142734375 0.180085621875 0.2214628625 0.21991843437499997 0.20955247500000002 0.21247069999999998 0.1807715671875
2 0.2456792453125 0.123071678125 0.2277839421875 0.12162970625 0.24165001875 0.204839925 0.259763478125 0.199129425 0.2456792453125 0.123071678125
2 0.22750170781249998 0.150219596875 0.21103947500000003 0.1534621703125 0.219780371875 0.2140236421875 0.23797114062500002 0.2026529015625 0.22750170781249998 0.150219596875
2 0.682402253125 0.13709395468750002 0.7000022343750001 0.2802362 0.7268979437499999 0.2704933609375 0.710057040625 0.13207254531249998 0.682402253125 0.13709395468750002
2 0.7938236843750001 0.4723674 0.7972792953125001 0.51564429375 0.813056765625 0.5106507828125 0.80663803125 0.4675291796875 0.7938236843750001 0.4723674
2 0.7555013859375 0.5231911234375 0.7719635359375 0.519946990625 0.7643916484375 0.47748195000000004 0.7442520984375001 0.4785374203125 0.7555013859375 0.5231911234375