2 0.7502322734375 0.161516259375 0.714815528125 0.14994965 0.6999036703125 0.18155365625 0.7359958359375 0.19414695625 0.7502322734375 0.161516259375
2 0.8803764140625001 0.339496121875 0.8433503515625 0.33094798124999997 0.8362329687500001 0.367048740625 0.8707667109375 0.37319498281249996 0.8803764140625001 0.339496121875
2 0.6987315921875 0.4321005609375 0.66667361875 0.4337068171875 0.6595763296875 0.4802853265625 0.6935761671875 0.48874417656249997 0.6987315921875 0.4321005609375
2 0.24031763750000001 0.40114586562500004 0.1919975140625 0.39532706875 0.190655646875 0.42620729687500003 0.2292406390625 0.4332888421875 0.24031763750000001 0.40114586562500004
2 0 0.681638796875 0.0030750234375000003 0.6831012640624999 0.019307515625 0.6484233625 0 0.640776359375 0 0.681638796875
2 0.18251288125 0.7993357046875 0.1753074171875 0.8305459953125001 0.2174956453125 0.837850046875 0.2220767484375 0.8048167421875 0.1843265 0.8007181750000001 0.18251288125 0.7993357046875
2 0.2671400203125 0.6637283109375 0.3144012453125 0.6715011796875 0.3215617328125 0.6378462390624999 0.2767464515625 0.6287169484375 0.2671400203125 0.6637283109375
2 0.8526694765625 0.863345903125 0.8156042484375 0.8615591203124999 0.8137346937500001 0.8920994328124999 0.8510711453124999 0.8940242015625 0.8526694765625 0.863345903125
2 0.796159415625 0.9312669031249999 0.7626181640625 0.940617671875 0.7724468421874999 0.9732766296875001 0.8038637468750001 0.9665287593749999 0.796159415625 0.9312669031249999
2 0.5862815718750001 0.8584605125 0.53765190625 0.8539894359375 0.5363522984375 0.8688498359375 0.584015615625 0.8762007781250001 0.5862815718750001 0.8584605125
2 0.5841052171875 0.881091596875 0.536320746875 0.875592103125 0.5384463 0.888813809375 0.5842840687499999 0.890874759375 0.5841052171875 0.881091596875
2 0.576852240625 0.9019428890625001 0.5363248406250001 0.8993295390625 0.5366687671875 0.9097104671875 0.578368221875 0.913859646875 0.576852240625 0.9019428890625001
2 0.5905650625 0.9428526796875 0.5506835625 0.9400741421875001 0.5524735625 0.95475623125 0.5916791765625 0.9565031609375 0.5905650625 0.9428526796875
2 0.5860725484375 0.9728628031250001 0.587140521875 0.9603254640625 0.5533183640625 0.961647903125 0.5528316171875 0.9743210328125 0.5860725484375 0.9728628031250001
2 0.4067390765625 0.4074744328125 0.40083850312499997 0.444903265625 0.43577411250000003 0.44931578437499997 0.44102116406249997 0.41339099062500007 0.4067390765625 0.4074744328125
2 0.9105229046875 0.47813561406250005 0.902290046875 0.5137960359375 0.950443309375 0.524303725 0.9617421109375 0.48856055937500004 0.9105229046875 0.47813561406250005
2 0.4244742140625 0.29106317187499997 0.412841846875 0.3295709078125 0.451870284375 0.3373642 0.467216625 0.294640109375 0.4244742140625 0.29106317187499997