2 0.947453125 0.7070515625 0.948640625 0.7413640625 0.986640625 0.7401765625000001 0.9842656249999999 0.7051796875 0.947453125 0.7070515625
2 0.7746703125 0.9267625 0.7776390625 0.9436359375000001 0.8601703125 0.9341437499999999 0.8572015625 0.9199093749999999 0.7746703125 0.9267625
2 0.9519062500000001 0.8894015625 0.9539843749999999 0.9050796875 0.997921875 0.9038921875 0.997921875 0.8855046874999999 0.9519062500000001 0.8894015625
2 0.655325 0.895628125 0.65473125 0.87660625 0.5876390625 0.8801656250000001 0.59179375 0.8985546875000001 0.655325 0.895628125
2 0.419309375 0.9730171875 0.41960625 0.9566859375 0.32876249999999996 0.957871875 0.3263859375 0.9756671875 0.419309375 0.9730171875
2 0.37923125 0.9934765625 0.37982343749999997 0.9768531250000001 0.32876249999999996 0.977446875 0.3293546875 0.9946484375000001 0.37923125 0.9934765625
2 0.6437484375 0.7782125 0.6464203125 0.7413640625 0.5852625 0.7467015625 0.58348125 0.777546875 0.6437484375 0.7782125
2 0.3424171875 0.5853578125000001 0.3833859375 0.584171875 0.38041718750000003 0.5094328124999999 0.3424171875 0.5147703124999999 0.3424171875 0.5853578125000001
2 0.1458859375 0.6652421875 0.1482609375 0.631625 0.0977921875 0.631625 0.0948234375 0.6672171875 0.1458859375 0.6652421875
2 0.090665625 0.63815 0.048509375 0.6411171875 0.048509375 0.705771875 0.087696875 0.7034 0.090665625 0.63815
2 0.7206390625 0.9970218750000001 0.7185609375 0.95166875 0.6784828125 0.9572796875 0.6808578125 0.9999874999999999 0.7206390625 0.9970218750000001
2 0.3560734375 0.9418843750000001 0.3590421875 0.9181296874999999 0.3275734375 0.9169421874999999 0.32816718749999996 0.9400765625 0.3560734375 0.9418843750000001
2 0.2379171875 0.9371109375 0.1999171875 0.9418562500000001 0.2028859375 0.9821921874999999 0.2385109375 0.978040625 0.2379171875 0.9371109375
2 0.1966515625 0.543378125 0.19754218750000002 0.5088375 0.136978125 0.5094328124999999 0.14172968749999998 0.544428125 0.1966515625 0.543378125
2 0.36141718749999996 0.2631796875 0.3584484375 0.22826718750000002 0.3085734375 0.23835 0.3097625 0.2697890625 0.36141718749999996 0.2631796875
2 0.3329171875 0.119965625 0.3305421875 0.0859046875 0.2747296875 0.0864984375 0.27294843750000003 0.1232734375 0.3329171875 0.119965625
2 0.44929375 0.0479421875 0.3917 0.055059375 0.3917 0.088278125 0.4498875 0.0817515625 0.44929375 0.0479421875
2 0.531528125 0.1840125 0.470075 0.1891171875 0.47660625 0.2247078125 0.53004375 0.21699687499999998 0.531528125 0.1840125
2 0.7969359375 0.29698125000000003 0.7972328125 0.27868593750000004 0.7194515625 0.286990625 0.7218265625 0.30182031249999997 0.7969359375 0.29698125000000003
2 0.6829359375 0.36814375 0.6802625 0.333259375 0.6416703125 0.33503906250000004 0.6386999999999999 0.3682546875 0.6829359375 0.36814375
2 0.8254359375 0.2009125 0.8257328125000001 0.183778125 0.7004515625 0.190303125 0.70223125 0.2057265625 0.8254359375 0.2009125
2 0.7289515625 0.171915625 0.7010453125 0.1725078125 0.6986703125 0.1873375 0.7295453125 0.18614999999999998 0.7289515625 0.171915625
2 0.071665625 0.2253 0.070478125 0.20869062500000002 0.036634375000000004 0.20394687500000003 0.032478125000000004 0.2187765625 0.071665625 0.2253
2 0.074634375 0.2045390625 0.0764171875 0.1879296875 0.039009375 0.1819984375 0.035446875 0.19564062499999998 0.074634375 0.2045390625
2 0.07730624999999999 0.1795640625 0.0793859375 0.16716875 0.046134375 0.16005156250000002 0.043165625 0.1736953125 0.07730624999999999 0.1795640625
2 0.3551828125 0.2204828125 0.3584484375 0.196828125 0.30560468749999997 0.190303125 0.2984796875 0.21936874999999997 0.3551828125 0.2204828125
2 0.15122968750000002 0.264959375 0.103134375 0.3854578125 0.137571875 0.397321875 0.184478125 0.2792796875 0.15122968750000002 0.264959375
2 0.1254 0.5496046875 0.12332343750000001 0.536125 0.0918546875 0.5367171875000001 0.08947812499999999 0.54858125 0.1254 0.5496046875
2 0.13430625000000002 0.518471875 0.131040625 0.5058734375 0.091259375 0.5070578125 0.0948234375 0.5248546875 0.13430625000000002 0.518471875
2 0.29729375 0.930321875 0.29729375 0.919315625 0.25810468750000004 0.9216890624999999 0.2598859375 0.9347390624999999 0.29729375 0.930321875
2 0.2830421875 0.91253125 0.2830421875 0.8955890625 0.2664171875 0.89618125 0.2676046875 0.90923125 0.2830421875 0.91253125
2 0.2776984375 0.8547109374999999 0.2741359375 0.8398312499999999 0.2586984375 0.8404234374999999 0.2586984375 0.8558453125 0.2776984375 0.8547109374999999
2 0.2109015625 0.8218 0.2106046875 0.8107640625 0.1927921875 0.8066125 0.1957609375 0.8250015625 0.2109015625 0.8218
2 0.2304953125 0.8440375 0.2307921875 0.8344921875000001 0.2183234375 0.8350843749999999 0.21772968750000002 0.8427953125000001 0.2304953125 0.8440375