2 0.9206671609375 0.4467985703125 0.9091636984375 0.44264492187500004 0.9020417390625 0.5220952921875 0.9135655515625001 0.525950590625 0.9206671609375 0.4467985703125
2 0.8875586078125 0.438426115625 0.8749951296875 0.43670627968750003 0.87625821875 0.517502465625 0.88452036875 0.5164733359375 0.8875586078125 0.438426115625
2 0.9676517546875001 0.019938146875 0.9555009890624999 0.023424976562499998 0.9591702156249999 0.0820930359375 0.9721227656250001 0.0838765984375 0.9676517546875001 0.019938146875
2 0.938509365625 0.027881296875 0.9243550859375 0.02981221875 0.92774576875 0.071850190625 0.9404736640625 0.07058701875 0.938509365625 0.027881296875
2 0.677277596875 0.4042595484375 0.7075116328125 0.267112703125 0.6327205859375 0.2567627796875 0.6000271421875001 0.3809565265625 0.677277596875 0.4042595484375
2 0.6246630859375 0.5223625359375 0.583478746875 0.5185752671875 0.57476598125 0.6016763953125001 0.6156482265625 0.6031028 0.6246630859375 0.5223625359375
2 0.7443996234375 0.7782920640625 0.7521094765624999 0.72140435 0.701324784375 0.7157419546875 0.6976339796875 0.7813375125 0.7443996234375 0.7782920640625
2 0.7452981640624999 0.6254418125 0.7120643515625 0.62599439375 0.707124565625 0.7017630078125 0.7438265265624999 0.70340693125 0.7452981640624999 0.6254418125
2 0.22263649062500002 0.1730148375 0.17272544375 0.161362575 0.16330485 0.18563731562500002 0.2132188484375 0.19877896718750002 0.22263649062500002 0.1730148375
2 0.32582477656250003 0.0338298828125 0.263745365625 0.015299584375 0.255682725 0.015863379687500002 0.22084365468749997 0.08214037656249999 0.29404398125000003 0.09614262031250001 0.32582477656250003 0.0338298828125
2 0.068104246875 0.29586610625 0.0790543734375 0.2554563890625 0.0456350734375 0.24115457187499997 0.034028901562500005 0.291706271875 0.068104246875 0.29586610625
2 0.05985525625 0.5805019703125 0.028836256249999997 0.5779656546874999 0.023093659375 0.6157257609375 0.058030323437499996 0.6198404562500001 0.05985525625 0.5805019703125
2 0.1280450359375 1 0.1262626515625 0.9408985124999999 0.08825739375 0.941106590625 0.0927504609375 1 0.1280450359375 1
2 0.03058505625 0.954847075 0.044790984374999995 0.9621133593750001 0.06378996875000001 0.9049312875 0.0265018515625 0.8964545218750001 0.03058505625 0.954847075
2 0.0207071484375 0.8135864046875 0.02280904375 0.8143253296875 0.027937196874999997 0.7195207671875 0.0141257953125 0.7194686703125 0.0207071484375 0.8135864046875
2 0.6629185875 0.1416182875 0.60992151875 0.12774636718750002 0.6008730203125 0.17043624531249998 0.6566687765625 0.1791045640625 0.6629185875 0.1416182875
2 0.672653325 0.1006777046875 0.681826121875 0.0603595703125 0.665770296875 0.060011889062500004 0.6599034031250001 0.09540024999999999 0.672653325 0.1006777046875
2 0.6829186234375 0.5912518359375001 0.6410201703125 0.5851237328125001 0.639486475 0.61255409375 0.678714140625 0.616742753125 0.6829186234375 0.5912518359375001