2 0.806689228125 0.1073252375 0.8580167375000001 0.12480442031250001 0.8618752578125 0.08493335156250001 0.8082430328125 0.0750970546875 0.806689228125 0.1073252375
2 0.8049913421875001 0.166108434375 0.8294501828125 0.1816916953125 0.8446343859375001 0.151280471875 0.8197570140625 0.13697682656250001 0.8049913421875001 0.166108434375
2 0.7506934953125 0.2172833671875 0.8043611875 0.23434832499999997 0.8170233687499999 0.20498471093749998 0.768656696875 0.1857792234375 0.7506934953125 0.2172833671875
2 1 0.5679254671875 0.9648322234375 0.5527291187500001 0.9515453203125 0.58340870625 1 0.606570240625 1 0.5679254671875
2 0.7932882515624999 0.7529974421875 0.8408658578124999 0.77656401875 0.869631290625 0.7084862625 0.8212730453124999 0.685963284375 0.7932882515624999 0.7529974421875
2 0.7533868953125 0.902924278125 0.7840730921875 0.9162036703125 0.801142265625 0.8842542546875001 0.768772346875 0.8670497953125 0.7533868953125 0.902924278125
2 0.2690148921875 0.6868757671875 0.28043544374999996 0.696918621875 0.3087780578125 0.610228396875 0.29431717812499997 0.6046373734375 0.2690148921875 0.6868757671875
2 0.23705728750000002 0.6629666015625 0.25092013125 0.6731833093749999 0.2720966171875 0.6022249078125 0.26077357968750003 0.599096734375 0.23705728750000002 0.6629666015625
2 0.2139431890625 0.634485125 0.228563078125 0.64215670625 0.235103996875 0.607843340625 0.22378938750000002 0.601397678125 0.2139431890625 0.634485125
2 0.3453511421875 0.5383623015625 0.356472759375 0.48515394843750004 0.338204528125 0.4841547640625 0.32890631406250004 0.53402705625 0.3453511421875 0.5383623015625
2 0.0226947671875 0.240742925 0.0621564125 0.2422255046875 0.062020217187500004 0.1699003734375 0.024564859375 0.1692682625 0.0226947671875 0.240742925
2 0.2331057203125 0.260918203125 0.2517540109375 0.260644553125 0.2572414140625 0.2051136625 0.235113190625 0.203890734375 0.2331057203125 0.260918203125
2 0.097108534375 0.44044884062499995 0.14902193125000002 0.44757366718749997 0.1528944625 0.398055159375 0.09828524375 0.3992435046875 0.097108534375 0.44044884062499995
2 0.085050471875 0.5293955640625 0.12034968593749999 0.5243771781250001 0.1163538359375 0.483179540625 0.0800690328125 0.4874673484375 0.085050471875 0.5293955640625
2 0.24152709843750003 0.4933637796875 0.2536710734375 0.4972515640625 0.2585463453125 0.4689595390625 0.2426667875 0.46904485312500005 0.24152709843750003 0.4933637796875
2 0.278131340625 0.5025851125 0.2805452921875 0.4683965328125 0.26895199375 0.471042065625 0.2661596796875 0.49625530468749995 0.278131340625 0.5025851125