2 0.9143693609374999 0.309406590625 0.9900380500000001 0.30887452656250003 0.9935729984374999 0.241237740625 0.9096415765625 0.2273384953125 0.9143693609374999 0.309406590625
2 0.7239801406249999 0.4369876234375 0.7307431875 0.3869177828125 0.7028971421875 0.3785213890625 0.695646103125 0.4273565 0.7239801406249999 0.4369876234375
2 0.2995570796875 0.340252046875 0.4131854625 0.32098992656249997 0.40006825468749996 0.26202700156250003 0.288934075 0.2779327984375 0.2995570796875 0.340252046875
2 0.3052783078125 0.397375871875 0.418492971875 0.3828425625 0.4118126484375 0.3318945859375 0.3009677546875 0.344547590625 0.3052783078125 0.397375871875
2 0.19843614999999998 0.53643688125 0.1886690609375 0.45750401093750004 0.1402062890625 0.46697248281250003 0.14635354375 0.539628478125 0.19843614999999998 0.53643688125
2 0.1903510140625 0.315797303125 0.11177080156250001 0.32918860625 0.1165901828125 0.38980807031250003 0.199832275 0.37682462656250004 0.1903510140625 0.315797303125
2 0.6049921078125 0.313332525 0.6208210359375 0.30935321718750003 0.62141465 0.273346059375 0.6034215234375 0.27683801875 0.6049921078125 0.313332525
2 0.45637146250000005 0.58284401875 0.5022865078125001 0.5820944890625 0.506654875 0.544031940625 0.4527676625 0.5491517171875 0.45637146250000005 0.58284401875
2 0.5257970703125 0.789777615625 0.5225555125 0.75194488125 0.4677995640625 0.7584786984375 0.4748648375 0.8002220734375 0.5257970703125 0.789777615625
2 0.5351661640625001 0.6350366015625 0.55052935625 0.63638070625 0.544258040625 0.558348125 0.527349628125 0.5610409562500001 0.5351661640625001 0.6350366015625
2 0.548747153125 0.7792691109375001 0.5625149281249999 0.785241778125 0.5603792421875 0.7075725859374999 0.5433155843749999 0.7120398906250001 0.548747153125 0.7792691109375001
2 0.5212483359375 0.74646635625 0.53355524375 0.7487351078125 0.5312055515624999 0.712468875 0.5183928296875 0.7110514671875 0.5212483359375 0.74646635625
2 0.5100157171874999 0.6298561328125001 0.527048325 0.6325383265625 0.5212270796875 0.5917962484375 0.5028160328125 0.59644368125 0.5100157171874999 0.6298561328125001
2 0.7144136703124999 0.9546894874999999 0.73085634375 0.957320071875 0.7223523968750001 0.895484225 0.7040184953125 0.896560728125 0.7144136703124999 0.9546894874999999
2 0.6797642046875 0.935565565625 0.6956671375 0.9375529109375 0.691680371875 0.899058959375 0.6747735421875001 0.9041360015625 0.6797642046875 0.935565565625
2 0.6611584359375 0.944070078125 0.677422053125 0.941916853125 0.671628753125 0.9241254828125 0.6591134546874999 0.926605075 0.6611584359375 0.944070078125
2 0.5564400234375 0.9295442421875 0.55725663125 0.9814692546874999 0.6056381609375 0.9797419093749999 0.60301928125 0.9348098671875 0.5564400234375 0.9295442421875
2 0.17481494687500002 0.132652575 0.209014846875 0.1296829296875 0.1986402328125 0.0781137359375 0.1647214671875 0.0846825171875 0.17481494687500002 0.132652575