2 0.876935203125 0.736315565625 0.77217725 0.772628134375 0.7795839625000001 0.8039758296875 0.8919024453125 0.7701966312499999 0.876935203125 0.736315565625
2 0.735387234375 0.8312279796875 0.7244506265624999 0.796128790625 0.6515757578125 0.82436455 0.6640134343749999 0.8616006265625 0.735387234375 0.8312279796875
2 0.5474144109375 0.6022209968750001 0.5327244078125 0.568179475 0.483739421875 0.591258975 0.5023217718749999 0.625231553125 0.5474144109375 0.6022209968750001
2 0.8225255859375 0.3683916859375 0.8108140078125 0.33417771875 0.7433088453125001 0.3664570734375 0.7560972375 0.397644853125 0.8225255859375 0.3683916859375
2 0.9601497218749999 0.324586803125 0.9797886765625 0.3212255640625 0.9742506765625001 0.28182063125 0.9485692453125001 0.2913169 0.9601497218749999 0.324586803125
2 0.7716763546875 0.2244410515625 0.764608328125 0.2147239125 0.71428036875 0.236791409375 0.7210550687499999 0.2508320703125 0.7716763546875 0.2244410515625
2 0.760475540625 0.18531759375 0.708463203125 0.2082213984375 0.7127098859375 0.22561685156250003 0.7646489062499999 0.19792509375 0.760475540625 0.18531759375
2 0.6902003750000001 0.146613528125 0.7752823875 0.1112659 0.757133603125 0.071834540625 0.679601478125 0.1139172875 0.6902003750000001 0.146613528125
2 0.26133345625 0.08093925468749999 0.24016926249999998 0.032862171875 0.2070349453125 0.040590981250000005 0.22800501718750002 0.095819365625 0.26133345625 0.08093925468749999
2 0.02005683125 0.10419989999999998 0.034545653125 0.0990185875 0.02353336875 0.0633809421875 0.0221732125 0.0638169390625 0.02005683125 0.10419989999999998
2 0.3174263390625 0.27928795 0.313181646875 0.2661729390625 0.250489259375 0.2899781390625 0.25422905625 0.30804441875 0.3174263390625 0.27928795
2 0.3312147859375 0.3133252171875 0.3242125640625 0.29341061874999996 0.2901402015625 0.3029974359375 0.2950481734375 0.3250982109375 0.3312147859375 0.3133252171875
2 0.25166498593750003 0.61230765 0.2264896359375 0.5506440875 0.20293205468750003 0.5581535640624999 0.227835359375 0.620025765625 0.25166498593750003 0.61230765
2 0.2227870046875 0.6118692968749999 0.204181315625 0.56277625 0.18473309843750002 0.5739052890624999 0.2037912890625 0.6198074296875 0.2227870046875 0.6118692968749999
2 0.20274935468750002 0.633747478125 0.180520703125 0.5780963906250001 0.1527474171875 0.5897958546875001 0.178591390625 0.64554000625 0.20274935468750002 0.633747478125