2 0.9129635171875 0.5202421312500001 0.8783742109375 0.522751896875 0.88891905625 0.5614508890625001 0.9223212999999999 0.5551056421875 0.9129635171875 0.5202421312500001
2 0.9687515796874999 0.35538528281250004 0.923180209375 0.379865875 0.9517343593750001 0.42977984375 0.9976482203125 0.40515919843750003 0.9687515796874999 0.35538528281250004
2 0.63765636875 0.3800934796875 0.6092290171875 0.34071532968749996 0.5790050109375 0.3588564109375 0.6133141328125 0.402868575 0.63765636875 0.3800934796875
2 0.5609139234375 0.0853588609375 0.584272665625 0.12175020624999999 0.6129142796875 0.1050471484375 0.5904247125000001 0.0749869515625 0.5609139234375 0.0853588609375
2 0.280281903125 0.2488185953125 0.25579135937499997 0.2635984453125 0.2996121078125 0.31609334218749996 0.32364636562500004 0.30068925156250004 0.280281903125 0.2488185953125
2 0.4069568921875 0.359244159375 0.3556887375 0.388153115625 0.39677139375000003 0.43691052499999994 0.436196696875 0.403947346875 0.4069568921875 0.359244159375
2 0.725583190625 0.631203634375 0.7235428953125 0.6504311828125 0.7918092171875 0.663783546875 0.7979882 0.6488182203124999 0.725583190625 0.631203634375
2 0.5752619625000001 0.87700138125 0.5449287 0.9201237062500001 0.5771975703125001 0.9355043078125 0.605101715625 0.8972224859375 0.5752619625000001 0.87700138125
2 0.66186425 0.929716678125 0.6333393421875 0.9140456953125 0.615063909375 0.9284411374999999 0.612474859375 0.9314623421875 0.637116775 0.9528899421875 0.66186425 0.929716678125
2 0.611601165625 0.6981261453125 0.601642890625 0.727022234375 0.630457796875 0.7464322515624999 0.6438239375 0.714918790625 0.611601165625 0.6981261453125
2 0.65113750625 0.7089015546875 0.6824235125 0.724542746875 0.6960854296875 0.7041080546875 0.6697217109375 0.6895862312500001 0.65113750625 0.7089015546875
2 0.64349225625 0.8316013968749999 0.6557583484375 0.8008120703125 0.627760090625 0.7891645734375 0.6129540312499999 0.819096778125 0.64349225625 0.8316013968749999
2 0.452478321875 0.9154133296875001 0.411766459375 0.8884910953125 0.399342665625 0.915004315625 0.42816331874999997 0.939306346875 0.452478321875 0.9154133296875001
2 0.688273075 1 0.6976228578125 0.9826475531250001 0.6632513296875 0.962195115625 0.6479488984375 0.99043670625 0.6648770765625 1 0.688273075 1