2 0.254412928125 0.17602221875 0.2889385640625 0.135643296875 0.24410093906250002 0.1031383109375 0.21188210624999998 0.1443825140625 0.254412928125 0.17602221875
2 0.230853696875 0.2409299515625 0.260229253125 0.21172908281249997 0.23084479687499998 0.1865315484375 0.20421555625 0.2115919578125 0.230853696875 0.2409299515625
2 0.104071890625 0.3718126125 0.12491164531250001 0.36185038281250004 0.10021351406250001 0.323963 0.085137271875 0.3327668953125 0.104071890625 0.3718126125
2 0.29350467343750003 0.396846153125 0.2845213828125 0.4109449828125 0.2936978109375 0.4218707109375 0.27108284375 0.44192286718749996 0.31241866093750004 0.483797365625 0.351221359375 0.43881275156250005 0.29350467343750003 0.396846153125
2 0.47805446093750004 0.22899983281249997 0.4516274578125 0.20406104374999998 0.4241482546875 0.2320240421875 0.463559103125 0.2652447140625 0.47805446093750004 0.22899983281249997
2 0.54569490625 0.1166801765625 0.5564505109375 0.09593081875000001 0.530253165625 0.0751795421875 0.5170502984375 0.0966511671875 0.54569490625 0.1166801765625
2 0.5692025796875 0.083018096875 0.5817188609375 0.0659879078125 0.5494515 0.046492059375 0.536765575 0.06205500625 0.5692025796875 0.083018096875
2 0.7137025859375 0.29121058906249997 0.7308977624999999 0.26838802500000003 0.6928766171875 0.23290800156250002 0.6706978953125 0.254786378125 0.7137025859375 0.29121058906249997
2 0.5971805171875 0.151542290625 0.6194693703125 0.1318113734375 0.5908558703125 0.11144472812499999 0.568727475 0.1327299203125 0.5971805171875 0.151542290625
2 0.9196880828125 0.5153412921875 0.863913715625 0.4954373078125 0.8617949953125 0.516230209375 0.9058632203125001 0.5439044421875 0.9196880828125 0.5153412921875
2 0.802992478125 0.9499258890625001 0.8234603859374999 0.9169279671874999 0.7856551625 0.8960112421875 0.7687194296875 0.92608714375 0.802992478125 0.9499258890625001
2 0.540706325 0.8787954703124999 0.5083022765625 0.8574556921875001 0.49087841406250005 0.8862984203125001 0.5216313312499999 0.9026848203125001 0.540706325 0.8787954703124999
2 0.58762144375 0.78877308125 0.5484260484375 0.7803577671874999 0.5422727828125 0.8098148171874999 0.5735928359375 0.819700909375 0.58762144375 0.78877308125
2 0.13995865937500002 0.625863340625 0.1650219765625 0.6118710703125 0.144569196875 0.573164640625 0.1195348265625 0.5936027125 0.13995865937500002 0.625863340625
2 0.5448901921875 1 0.5529727921875 0.9804513953124999 0.5196451468750001 0.9662442 0.5154716546875 0.9866973484375 0.5434697109375 1 0.5448901921875 1
2 0.18043577187499998 0.6026151859375 0.20857634374999998 0.584123996875 0.19469680312499998 0.565642425 0.1669940921875 0.5757225828125 0.18043577187499998 0.6026151859375
2 0.0998249296875 0.5634184578125 0.11929466875000001 0.555472621875 0.10457287343749999 0.5261984484375 0.09240233437499999 0.535852578125 0.0998249296875 0.5634184578125
2 0.69208255625 0.746110434375 0.6547426796875 0.73688814375 0.6522688999999999 0.7515564828125 0.689067478125 0.7601353984375 0.69208255625 0.746110434375
2 0.6627935625 0.71982175625 0.696642721875 0.7280500921875 0.6978836015625001 0.7138667703125 0.6653804328125 0.7038787375 0.6627935625 0.71982175625
2 0.8025207984374999 0.4409542375 0.8183484671875 0.4201373078125 0.7912266109375 0.39632819375 0.7743714390624999 0.4186707515625 0.8025207984374999 0.4409542375
2 0.665937915625 0.4897249046875 0.674918928125 0.47904043124999995 0.6474107484375 0.452816584375 0.637659478125 0.462086353125 0.665937915625 0.4897249046875
2 0.6792206625 0.46052771875 0.6863761359375 0.45027170625 0.6580713 0.4263590953125 0.6498360296875 0.4387384515625 0.671892940625 0.4591274875 0.6792206625 0.46052771875
2 0.6589611421875 0.20159385156249998 0.6386951546875 0.2186408609375 0.6596936890625 0.24429675624999997 0.680765534375 0.22827544843749997 0.6589611421875 0.20159385156249998