2 0.4602526953125 0.3845139015625 0.5324286765624999 0.3668583171875 0.5291516828125 0.328217403125 0.45882024843749997 0.3491388484375 0.4602526953125 0.3845139015625
2 0.5122460906249999 0.4777387078125 0.576635821875 0.45736735 0.5678530281249999 0.42463078593750003 0.5045326578125 0.4411682859375 0.5122460906249999 0.4777387078125
2 0.5558425875 0.39239586718749997 0.5666549328125 0.43090593750000006 0.649067340625 0.3943419359375 0.6425026171875 0.36056936093749997 0.5558425875 0.39239586718749997
2 0.9330195171875 0.4704120546875 0.9411768578125 0.5061544359375 0.994718896875 0.489099790625 0.985353259375 0.45647652031249997 0.9330195171875 0.4704120546875
2 0.94984809375 0.5523199515624999 0.9486193171874999 0.5911188203125 0.9840087109375 0.59269994375 0.9866734234375001 0.55350894375 0.94984809375 0.5523199515624999
2 0.6378953 0.6464859453125 0.6642549875 0.718303903125 0.7080186937499999 0.7007321125 0.67321113125 0.6367974875 0.6378953 0.6464859453125
2 0.395228503125 0.719028003125 0.40300882343750005 0.7715012828125001 0.4452975265625 0.7681153187499999 0.43838176874999996 0.7138663281250001 0.395228503125 0.719028003125
2 0.2269125421875 0.49258219375 0.2233362375 0.5224158390625 0.2892596609375 0.51926988125 0.28839491562499997 0.486807203125 0.2269125421875 0.49258219375
2 0.341552734375 0.41955198125 0.343300496875 0.45498512343749997 0.37953143125 0.45156853906250005 0.375315046875 0.414318359375 0.341552734375 0.41955198125
2 0.125760484375 0.2802632703125 0.125505684375 0.3178493265625 0.234701071875 0.32260753593749997 0.24005340468749997 0.2816843875 0.125760484375 0.2802632703125
2 0.145671875 0.527403090625 0.14716963593750002 0.5662259 0.198557509375 0.5598631046875 0.2029522375 0.5233569546875 0.145671875 0.527403090625
2 0.034412965625 0.49647021718750006 0.038613231250000005 0.5305257140624999 0.09278504374999999 0.5260380437500001 0.090542234375 0.489613965625 0.034412965625 0.49647021718750006
2 0.1906385234375 0.3899858078125 0.1868362921875 0.42799240781250003 0.22130326562499997 0.42793983437499994 0.2248901015625 0.39038099531250003 0.1906385234375 0.3899858078125
2 0.05051797031250001 0.3972858796875 0.04975901875 0.43227829062499995 0.10142409999999999 0.4180063515625 0.1002000296875 0.3868232421875 0.05051797031250001 0.3972858796875
2 0.5451879265625 0.62542750625 0.5512880234375 0.6381392921875 0.62209054375 0.6165214156250001 0.618694740625 0.5990515171874999 0.5451879265625 0.62542750625
2 0.7368049828125 0.1424573515625 0.7385443390625 0.19808181875 0.7719774296875 0.19581394375 0.773446203125 0.1411432953125 0.7368049828125 0.1424573515625
2 0.5287150046875 0.1548164234375 0.53399328125 0.191314225 0.570017671875 0.1837069296875 0.5675158625 0.152165734375 0.5287150046875 0.1548164234375
2 0.476736328125 0.0398932734375 0.45745575625 0.0018122203125 0.43031795468749995 0.0041864703125 0.4293079671875 0.0043827921875 0.4427846015625 0.051931812499999994 0.476736328125 0.0398932734375
2 0.284357421875 0.2793392578125 0.284000840625 0.3148376296875 0.3115854796875 0.31672770781250004 0.31248593125 0.280899184375 0.284357421875 0.2793392578125
2 0.24740302656250002 0.9154033421875001 0.244478053125 0.9267973546875 0.274412565625 0.9252095328125 0.2743838390625 0.909503003125 0.24740302656250002 0.9154033421875001
2 0.2539115828125 0.947322903125 0.330342821875 0.9391117093749999 0.3330023125 0.9216761015625 0.24922042812499998 0.9325242484375 0.2539115828125 0.947322903125
2 0.7594496578125 0.9264246046875 0.7669523625 0.9479080453125001 0.799721434375 0.9391205218750001 0.796941184375 0.9154903015625001 0.7594496578125 0.9264246046875
2 0.7439245156250001 0.4435829671875 0.815031134375 0.4297612421875 0.8133499078125 0.41800032812500004 0.7409815859375 0.428442903125 0.7439245156250001 0.4435829671875
2 0.9641213828125 0.40637124062499996 0.9641381625 0.4189045625 0.99152514375 0.4147907984375 0.9885822140625 0.39965073281249996 0.9641213828125 0.40637124062499996
2 0.8614034140625 0.4038271375 0.9143573890625 0.4086411765625 0.9195979624999999 0.367134890625 0.8682625421875001 0.36442409531250003 0.8614034140625 0.4038271375
2 0.9354691515625 0.277638790625 0.9657191218750001 0.2820303234375 0.9624369093749999 0.26514480156250003 0.9361365609375 0.262401809375 0.9354691515625 0.277638790625
2 0.9364650421875 0.23141831875 0.9370472296875001 0.245304546875 0.957978890625 0.2503008296875 0.9564383515625 0.23428489687499998 0.9364650421875 0.23141831875
2 0.6584065296875 0.0145222015625 0.66111975625 0.030036409375 0.734994875 0.0211139390625 0.737069990625 0.0037919234374999998 0.6584065296875 0.0145222015625
2 0.7047329296875 0.038140071875 0.71047514375 0.0536783265625 0.7385814859375001 0.045797146875 0.7405278703125 0.03091641875 0.7047329296875 0.038140071875
2 0.37284499375 0.5852043250000001 0.42026473906249995 0.5802177187499999 0.4073516578125 0.4951069890625 0.3628279109375 0.5025533953125 0.37284499375 0.5852043250000001