2 0.0638205984375 0.4202137453125 0.0630535765625 0.46966173749999995 0.10682833437499999 0.470867171875 0.1098700984375 0.422636971875 0.0638205984375 0.4202137453125
2 0.1080816453125 0.9801466031249999 0.10886638125 0.9449997828125 0.09547949375 0.943054234375 0.0946904859375 0.9794448015624999 0.1080816453125 0.9801466031249999
2 0.14164456718750001 0.9819055609375 0.14190969375 0.9415392109375 0.1247625671875 0.945739915625 0.12356050468749999 0.980957815625 0.14164456718750001 0.9819055609375
2 0.18876961718750002 0.481143578125 0.1930528890625 0.5676586343750001 0.20750478125 0.5655850625000001 0.20407808906249997 0.4792639328125 0.18876961718750002 0.481143578125
2 0.23350458281250003 0.48043805937500006 0.234225003125 0.55991139375 0.25136079218749996 0.56259305625 0.2521286296875 0.47635511406250003 0.23350458281250003 0.48043805937500006
2 0.1625381953125 0.43591103750000004 0.146778271875 0.43604991249999997 0.1466254546875 0.473755840625 0.164434584375 0.47276714843749995 0.1625381953125 0.43591103750000004
2 0.16383162812500002 0.504845359375 0.1473740328125 0.504174159375 0.1471593 0.5365038078125 0.1648838828125 0.5397113828125 0.16383162812500002 0.504845359375
2 0.16425829375 0.5667076 0.149744915625 0.5672932 0.15114144375 0.6030142656249999 0.1660776703125 0.6029749546875001 0.16425829375 0.5667076
2 0.8148750874999999 0.3139395140625 0.811339109375 0.362529496875 0.871638603125 0.3673889359375 0.877108471875 0.3194588109375 0.8148750874999999 0.3139395140625
2 0.8933178078124999 0.1302275765625 0.8925747796874999 0.184755825 0.9402183875000001 0.186084434375 0.9428364374999999 0.129531334375 0.8933178078124999 0.1302275765625
2 0.9051543390625 0.562477303125 0.9079190203125 0.616277328125 0.9585401750000001 0.6127521984375 0.9582781718750001 0.5619366046875001 0.9051543390625 0.562477303125
2 0.9936595546874999 0.6340758578125001 0.9193540671875 0.6343150718749999 0.9200688640625 0.6641377546875 0.9917193937500001 0.671096340625 0.9936595546874999 0.6340758578125001
2 0.8580004359375 0.530879015625 0.7822047765625 0.5297168937500001 0.7883409171875 0.657579971875 0.8609557562499999 0.660029959375 0.8580004359375 0.530879015625