2 1 0.511734403125 0.996404953125 0.47814430156250004 0.9831226484375 0.47550189062500003 0.981758190625 0.5666644515625 1 0.566737490625 1 0.511734403125
2 0.7348788359375 0.49286078906249997 0.767162746875 0.5022096765625 0.77444171875 0.43712149531250005 0.7439778234375 0.435678971875 0.7348788359375 0.49286078906249997
2 0.3759546046875 0.67866475 0.4497195984375 0.688981796875 0.4517258953125 0.64955674375 0.382638209375 0.64069979375 0.3759546046875 0.67866475
2 0.3900394734375 1 0.38840235624999997 0.9700390249999999 0.353668190625 0.9671110765625001 0.354199003125 1 0.3900394734375 1
2 0.350665421875 0.8816107000000001 0.3450178890625 0.9129560078125 0.40359317031249997 0.9148120234375 0.40199032343749996 0.8833785125 0.350665421875 0.8816107000000001
2 0.45413218437499997 0.7624780234374999 0.4553011734375 0.8028714375 0.49487362187499995 0.7983170953125 0.49032015468749995 0.7587571140625 0.45413218437499997 0.7624780234374999
2 0.26669180937500003 0.7279691406250001 0.22859977812499999 0.72914479375 0.23019818593750002 0.768018615625 0.2712851375 0.7681215359375 0.26669180937500003 0.7279691406250001
2 0.1975160125 0.8080991671875 0.2317621125 0.8244532421875 0.23124608593749998 0.7744925375 0.19747542499999998 0.7768540125000001 0.1975160125 0.8080991671875
2 0.251287903125 0.8397534625 0.251629975 0.9212734921875001 0.26619373281250003 0.916683896875 0.26499839999999997 0.8399851328124999 0.251287903125 0.8397534625
2 0.2665034765625 1 0.264077084375 0.9459967015625 0.24667115625 0.9492970421875 0.2496140734375 1 0.2665034765625 1
2 0.0511518421875 0.8989276734375 0.06560503281249999 0.9003536656250001 0.075090903125 0.8401703609375 0.0422964265625 0.8359181140624999 0.0511518421875 0.8989276734375
2 0.0395810328125 0.8165970828125 0.0409599078125 0.8163682375000001 0.04572076875 0.7862753328125 0.03487225625 0.783092396875 0.0395810328125 0.8165970828125
2 0.0704409796875 0.5012300187500001 0.032120909375 0.489624821875 0.018472403125000002 0.5328384109375001 0.0519696484375 0.5435904500000001 0.0704409796875 0.5012300187500001
2 0.139168634375 0.41130896406249995 0.08439609218750001 0.3943070375 0.078504628125 0.4292421671875 0.1270212328125 0.4419199546875 0.139168634375 0.41130896406249995
2 0.225096725 0.4481562453125 0.1853310859375 0.44141372968750003 0.1766959796875 0.47118235 0.213113328125 0.4811349984375 0.225096725 0.4481562453125
2 0.1626920328125 0.3739536203125 0.198619284375 0.38453574218750003 0.215988734375 0.3434411921875 0.1810583734375 0.3292181640625 0.1626920328125 0.3739536203125
2 0.36633783593749997 0.36239171875 0.40632703125 0.3664402015625 0.415744909375 0.32233048124999997 0.3736928921875 0.316938246875 0.36633783593749997 0.36239171875
2 0.1251030578125 0.22718536406249998 0.11239065 0.26676229375 0.1838352078125 0.2837888 0.1951004875 0.249074659375 0.1251030578125 0.22718536406249998
2 0.2316129515625 0.8393436703124999 0.1953708703125 0.8412827625 0.196566565625 0.8745319125 0.2319483546875 0.869675409375 0.2316129515625 0.8393436703124999
2 0.8327347828124999 0.50446923125 0.8384214875 0.5772811625000001 0.8549279406249999 0.5749380875 0.846871909375 0.5022902671875 0.8327347828124999 0.50446923125
2 0.8555687828125 0.2350310109375 0.878705384375 0.2423411421875 0.8820356031250001 0.22187147343750002 0.85792304375 0.2176055890625 0.8555687828125 0.2350310109375
2 0.8850997765624999 0.22255000625000002 0.8820935343749999 0.23972341875 0.9075977906249999 0.246867984375 0.90902840625 0.2247455515625 0.8850997765624999 0.22255000625000002
2 0.294488234375 0.1718912078125 0.3265649859375 0.08572343437499999 0.307329121875 0.07456933906249999 0.28265138749999996 0.1643845546875 0.294488234375 0.1718912078125
2 0.5613571984375 0.821048871875 0.5999505765625 0.8195389937499999 0.6020812359375001 0.7818924109375 0.5626469390625 0.7798883265625001 0.5613571984375 0.821048871875
2 0.6066984359375 0.620567978125 0.6384607250000001 0.6210237750000001 0.642273115625 0.5904035609375 0.6075787 0.5880664640625 0.6066984359375 0.620567978125
2 0.9542153703125 0.9410779796875 0.9547208015624999 0.92924778125 0.8870950859375 0.93278623125 0.8869249375000001 0.9505350328125 0.9542153703125 0.9410779796875
2 0.24190327812499998 0.1916387015625 0.22756818124999997 0.1854987109375 0.20546269375 0.2525164640625 0.2232654421875 0.2601995734375 0.24190327812499998 0.1916387015625
2 0.19821187812500002 0.256297090625 0.19328466093750002 0.27420003125000003 0.20618330937499998 0.27984526875000004 0.212215646875 0.26394825 0.19821187812500002 0.256297090625
2 0.6366723078125001 0.152724965625 0.649396828125 0.158679978125 0.6536607109375 0.140228221875 0.637966215625 0.1371592890625 0.6366723078125001 0.152724965625
2 0.6648761796875 0.1388487609375 0.6662843890625 0.158987084375 0.6835071796875 0.15837638437499998 0.682223225 0.140014971875 0.6648761796875 0.1388487609375
2 0.210035915625 0.5402749796874999 0.2660741 0.54885560625 0.2761258078125 0.50529833125 0.21799408125 0.4998401 0.210035915625 0.5402749796874999