2 0.5871206421874999 0.26459786875 0.6219107 0.24680049999999998 0.5975228 0.1988490453125 0.5646324968750001 0.20634109218750002 0.5871206421874999 0.26459786875
2 0.6433054125 0.1105757078125 0.6687085546875 0.079205965625 0.6196003203125 0.052849718749999997 0.6026945593749999 0.083178378125 0.6433054125 0.1105757078125
2 0.6931091140625 0.3730122046875 0.7313017796875 0.380959446875 0.7284474671875001 0.2880577453125 0.69119051875 0.2849160609375 0.6931091140625 0.3730122046875
2 0.774166240625 0.1864033546875 0.7409919734375 0.173369596875 0.7259415765624999 0.211227553125 0.7639477953125 0.2227324125 0.774166240625 0.1864033546875
2 0.9211929062499999 0.5318246484375 0.9582298124999999 0.527820021875 0.9533908156249999 0.4841631875 0.9179635015625 0.49211684062499994 0.9211929062499999 0.5318246484375
2 0.636739034375 0.3605449375 0.600794096875 0.3776887828125 0.6235058078125 0.41693120156249996 0.6598787828125 0.3950532703125 0.636739034375 0.3605449375
2 0.5162259109375 0.2686117765625 0.492368928125 0.2364441140625 0.46218444999999997 0.26577958281249997 0.485926065625 0.2914009875 0.5162259109375 0.2686117765625
2 0.4817354546875 0.4053378140625 0.5066523703125 0.4399408484375 0.52928291875 0.41615514375 0.5048429609375 0.38663247031250003 0.4817354546875 0.4053378140625
2 0.3464188890625 0.346520596875 0.317731515625 0.3158819140625 0.286736778125 0.350228721875 0.3158082984375 0.3752391703125 0.3464188890625 0.346520596875
2 0.38223082656249996 0.46790495312499997 0.35990249687500003 0.440573921875 0.3325346984375 0.46411135937500003 0.3539433453125 0.49555614531250003 0.38223082656249996 0.46790495312499997
2 0.3288592078125 0.6702342953125 0.359354025 0.689074840625 0.3900620703125 0.65619785625 0.365640553125 0.6257858671875 0.3288592078125 0.6702342953125
2 0.326596775 0.7474091546875 0.35977348125 0.7717413359374999 0.3955424546875 0.7215914859375 0.3643128765625 0.6964695015625 0.326596775 0.7474091546875
2 0.3428404296875 0.9248477671875 0.383342090625 0.9454018796874999 0.40784059062500005 0.9086336421875 0.375005703125 0.8777791625000001 0.3428404296875 0.9248477671875
2 0.5747336734374999 0.75030585625 0.5422095296875 0.7135220125 0.517614621875 0.7377993359375 0.5491415640625 0.7739363531250001 0.5747336734374999 0.75030585625
2 0.5823339375 0.707299371875 0.60995025 0.6790200046875 0.58992995625 0.6529990625 0.5630496843749999 0.6866696515624999 0.5823339375 0.707299371875
2 0.3263451484375 0.1855290734375 0.299870946875 0.1579807671875 0.26899189218749997 0.17895436250000002 0.301282265625 0.2103764359375 0.3263451484375 0.1855290734375
2 0.3919383296875 0.1693444625 0.40331489062500003 0.15626725625 0.3759671203125 0.12272751875000001 0.36290880937500003 0.1375018484375 0.3919383296875 0.1693444625
2 0.4161295671875 0.161099234375 0.42809906406250003 0.1480531015625 0.3971337703125 0.1042146125 0.3824501609375 0.1215793046875 0.4161295671875 0.161099234375
2 0.0583635859375 0.6293012390625 0.1092800609375 0.6551592515625 0.1282292953125 0.62226214375 0.0760164109375 0.597824165625 0.0583635859375 0.6293012390625
2 0.17143983437500002 0.25113686875 0.1884574078125 0.2324080828125 0.163138003125 0.20551486093750002 0.1436552625 0.2250063 0.17143983437500002 0.25113686875
2 0.34238755468750004 0.6501335171875 0.31734878125 0.6292006515625 0.2962779578125 0.6572300531249999 0.317738496875 0.6764889796875 0.34238755468750004 0.6501335171875
2 0.23067825156250002 0.2655381546875 0.2057923296875 0.23034374375 0.18213695624999998 0.25556215312499997 0.20623781874999997 0.2898235734375 0.23067825156250002 0.2655381546875
2 0.6977923828125 0.782321378125 0.74476858125 0.7360289796874999 0.7089696125 0.6937224265624999 0.6509531125 0.743003615625 0.6977923828125 0.782321378125