2 0.8650395171874999 0.11599518125 0.8778280031250001 0.06913952343749999 0.8466999843749999 0.062523059375 0.8339978140625 0.10231416093750001 0.8650395171874999 0.11599518125
2 0.8414273437500001 0.0939798453125 0.8041065421875 0.083213265625 0.7895617875000001 0.11836360937499998 0.822823275 0.12826735625000002 0.8414273437500001 0.0939798453125
2 0.8466580484374999 0.3089637234375 0.822639015625 0.34210024687499996 0.846914690625 0.35434310468749997 0.8641649593749999 0.3197662375 0.8466580484374999 0.3089637234375
2 0.8206225968749999 0.3515867515625 0.7997142828125 0.39671488906249996 0.821858015625 0.40567078749999996 0.8451864234375 0.36247395625 0.8206225968749999 0.3515867515625
2 0.27881730312499997 0.5579390140625 0.2592892640625 0.623192346875 0.30804036562500003 0.6533817328125 0.34205485 0.579878775 0.27881730312499997 0.5579390140625
2 0.2422355671875 0.7300425546875 0.22385981250000003 0.7898748125 0.2665080578125 0.8088550828125 0.2814867953125 0.7383856625 0.2422355671875 0.7300425546875
2 0.7125587953125 0.4155224203125 0.7223483484375001 0.423673403125 0.740075334375 0.391625921875 0.7248057109375 0.38261522187499997 0.7125587953125 0.4155224203125
2 0.7330388234375 0.42473010625 0.7433221671875 0.43055798593750005 0.7614956765625001 0.40680331093750005 0.7479148624999999 0.39754296718750004 0.7330388234375 0.42473010625
2 0.6651918546875 0.49286438749999995 0.6771780015625 0.502089284375 0.691811271875 0.4693858125 0.6777831078125 0.46215493125 0.6651918546875 0.49286438749999995
2 0.7030050734375 0.5118281 0.717546028125 0.4833541109375 0.7031148593750001 0.474216521875 0.6891166875 0.5058409593750001 0.7030050734375 0.5118281
2 0.7142744671875 0.5130094546875 0.7272987203125 0.5230620218750001 0.74210890625 0.4937347359375 0.7270396921875 0.4871930953125 0.7142744671875 0.5130094546875
2 0.7368793703125001 0.5293475546875 0.7489399734375 0.5325181296875 0.7676561796875 0.5018965421875 0.7498409671874999 0.4968957734375 0.7368793703125001 0.5293475546875
2 0.7634945906249999 0.5410749421875 0.7791602359375001 0.544404778125 0.7953873171875 0.5168961999999999 0.7754199374999999 0.5077942859375 0.7634945906249999 0.5410749421875
2 0.784468084375 0.5479610546875 0.8009249359374999 0.5532801109375 0.8148501828124999 0.5277103203125 0.8034052890625001 0.5216355453125 0.784468084375 0.5479610546875