2 0.10241759843750001 0.760891978125 0.090374621875 0.7291333515625 0.0370883703125 0.7558085109375 0.047763770312499995 0.7877821593750001 0.10241759843750001 0.760891978125
2 0.8356551874999999 0.360010646875 0.741131646875 0.303444715625 0.714576009375 0.34832808437499996 0.8059299718749999 0.40259118125000004 0.8356551874999999 0.360010646875
2 0.5242639609374999 0 0.5038862281250001 0.0099841515625 0.5224867109375 0.047717075 0.5724535484375 0.008943484375000001 0.565772953125 0 0.5242639609374999 0
2 0.8222593765624999 0 0.8221590703125001 0.0002536359375 0.8550125203125001 0.0217017234375 0.8666659390625 0 0.8222593765624999 0
2 0.7749967078125 0.0301653421875 0.7558529968750001 0.059848971875000004 0.79900263125 0.0754582453125 0.8104383125 0.041385759375 0.7749967078125 0.0301653421875
2 0.7125013640625 0 0.711673965625 0.00232215625 0.7448127375 0.016712150000000002 0.750101740625 0 0.7125013640625 0
2 0.7577096437499999 0.027293654687500002 0.7111051109375001 0.0164396421875 0.7013905953124999 0.034810503124999996 0.7518164296875 0.052072184375 0.7577096437499999 0.027293654687500002
2 0.837279103125 0.8927767828125001 0.7272260734375 0.8975832953125 0.7268740265625 0.91306965625 0.8326038703125 0.9075462375000001 0.837279103125 0.8927767828125001
2 0.6748336953125 0.5313626734375 0.7168869640625 0.513481128125 0.6963359390625 0.46343296718750004 0.6554347375 0.479728828125 0.6748336953125 0.5313626734375
2 0.133975134375 0.6324552734375 0.0784545609375 0.6538730421875 0.089699059375 0.6717307484374999 0.1402475640625 0.64548920625 0.133975134375 0.6324552734375
2 0.126254046875 0.6014153390625 0.07318460156249999 0.6294593734375 0.083345303125 0.64047425 0.1306557171875 0.6203568421875 0.126254046875 0.6014153390625
2 0.6746382140625 0.2612758484375 0.6268732265625 0.35822909531249997 0.69412269375 0.39568257500000004 0.73836591875 0.29547139375000003 0.6746382140625 0.2612758484375
2 0.8282897171875 0.3660149078125 0.795981990625 0.429616046875 0.8668684421874999 0.472952696875 0.90770504375 0.40815575 0.8282897171875 0.3660149078125
2 0.7481743625 0.47506055625 0.7517580359375 0.52425561875 0.8565509671875 0.5178807828124999 0.8498281390625 0.4678334859375 0.7481743625 0.47506055625
2 0.920421153125 0.8793805718750001 0.9376717734375 0.9256706375 0.9540559906249999 0.9209542015625001 0.9380417062499999 0.8729812609375 0.920421153125 0.8793805718750001