2 0.9181719859375 0.712242184375 0.9079823140625001 0.7461439890625 0.9688186703125 0.7644613484375 0.979044309375 0.7314843140625 0.9181719859375 0.712242184375
2 1 0.5623909421875 0.986278034375 0.5571360750000001 0.971296509375 0.6050809593750001 1 0.611630353125 1 0.5623909421875
2 0.805408578125 0.5859374484375001 0.7734018234375 0.5757349875 0.7561217499999999 0.6300454671875 0.7934542421875 0.641014715625 0.805408578125 0.5859374484375001
2 0.747823928125 0.6102665875 0.7474044656250001 0.5648285640624999 0.7329203843750001 0.5701573890625 0.73393204375 0.61165880625 0.747823928125 0.6102665875
2 0.7174908890625 0.5764193468750001 0.7022606109375 0.5813679640625 0.707328721875 0.606568025 0.7188835734375 0.604374390625 0.7174908890625 0.5764193468750001
2 0.6817324421875 0.6180062875 0.706271659375 0.5457278828125001 0.6918563578125 0.54167141875 0.6671459468750001 0.6115065828125 0.6817324421875 0.6180062875
2 0.624313628125 0.953811728125 0.6438922484375 0.893135653125 0.6090650140625 0.8838496203125 0.5887524796875 0.942266934375 0.624313628125 0.953811728125
2 0.45825196874999996 0.9840448171875 0.4633791453125 0.9499133546874999 0.4027110109375 0.9340402031249999 0.392903034375 0.9671953234374999 0.45825196874999996 0.9840448171875
2 0.36538258749999997 1 0.3689973703125 0.9780826296875 0.321081946875 0.9630603171875001 0.3098453109375 1 0.36538258749999997 1
2 0.5192307890625 0.674552109375 0.560717303125 0.6966577484375 0.5752800453125 0.6603985890625 0.5366729390625 0.6495313359375 0.5192307890625 0.674552109375
2 0.786040034375 0.7720307109375 0.8000272328125 0.7574971046875 0.7333200375 0.72111115625 0.724675221875 0.7373426000000001 0.786040034375 0.7720307109375
2 0.8953072796875 0.3750529921875 0.8660812109375 0.3695657796875 0.857427665625 0.3985983265625 0.8868942546874999 0.40182231718750006 0.8953072796875 0.3750529921875
2 0.76970098125 0.28600772343749997 0.749459759375 0.28321990937499997 0.7319966906250001 0.3369671875 0.753411296875 0.3421831203125 0.76970098125 0.28600772343749997
2 0.48516295937500004 0.7155880921875 0.472807196875 0.7121110546875 0.46167162343749996 0.7469445078125 0.47475286875 0.751122278125 0.48516295937500004 0.7155880921875
2 0.46100038750000005 0.71032856875 0.44641537812500004 0.7038283796875 0.433235 0.7362063421875 0.45091124843749997 0.7410761796875 0.46100038750000005 0.71032856875
2 0.6896644171874999 0.7134450296875 0.6770824171875 0.7150359453124999 0.6741992609375 0.7503095515625 0.688574496875 0.7500105375 0.6896644171874999 0.7134450296875
2 0.3154147078125 0.45421636875000004 0.346393496875 0.4766162890625 0.3628443421875 0.43318843906250004 0.3293565046875 0.42034403749999993 0.3154147078125 0.45421636875000004
2 0.3179696421875 0.46400106093750004 0.3036751390625 0.49486646562500003 0.3261308734375 0.502553490625 0.3346890125 0.4726154875 0.3179696421875 0.46400106093750004
2 0.5745945125 0.15773980781250002 0.5643049609374999 0.1279932421875 0.5157611671875 0.147513553125 0.527864065625 0.17479636875 0.5745945125 0.15773980781250002
2 0.6639387 0.716809375 0.6485504765625 0.717439171875 0.6517848015625 0.7369903640625 0.6636529015625 0.7337584890625 0.6639387 0.716809375
2 0.5134745374999999 0.40921630625 0.508683165625 0.42326087343749996 0.5509718875 0.43823849687500005 0.557571053125 0.42454464375 0.5134745374999999 0.40921630625
2 0.2915576421875 0.8184498390625 0.276155165625 0.8209571828125 0.281706421875 0.85723611875 0.29338609843749996 0.8550019265625 0.2915576421875 0.8184498390625
2 0.268850134375 0.8195848968749999 0.25643884687499996 0.8236175687499999 0.258415840625 0.8354613203125 0.2696071328125 0.836507340625 0.268850134375 0.8195848968749999
2 0.3108788734375 0.7416254453125 0.300003228125 0.740787375 0.30361876250000003 0.759590396875 0.3171738953125 0.755498221875 0.3108788734375 0.7416254453125
2 0.291583553125 0.737905984375 0.2772672140625 0.7456775296875 0.282786315625 0.7607421624999999 0.296065046875 0.75673979375 0.291583553125 0.737905984375
2 0.32481716562499996 0.7595699828125 0.3098106359375 0.7594530984375 0.3109854203125 0.7784248625 0.32600125625 0.779788978125 0.32481716562499996 0.7595699828125
2 0.4310288046875 0.9098575 0.4669967 0.9168999937500001 0.46511040625 0.8669424828125001 0.42804182500000004 0.8693100578124999 0.4310288046875 0.9098575