2 0.5294801437500001 0.2576156515625 0.47834870937499996 0.2750722375 0.496835940625 0.32185393125 0.5510132984375 0.2987355359375 0.5294801437500001 0.2576156515625
2 0.5716746296874999 0.14165031875 0.5457287296875 0.06965576875 0.5058333828125 0.0893514953125 0.5360061953125 0.15457163125 0.5716746296874999 0.14165031875
2 0.7436305046875 0.2970275875 0.7341774375 0.257093659375 0.6780990140625 0.2874807234375 0.6929456484375 0.3204361109375 0.7436305046875 0.2970275875
2 0.911730653125 0.23241824218749998 0.8852692375 0.1575000421875 0.857230025 0.172693575 0.88420685 0.2402859796875 0.911730653125 0.23241824218749998
2 0.6776301859375 0.708397428125 0.6605515296875 0.7174379531249999 0.6836108624999999 0.8038084031249999 0.7016728984375 0.804843946875 0.6776301859375 0.708397428125
2 0.731715971875 0.6837879078125 0.7196886140625 0.6497340828125 0.6668399593750001 0.6711109171875 0.676702253125 0.7031348625 0.731715971875 0.6837879078125
2 0.6454664953125 0.66945345 0.6349144484375 0.6266971671875 0.5823057828125 0.6426054984375 0.592340884375 0.692687846875 0.6454664953125 0.66945345
2 0.0902008671875 0.7450541078125 0.056868001562500006 0.757562009375 0.0710961265625 0.7972584625 0.100259440625 0.7851827234375001 0.0902008671875 0.7450541078125
2 0.153700384375 0.70551909375 0.1396109546875 0.6597706765625 0.10961315625000001 0.6741053265625 0.12734615 0.7234300671875 0.153700384375 0.70551909375
2 0.475121528125 0.35582983281249997 0.4203137453125 0.3763447078125 0.43673917656250005 0.4114333515625 0.48402904218750004 0.390132315625 0.475121528125 0.35582983281249997
2 0.216141690625 0.800019765625 0.1815380734375 0.8121504125 0.1999575203125 0.8517091453125 0.233210790625 0.8322802296875 0.216141690625 0.800019765625
2 0.304319053125 0.9140988578125 0.24985474531250002 0.9399809421875001 0.264082596875 0.9796758546875 0.3165965546875 0.9568507625 0.304319053125 0.9140988578125
2 0.20439794375 1 0.1902707984375 0.9504872000000001 0.1521635328125 0.9734850953124999 0.16311739375 1 0.20439794375 1
2 0.6872361515625001 0.14117130625000002 0.6814623 0.1289237953125 0.6612925703125 0.140922584375 0.6689557953125 0.157055728125 0.6872361515625001 0.14117130625000002
2 0.674108275 0.10429539843749999 0.6505360765625 0.11749545624999999 0.6566192390625 0.1314971546875 0.6801222250000001 0.12132385000000001 0.674108275 0.10429539843749999