2 0.43640937500000004 0.589003125 0.4343296875 0.6197625 0.57326875 0.6280765625 0.5738624999999999 0.59719375 0.43640937500000004 0.589003125
2 0.8178953124999999 0.763490625 0.8677703125 0.7623031250000001 0.8772703125 0.7171640625 0.825021875 0.7165703125 0.8178953124999999 0.763490625
2 0.9458484374999999 0.7119109375 0.941396875 0.738546875 0.998753125 0.7391390624999999 0.998753125 0.7141953125 0.9458484374999999 0.7119109375
2 0.998753125 0.7581453125000001 0.9351625 0.7484265625 0.9336781249999999 0.7866531250000001 0.998753125 0.789621875 0.998753125 0.7581453125000001
2 0.7110203125 0.900684375 0.7674265625000001 0.9042484375000001 0.7674265625000001 0.8703953125 0.7157703125 0.86683125 0.7110203125 0.900684375
2 0.22622031250000002 0.8936 0.2271109375 0.93156875 0.2841109375 0.9339437500000001 0.28945468750000003 0.898903125 0.22622031250000002 0.8936
2 0.1024234375 0.8347609374999999 0.104203125 0.8000828125 0 0.7973421875 0.000296875 0.834165625 0.1024234375 0.8347609374999999
2 0.4058296875 0.2657890625 0.51805 0.27172968750000004 0.52101875 0.25569375 0.4034546875 0.2521296875 0.4058296875 0.2657890625
2 0.5192375 0.40553437499999995 0.5192375 0.41605 0.5833625 0.42020625 0.5857375 0.40773593750000003 0.5192375 0.40553437499999995
2 0.50439375 0.086428125 0.50439375 0.10068125000000001 0.57505 0.11137187500000001 0.59583125 0.0988984375 0.50439375 0.086428125
2 0.8137390625 0.19927187500000001 0.8060218750000001 0.245003125 0.8618328125 0.243815625 0.868365625 0.21055625 0.8137390625 0.19927187500000001
2 0.7389265625 0.0519796875 0.7775203125 0.052575000000000004 0.7781140625 0.013970312500000002 0.7413015625 0.014564062499999999 0.7389265625 0.0519796875
2 0.8469906249999999 0.4457453125 0.8256140625 0.4456125 0.815521875 0.48256875 0.8487703124999999 0.48256875 0.8469906249999999 0.4457453125
2 0.8567875 0.5694109375 0.8511453124999999 0.6007578125 0.8867703125 0.6031328125 0.8873656249999999 0.57403125 0.8567875 0.5694109375
2 0.898053125 0.9262234375 0.893896875 0.9493859375 0.927740625 0.9523546875 0.932490625 0.9321624999999999 0.898053125 0.9262234375
2 0.2609546875 0.6257015625 0.1781265625 0.6201765625 0.1902984375 0.68925 0.2573921875 0.6916265625 0.2609546875 0.6257015625