2 0.9108143203125 0.4598057 0.933262440625 0.41813968749999997 0.7598608875 0.3382411140625 0.7361972203125 0.3845366203125 0.9108143203125 0.4598057
2 1 0.7315596140625 0.9280932078124999 0.696506021875 0.9091262140625 0.735846325 0.9858884218749999 0.7728941390624999 1 0.7539987406249999 1 0.7315596140625
2 0.8783834578124999 0.9137576125000001 0.895734640625 0.8816634406249999 0.8632307265625 0.8638093250000001 0.8462894625 0.8949006046875001 0.8783834578124999 0.9137576125000001
2 0.6202925078125 0.93339096875 0.5604165203125 0.8976338875 0.5391188953125 0.9358752687499999 0.5986882171875 0.9653870578125 0.6202925078125 0.93339096875
2 0.5589527984375 0.7547425515625 0.5846672640625 0.7034387171875001 0.534502746875 0.67874594375 0.5095249203125001 0.730735890625 0.5589527984375 0.7547425515625
2 0.4446616609375 0.7968951015625 0.4669719984375 0.760760125 0.43281617812500006 0.74685469375 0.4128301453125 0.78095249375 0.4446616609375 0.7968951015625
2 0.2841900296875 0.9748878875000001 0.30608766875 0.9412891921875 0.26997401249999997 0.9235350609375 0.2506995515625 0.9550782765625 0.2841900296875 0.9748878875000001
2 0.6671099578125 0.9330770125000001 0.6402286312500001 0.9706066718749999 0.6651122968750001 0.9772637671875 0.7054105203125001 0.9543106046875 0.6671099578125 0.9330770125000001
2 0.8928613046875 0.2367519203125 0.8740066531249999 0.2906730546875 0.9137324843749999 0.30833150468750004 0.934968765625 0.25888343125 0.8928613046875 0.2367519203125
2 0.8068257390625 0.20644425625 0.8555292250000001 0.105365975 0.7325361296875 0.0607503875 0.690940584375 0.1485996671875 0.8068257390625 0.20644425625
2 0.72359565 0.076990628125 0.6872384328125001 0.061095242187499996 0.6686446703125 0.096132140625 0.703027075 0.11120325312499998 0.72359565 0.076990628125
2 0.9472525218750001 0.20694310312500003 0.951754096875 0.203651815625 0.9371396171875 0.12846684375 0.905197159375 0.1897390578125 0.9472525218750001 0.20694310312500003
2 0.6066370531249999 0.439933475 0.6163579328125001 0.4090375609375 0.5691063875 0.38378015625 0.5523911140625 0.4160340515625 0.6066370531249999 0.439933475
2 0.546272646875 0.5261337265625 0.5576830937499999 0.4899351890625 0.508084446875 0.4681535546875 0.49253515312499996 0.5001823984375 0.546272646875 0.5261337265625
2 0.6437379937500001 0.26050295 0.58138473125 0.229116034375 0.5659314609375 0.2647506171875 0.622003734375 0.2949421625 0.6437379937500001 0.26050295
2 0.557882571875 0 0.5567477843749999 0.0012380375000000002 0.616855365625 0.028851303124999998 0.631493775 0 0.557882571875 0
2 0.4620201375 0 0.42064496875 0.00898119375 0.40452227812499997 0.048951284375 0.458383415625 0.06932338906249999 0.4900964640625 0 0.4620201375 0
2 0.2746608140625 0.188371246875 0.30071566875 0.1326032546875 0.2546137671875 0.110140328125 0.2248614546875 0.16245347968749999 0.2746608140625 0.188371246875
2 0.5230935640625 0.26219947499999996 0.4814925453125 0.24422107187500003 0.456174903125 0.297566384375 0.4955423484375 0.316501040625 0.5230935640625 0.26219947499999996
2 0.1906727 0.21683711875 0.14093233125 0.178767646875 0.114908571875 0.2098097953125 0.164535646875 0.2472964265625 0.1906727 0.21683711875
2 0.19541855 0.36416655000000003 0.15479726875 0.3434572796875 0.12485231562500002 0.3885558859375 0.1595421875 0.4114240859375 0.19541855 0.36416655000000003
2 0.21171895937500002 0.5087040328125 0.19211541875 0.54165783125 0.23910579687500003 0.571803315625 0.26176247343750003 0.5389978 0.21171895937500002 0.5087040328125
2 0.267704890625 0.6006863890624999 0.3387671203125 0.6364243078125 0.3737665390625 0.583091225 0.2940737484375 0.5496373718750001 0.267704890625 0.6006863890624999
2 0.34408110625 0.5610664390625 0.37669771875 0.579500328125 0.3947086421875 0.5445767265625 0.36124742187500003 0.5311411406250001 0.34408110625 0.5610664390625
2 0.4469477859375 0.42746676250000004 0.40906680156249997 0.4130757046875 0.3779339703125 0.4831807171875 0.40959604374999997 0.5060310078125 0.4469477859375 0.42746676250000004
2 0.423615859375 0.3727811640625 0.39572405312500003 0.36309553125 0.3776171078125 0.394413396875 0.41167690468749996 0.4047130890625 0.423615859375 0.3727811640625
2 0.22302336718750002 0.1374303953125 0.24274916562499999 0.108217309375 0.1932168765625 0.07433825 0.1674024328125 0.109568978125 0.22302336718750002 0.1374303953125
2 0.2523453 0.0580091265625 0.2268319 0.045008771875 0.16408004062499998 0.058247499999999994 0.228181825 0.0892945375 0.2523453 0.0580091265625
2 0.1826885484375 0.8945766125000001 0.131001796875 0.8713878671874999 0.1258964125 0.8886956375 0.1724675625 0.9104608953125 0.1826885484375 0.8945766125000001
2 0.6713092140625 0.38989758124999996 0.7056576734375 0.41101755781250005 0.7201885234375001 0.37374928125 0.6893994828125 0.3616056828125 0.6713092140625 0.38989758124999996
2 0.5783906578125 0.28529130468749997 0.54608375625 0.3431245609375 0.5965844890625001 0.3633317046875 0.6335744578125 0.30780029375 0.5783906578125 0.28529130468749997
2 0.5888784671875 0.09652986875 0.6084131609375001 0.0601019390625 0.5767964859375 0.049932215625 0.5627539890625 0.0834811625 0.5888784671875 0.09652986875