2 0.070902625 0.48844031875000005 0.0733089875 0.43841832187499996 0.0431268859375 0.4344970765625 0.040117259375 0.488340690625 0.070902625 0.48844031875000005
2 0.6387074390625 0.085718759375 0.6067912640625 0.08139716875 0.5956890687499999 0.148608271875 0.6338988609375 0.15407817343750002 0.6387074390625 0.085718759375
2 0.7469238078125 0.10278229375 0.7136719515625 0.08840245 0.6965566078125 0.1472143671875 0.728937559375 0.15956664843749999 0.7469238078125 0.10278229375
2 0.2874570296875 0.8467776875 0.2574977859375 0.8392516828125001 0.24448576718749998 0.8819502281249999 0.2849617703125 0.8919058203124999 0.2874570296875 0.8467776875
2 0.2676498375 0.7794415296875 0.2292774734375 0.7766762515625001 0.227203675 0.7984394125 0.2628861359375 0.8027148609375001 0.2676498375 0.7794415296875
2 0.6695559109375 0.11843414687500001 0.645651809375 0.11108895156250001 0.6428180546875 0.15034833593750002 0.665103684375 0.1509231171875 0.6695559109375 0.11843414687500001
2 0.46433451718749996 0.305053996875 0.447552515625 0.3011795671875 0.444001971875 0.3384453640625 0.45952622343750005 0.34172473281250004 0.46433451718749996 0.305053996875
2 0.48561273437499997 0.3105758265625 0.47012136250000003 0.3063899953125 0.4650306515625 0.342387765625 0.4816058296875 0.34377537187499996 0.48561273437499997 0.3105758265625
2 0.50706769375 0.32588995625 0.49277875625 0.3164958109375 0.48672555468749995 0.3355121484375 0.5038182203125 0.3373255140625 0.50706769375 0.32588995625
2 0.810173465625 0.301413784375 0.792190128125 0.29482453125 0.7794489796875 0.346421446875 0.7946353046875 0.350233775 0.810173465625 0.301413784375
2 0.871381775 0.2923888484375 0.856335371875 0.2889151125 0.845336359375 0.3460938609375 0.8622551359375 0.345124925 0.871381775 0.2923888484375
2 0.8371040109375001 0.0659542125 0.8162707609375 0.06114447656250001 0.809023146875 0.0872584171875 0.833372609375 0.087395621875 0.8371040109375001 0.0659542125
2 0.9194204312500001 0.105433221875 0.88768209375 0.1029807921875 0.8831381234375 0.1546420734375 0.915945515625 0.1442399 0.9194204312500001 0.105433221875
2 0.8291870859375001 0.110804040625 0.8292771218749999 0.09985619999999999 0.8138300234375 0.0981180609375 0.81262684375 0.1112479859375 0.8291870859375001 0.110804040625
2 0.8035459328125001 0.1347449515625 0.8053276437499999 0.12174859062500001 0.7966272796875 0.11364627187500001 0.7888112828125 0.1325603234375 0.8035459328125001 0.1347449515625
2 0.8724998906250001 0.123850428125 0.87530475 0.11170125312500001 0.8590445828125001 0.1006348796875 0.8535815984375 0.12131090156249999 0.8724998906250001 0.123850428125
2 0 0.636188725 0.006529134375 0.6326251953125 0.0021222546875 0.6212485296875 0 0.6220753171875 0 0.636188725
2 0 0.6708270046875 0.0010530140625 0.6721885953125 0.0130644765625 0.664907084375 0.0014986921875 0.6491355000000001 0 0.6504850671875 0 0.6708270046875
2 0 0.7007252484375 0.0134273828125 0.6951545890624999 0.0051192390625 0.6795257218749999 0 0.6832160765624999 0 0.7007252484375
2 0.0185478234375 0.6518528671875 0.029808621875000003 0.6690774609375 0.042005828125 0.6505655265625 0.0278883296875 0.6363376187500001 0.0185478234375 0.6518528671875