2 0.0554171875 0.19371875 0.05957343750000001 0.156359375 0.019396875 0.15220625000000002 0.016625 0.185415625 0.0554171875 0.19371875
2 0.030478125000000002 0.308565625 0.044334374999999995 0.2767390625 0.0083125 0.27120625 0 0.30718125 0.030478125000000002 0.308565625
2 0.022167187499999998 0.33485624999999997 0.0027703124999999998 0.33070468750000004 0.0013859375 0.39158593750000004 0.0138546875 0.39158593750000004 0.022167187499999998 0.33485624999999997
2 0.144084375 0.532725 0.177334375 0.5977578125 0.259075 0.5548640625 0.227209375 0.48706250000000006 0.144084375 0.532725
2 0.32973125 0.7831750000000001 0.35466875 0.8869515625 0.407315625 0.8606609375 0.37545 0.7721046874999999 0.32973125 0.7831750000000001
2 0.998753125 0.723675 0.965640625 0.7292109375 0.9739531250000001 0.7859421875 0.998753125 0.7831750000000001 0.998753125 0.723675
2 0.9185375 0.5908390625 0.9448609375 0.6890828124999999 0.998753125 0.66694375 0.998753125 0.5617828125 0.9185375 0.5908390625
2 0.2826265625 0.3403890625 0.29786718749999996 0.3735984375 0.325575 0.358378125 0.314490625 0.32516875 0.2826265625 0.3403890625
2 0.33665781250000004 0.3376234375 0.3518984375 0.3694484375 0.39623125 0.3500765625 0.3768359375 0.3168671875 0.33665781250000004 0.3376234375
2 0.22859531249999998 0.21170624999999998 0.24660625 0.2476828125 0.2937109375 0.21862499999999999 0.2812421875 0.1840328125 0.22859531249999998 0.21170624999999998
2 0.2008859375 0.1452890625 0.2175109375 0.13698593750000002 0.210584375 0.10792968750000001 0.181490625 0.1134625 0.2008859375 0.1452890625
2 0.3352734375 0.035976562499999996 0.30340781250000004 0.047045312500000006 0.3228046875 0.0857890625 0.3435859375 0.0678 0.3352734375 0.035976562499999996
2 0.3782203125 0.037359375 0.3422 0.031825 0.3408140625 0.0733359375 0.37267968749999997 0.07195312499999999 0.3782203125 0.037359375
2 0.3422 0.16742656250000001 0.35466875 0.20063593750000003 0.4059296875 0.1881828125 0.4017734375 0.14805625 0.3422 0.16742656250000001
2 0.8894421875 0.0221390625 0.886671875 0.0857890625 0.9961203125000001 0.07056875 0.9961203125000001 0.02075625 0.8894421875 0.0221390625
2 0.8839015625 0.024906249999999998 0.9351625 0.02075625 0.943475 0 0.8797453125000001 0.0027671874999999997 0.8839015625 0.024906249999999998
2 0.6580765625 0.0927078125 0.6082015625 0.1203828125 0.6192859375 0.1549734375 0.6760875000000001 0.1259171875 0.6580765625 0.0927078125
2 0.5098359375 0.2767390625 0.523690625 0.30718125 0.55555625 0.29057656249999997 0.5500140625000001 0.26151875 0.5098359375 0.2767390625
2 0.2864859375 0.13525625 0.325971875 0.11771406250000001 0.2983609375 0.05280625 0.25442343749999996 0.07475156250000001 0.2864859375 0.13525625
2 0.2668921875 0.5605625 0.2850015625 0.6007234375 0.3268609375 0.56886875 0.3102375 0.538021875 0.2668921875 0.5605625