2 0.12007875625 0.73624568125 0.0940635 0.72609999375 0.076914125 0.76313674375 0.1036550140625 0.774616928125 0.12007875625 0.73624568125
2 0.12882751406249998 0.3652889625 0.1134911390625 0.4172477875 0.15661936406250002 0.436384159375 0.176037059375 0.390047865625 0.12882751406249998 0.3652889625
2 0.24848007499999997 0.4288810734375 0.21697068593750002 0.41228424218750004 0.204397728125 0.4609783328125 0.231704175 0.46797422656250004 0.24848007499999997 0.4288810734375
2 0.363065971875 0.4960895234375 0.39275394375 0.4959152828125 0.398413459375 0.4597024875 0.3686618578125 0.4527900515625 0.363065971875 0.4960895234375
2 0.0687857609375 0.6444026671875001 0.0383179234375 0.6318292953125 0.036379734375 0.66481314375 0.06417110937500001 0.6691976546875 0.0687857609375 0.6444026671875001
2 0.8303815312499999 0.4748151390625 0.8268196015625 0.5094999453125 0.8546312265625 0.5141874859375 0.8597256140624999 0.4824604828125 0.8303815312499999 0.4748151390625
2 0.7748351296875 0.49630191406249996 0.7689288875 0.5335136 0.79550529375 0.5404067421875001 0.803693853125 0.50655714375 0.7748351296875 0.49630191406249996
2 0.7032918234375 0.2336097359375 0.7056654390625 0.2357086609375 0.7276658203124999 0.234959253125 0.727612609375 0.1917370671875 0.7049632124999999 0.19452560937500002 0.7032918234375 0.2336097359375
2 0.44846591875 0.14144945312499999 0.4473251625 0.1671013484375 0.48402495156249997 0.1664606984375 0.4835815140625 0.13693931875 0.44846591875 0.14144945312499999
2 0.378253528125 0.163437190625 0.37267228124999996 0.1977745109375 0.39581827812500003 0.20102034687499998 0.4024653734375 0.172554178125 0.378253528125 0.163437190625
2 0.9517697265624999 0.7516277062500001 0.939820465625 0.7467170765625 0.9261974546875 0.8025083453124999 0.9416877937500001 0.8091847624999999 0.9517697265624999 0.7516277062500001
2 0.9875307328125 0.781832921875 0.9783658375 0.8165801578125 0.9937722859375 0.8208099203125 0.9981262125000001 0.7843521921875001 0.9875307328125 0.781832921875
2 0.23139756562499997 0.1462503921875 0.200179078125 0.13852485 0.19092273906249999 0.1665022265625 0.2214083203125 0.1738202484375 0.23139756562499997 0.1462503921875
2 0.3590726875 0.0707248140625 0.3540159640625 0.1095443125 0.38128843749999997 0.1137687734375 0.3918382609375 0.077389059375 0.3590726875 0.0707248140625