2 0.4678660609375 0.307723715625 0.5173803046875001 0.30964426093749997 0.5218530953125 0.25429295 0.47155618125 0.25557375625 0.4678660609375 0.307723715625
2 0.8109228140625 0.251839271875 0.847400159375 0.11716285625 0.79327519375 0.103712828125 0.757021615625 0.238412759375 0.8109228140625 0.251839271875
2 0.9230668718749999 0.7949775109375 0.9547771015625001 0.7917431625 0.96244279375 0.732845234375 0.9293973765624999 0.734746778125 0.9230668718749999 0.7949775109375
2 0.41119392499999996 0.9775992 0.41236957187499995 0.9436925953124999 0.33337738125 0.9395677546875 0.33046200468750003 0.9786662640625 0.41119392499999996 0.9775992
2 0.9192283234374999 1 0.9225869781249999 0.9361240000000001 0.908233465625 0.9361079359375 0.9034943375 1 0.9192283234374999 1
2 0.3148174203125 0.43432713749999996 0.313614971875 0.4855445203125 0.3458199203125 0.48594429375 0.3490436703125 0.43255127499999996 0.3148174203125 0.43432713749999996
2 0.44236193281249997 0.40832767812500004 0.4898943328125 0.41630863749999997 0.49856164375 0.3849820703125 0.44555716093750003 0.372246828125 0.44236193281249997 0.40832767812500004
2 0.2593807875 0.7174600250000001 0.2919072125 0.7166995468749999 0.29282344375 0.683362696875 0.25918769375 0.685200621875 0.2593807875 0.7174600250000001
2 0.683883875 0.7865549390625 0.7223403703125 0.7879102859375 0.7255010625 0.7485406234374999 0.6839071109375 0.7465570046875001 0.683883875 0.7865549390625
2 0.4605933578125 0.9905525578125 0.5099353484375 0.9939475484375 0.5145535875 0.95443256875 0.4631681140625 0.960375128125 0.4605933578125 0.9905525578125
2 0.2113439171875 0 0.2000535421875 0.13987268125000002 0.2584344984375 0.1412310296875 0.2672181125 0 0.2113439171875 0
2 0.0943216515625 0.11741642031249999 0.1362976796875 0.11824615624999998 0.134474259375 0.053574717187499996 0.10114882968750001 0.0524601546875 0.0943216515625 0.11741642031249999
2 0.797295890625 0.3268256515625 0.877784734375 0.3314047375 0.8908285390625 0.283521503125 0.80935006875 0.2803309546875 0.797295890625 0.3268256515625