2 0.4994469640625 0.060535965625 0.46797435 0.1035073953125 0.51476245625 0.133331746875 0.54480433125 0.09192213593750001 0.4994469640625 0.060535965625
2 0.581877096875 0.030680070312500002 0.5446556828125 0.0017281156249999998 0.5417415953125 0.0013703109375 0.5147 0.029464403125 0.559790771875 0.061722907812500005 0.581877096875 0.030680070312500002
2 0.8177357984375 0.294187365625 0.7870954343750001 0.34402299687500004 0.81935239375 0.366045034375 0.8552039328125 0.320871003125 0.8177357984375 0.294187365625
2 0.6588425796874999 0.3121983203125 0.5962023796875 0.38986299375 0.6491950359375 0.42718631250000005 0.7107760625 0.3532171046875 0.6588425796874999 0.3121983203125
2 0.706318246875 0.370173634375 0.6755455718750001 0.41617560937500003 0.7040765906249999 0.43357955625000005 0.7357537453125 0.3879587484375 0.706318246875 0.370173634375
2 0.7617109375 0.2721119703125 0.7398726109375 0.301749984375 0.7743168453125 0.318354890625 0.7965481125 0.29146264843749997 0.7617109375 0.2721119703125
2 0.4542589 0.544392134375 0.50349634375 0.559290659375 0.51719245625 0.5261674937499999 0.470411340625 0.5135565140625 0.4542589 0.544392134375
2 0.43541975937500005 0.6003696484375001 0.4145159578125 0.631249240625 0.46979078437500005 0.64890436875 0.48354906093750005 0.61756136875 0.43541975937500005 0.6003696484375001
2 0.1366827296875 0.44168938124999996 0.1274710203125 0.47567531875 0.161012825 0.48340631093750003 0.16625661249999998 0.446424215625 0.1366827296875 0.44168938124999996
2 0.185241990625 0.7604169734374999 0.1663734625 0.79007791875 0.1926551484375 0.8111219578125001 0.2148051453125 0.7818576687500001 0.185241990625 0.7604169734374999
2 0.740696646875 0.02579891875 0.6877850999999999 0.0193021984375 0.7244643984375 0.047661065625 0.740696646875 0.02579891875
2 0.6899447249999999 0.1479878375 0.7054815296875 0.116535828125 0.664877328125 0.0936639609375 0.6408866171875001 0.12121175625 0.6899447249999999 0.1479878375
2 0.26307351093750003 0.5903674140625 0.267678178125 0.577616134375 0.24545370156250002 0.5706765921875 0.23980959531249998 0.5791818765625 0.26307351093750003 0.5903674140625
2 0.2509644765625 0.5498465796875001 0.2451017625 0.560598359375 0.26609807343749997 0.5663941296874999 0.2705760703125 0.5585221171875 0.2509644765625 0.5498465796875001
2 0.25543575625 0.5247690078125 0.2502697109375 0.5384576390625 0.275502515625 0.5464787875 0.27995979375 0.5380133875 0.25543575625 0.5247690078125
2 0.26193553125 0.5067405609375 0.256134490625 0.519258453125 0.277724190625 0.5250335015625 0.28396163125 0.516505934375 0.26193553125 0.5067405609375