2 0.3778132078125 0.3173292234375 0.3424724328125 0.32705398125 0.353868134375 0.3832859 0.3898562578125 0.37149969843749997 0.3778132078125 0.3173292234375
2 0.577707925 0.6087277249999999 0.5666295453125 0.552644178125 0.514080684375 0.573458103125 0.5241957234375 0.6216958859374999 0.577707925 0.6087277249999999
2 0.633945921875 0.778941221875 0.623229340625 0.7258042953125 0.586562096875 0.734495503125 0.5977853859375 0.7917592515625 0.633945921875 0.778941221875
2 0.453123225 1 0.4867251078125 0.9896944734374999 0.4722492984375 0.9352244953125 0.3959876640625 0.9604738421875 0.4107872921875 1 0.453123225 1
2 0.352014165625 0.634045025 0.3461309796875 0.5958743625 0.3115211453125 0.6067057874999999 0.321727315625 0.64835208125 0.352014165625 0.634045025
2 0.9520009937499999 0.44728450156250005 0.9486374281250001 0.4345321765625 0.878181853125 0.450962896875 0.8768405874999999 0.464437734375 0.9520009937499999 0.44728450156250005
2 0.92888728125 0.4297771078125 0.9302447046875001 0.4164466921875 0.874912709375 0.42922269531249996 0.8743441703125001 0.444106046875 0.92888728125 0.4297771078125
2 0.285931275 0.09584307812500001 0.2748852109375 0.0253938234375 0.233988234375 0.028907224999999998 0.24624175625000003 0.10430559218749999 0.285931275 0.09584307812500001
2 0.4059538671875 0.073327865625 0.3982976734375 0.035371753125 0.2814100046875 0.056584265625 0.2888101890625 0.09489138281250001 0.4059538671875 0.073327865625
2 0.18715246562500001 0.8523497593749999 0.17837681875 0.8199181281250001 0.1466509875 0.8322624843750001 0.151064290625 0.8657571140625 0.18715246562500001 0.8523497593749999
2 0.3169053546875 0.670070365625 0.301841771875 0.6156725562500001 0.2623459125 0.6354819859374999 0.27463969062500004 0.68195043125 0.3169053546875 0.670070365625