2 0.22881447812500003 0.7753922625 0.19865615 0.7699759937499999 0.18356620625 0.7992126984375 0.227181653125 0.8099753015625 0.22881447812500003 0.7753922625
2 0.02895570625 0.6565116718749999 0.002338053125 0.65834878125 0.007186546875 0.7143328296875 0.081150621875 0.7124705734375001 0.07563272343750001 0.6800396859375 0.0369399 0.6766545015625 0.02895570625 0.6565116718749999
2 0.25888482968750004 0.6863492296875 0.2215742234375 0.6830849765625 0.2131525125 0.7156844015625 0.257010828125 0.7236889265625 0.25888482968750004 0.6863492296875
2 0.7692400546875 0.8532302765625 0.7627014984375 0.8165458078125001 0.7250290609375 0.8174173187499999 0.7294617328124999 0.8622523875000001 0.7692400546875 0.8532302765625
2 0.8163024015625 0.2198044671875 0.7911967796875 0.1884392 0.75802354375 0.21748348593750003 0.7795855140625 0.24159354375 0.8163024015625 0.2198044671875
2 0.65472363125 0.2681716265625 0.6655276765625 0.30384274843750003 0.73084758125 0.2734435140625 0.71878339375 0.23627404843750002 0.65472363125 0.2681716265625
2 0.6931115484375 0.6729467078125 0.7051757375000001 0.710116175 0.7474756296875 0.704094 0.7367919703125 0.66704688125 0.6931115484375 0.6729467078125
2 0.67357339375 0.514283834375 0.6777093421875 0.54659068125 0.7155022984375 0.544341621875 0.7158734234375 0.508260103125 0.67357339375 0.514283834375
2 0.6366480734375 0.23603331718749998 0.6481201015625 0.2481495890625 0.710556603125 0.21888618124999998 0.70106966875 0.19999997187500002 0.6366480734375 0.23603331718749998
2 0.511049921875 0.509787809375 0.5014410484375 0.4922774578125 0.45228715625 0.5129800062500001 0.4555880734375 0.5229917359375 0.511049921875 0.509787809375
2 0.5162946859375 0.2588384203125 0.5261447359375 0.2735921140625 0.574157584375 0.2500119796875 0.5669528734375 0.23687938593750002 0.5162946859375 0.2588384203125
2 0.45758746562499997 0.277315496875 0.4617896734375 0.2929631625 0.5170089234375 0.2825142015625 0.5086614765624999 0.2665054421875 0.45758746562499997 0.277315496875
2 0.37706183125 0.13137155312499998 0.35176128906250004 0.1499935765625 0.365272671875 0.1706215421875 0.3933375171875 0.1522429296875 0.37706183125 0.13137155312499998
2 0.6202608875 0.184596846875 0.6317330515624999 0.1967115640625 0.6604025984375 0.171439109375 0.6529548843749999 0.16106615 0.6202608875 0.184596846875
2 0.6442904390625 0.196422096875 0.65450259375 0.2070369125 0.682807196875 0.1858999515625 0.6729599875 0.17114964375 0.6442904390625 0.196422096875
2 0.22276028124999997 0.35122238437500003 0.21854878281249998 0.3675204734375 0.2586238265625 0.37102658437499997 0.25892984218750004 0.351609053125 0.22276028124999997 0.35122238437500003