2 0.9133061687499999 0.1001929203125 0.9555190031249999 0.09499134375 0.94894018125 0.06399680625000001 0.90595519375 0.0647311015625 0.9133061687499999 0.1001929203125
2 0.9200773765625 0.22204996562499998 0.9487226375000001 0.21245468281250002 0.9380240000000001 0.17960515 0.9126901609375 0.18866439375 0.9200773765625 0.22204996562499998
2 0.929004078125 0.356413721875 0.9386221453125 0.3833059890625 0.963603415625 0.37958359218750004 0.95177145625 0.3452312390625 0.929004078125 0.356413721875
2 0.4661522640625 0.396437253125 0.437518928125 0.405438903125 0.4446380625 0.43941051093750005 0.47693979999999997 0.4331467375 0.4661522640625 0.396437253125
2 0.5288726015625 0.1000148515625 0.558776128125 0.0862862125 0.5467569953125 0.061135118749999995 0.5116791765625 0.0738826796875 0.5288726015625 0.1000148515625
2 0.6084812515625 0.5355049171874999 0.6162665546875 0.56533283125 0.64962531875 0.5576013453125 0.640122771875 0.5241804125 0.6084812515625 0.5355049171874999
2 0.044574782812500005 0.552978553125 0.0001648359375 0.5575479390625 0.0059015 0.5932784984375 0.052509601562499994 0.58963980625 0.044574782812500005 0.552978553125
2 0.042250473437500005 0.21029048281249998 0.0577943484375 0.2034357171875 0.0423941046875 0.16813031875 0.0280551484375 0.173818434375 0.042250473437500005 0.21029048281249998
2 0.049603468750000004 0.16291159375 0.0667017921875 0.20299735624999998 0.0780567484375 0.19636639218750002 0.064472375 0.1607942078125 0.049603468750000004 0.16291159375
2 0.07700959843750001 0.156263884375 0.0875735546875 0.1968294296875 0.10302140625 0.193237546875 0.09362680625 0.1559600984375 0.07700959843750001 0.156263884375
2 0.6856739187499999 0.6336483125 0.7029453984375 0.629792903125 0.6934946640625 0.5934036734375 0.6742210171874999 0.5987087343749999 0.6856739187499999 0.6336483125
2 0.6858529375 0.691255521875 0.7145085875 0.68106501875 0.7036752109375 0.655934621875 0.676628065625 0.6646670390625 0.6858529375 0.691255521875