2 0.399501984375 0.3526408640625 0.291425915625 0.381545515625 0.3085578234375 0.4441935640625 0.4178150703125 0.407843728125 0.399501984375 0.3526408640625
2 0.6974259468749999 0.37594492343749997 0.658471253125 0.3787017578125 0.6712802078125 0.43192538125 0.7061823484375 0.423596234375 0.6974259468749999 0.37594492343749997
2 0.692059346875 0.272708796875 0.6751297078125 0.27805194843750003 0.69908658125 0.32335949375 0.7137550625 0.31300973125 0.692059346875 0.272708796875
2 0.8944347109375 0.639734321875 0.840960975 0.6243370984375 0.8366868328124999 0.6517299249999999 0.8862544203124999 0.6668984140625 0.8944347109375 0.639734321875
2 0.9715138109374999 0.24259268125000003 0.8796950156250001 0.2911103421875 0.916715496875 0.3361883 0.9959503578125 0.28135960937500004 0.9715138109374999 0.24259268125000003
2 0.8402642015625 0.1899534109375 0.80414683125 0.1487165296875 0.785925246875 0.1597252765625 0.8187797765625 0.20428367343749998 0.8402642015625 0.1899534109375
2 0.6078746765624999 0.756973653125 0.5891566609375001 0.7635357015625 0.6201635 0.838413775 0.6372806890625 0.8321765890625 0.6078746765624999 0.756973653125
2 0.4962629515625 0.0783760046875 0.4493568671875 0.1050268140625 0.46591884375000003 0.1350235859375 0.5136462828125 0.1128122453125 0.4962629515625 0.0783760046875
2 0.4034529375 0.0176427640625 0.36950047656249996 0.02209536875 0.3730283421875 0.054101173437500004 0.4075337078125 0.057061921875 0.4034529375 0.0176427640625
2 0.53988018125 0.0844438296875 0.5539120828125 0.10557715625 0.5838545734375 0.085457775 0.566229628125 0.0626056421875 0.53988018125 0.0844438296875
2 0.8684048578124999 0.018621107812500003 0.8698842828125001 0.0353332328125 0.8835415765624999 0.03509484375 0.8830396531250001 0.019388084375 0.8684048578124999 0.018621107812500003
2 0.990458190625 0.6951615234374999 0.9377169734375 0.6885660671875 0.9369516046875 0.7280698171875 0.9884678796875 0.73313891875 0.990458190625 0.6951615234374999
2 0.7806300453125 0.39676160625 0.7494698203125 0.4192776078125 0.7736975593750001 0.4461713703125 0.799422259375 0.4225625671875 0.7806300453125 0.39676160625