2 0.8534385796875 0.122821921875 0.7480089015625 0.086428715625 0.7115454406249999 0.172062921875 0.8123108296874999 0.2130719875 0.8534385796875 0.122821921875
2 0.2052037421875 0.8315940953125001 0.2243655296875 0.779928078125 0.11480490937500001 0.7373960046875 0.09237892343750001 0.791702471875 0.2052037421875 0.8315940953125001
2 0.1315183984375 0.9532756515624999 0.1602639765625 0.962040575 0.18709209375 0.965334653125 0.20541334375 0.9204842046874999 0.152960559375 0.899794303125 0.1315183984375 0.9532756515624999
2 0.376722409375 0.9492264546875001 0.4370521 0.9716712046874999 0.452830371875 0.9351563890625 0.39219224375 0.9156611828125 0.376722409375 0.9492264546875001
2 0.27910839374999996 0.9094755625 0.3041328109375 0.8616732125000001 0.254714134375 0.843357215625 0.23483771875 0.8961421656249999 0.27910839374999996 0.9094755625
2 0.161581971875 0.7325480453125001 0.18487172031250002 0.689889421875 0.12693677812499998 0.661730878125 0.10292532812499999 0.7140812171875 0.161581971875 0.7325480453125001
2 0.9522734453125 0.8808869874999999 0.9615350796875 0.8438529421875 0.966050790625 0.8070754328125 0.8878902 0.7748983640625 0.8526594 0.845964425 0.9522734453125 0.8808869874999999
2 0.9771554203124999 0.716635484375 0.9194249171875001 0.6878757328125 0.9021951874999999 0.721144484375 0.972788840625 0.7521984125000001 0.9771554203124999 0.716635484375
2 0.7471236390625 0.6742390796875 0.758252646875 0.6421971609375 0.6900916687499999 0.6147533078125 0.6720134703125 0.6504293718749999 0.7471236390625 0.6742390796875
2 0.7077543703125 0.750598425 0.711939684375 0.7363390437499999 0.6504602046875 0.7078079546875 0.6357934546874999 0.72237183125 0.7077543703125 0.750598425
2 0.3129081125 0.6645763890625 0.3191199890625 0.6509165015625 0.2889397953125 0.6370074921875 0.27977526875000003 0.6503586140625 0.3129081125 0.6645763890625
2 0.2049119015625 0.6440816890625001 0.206488603125 0.631920503125 0.1368350828125 0.6073017390625 0.1330484875 0.62062265625 0.2049119015625 0.6440816890625001
2 0.3240619 0.635138828125 0.33135820312500003 0.625362003125 0.2971079828125 0.6104297671875 0.2920133203125 0.6248056703125 0.3240619 0.635138828125
2 0.33375128125 0.6111137828125 0.3371007828125 0.59912635625 0.302540734375 0.5871419453125 0.2981620875 0.6004006359375 0.33375128125 0.6111137828125
2 0.32395425 0.5850406312499999 0.328299696875 0.57493795 0.3147477453125 0.5675496609375 0.30629767812500003 0.57978340625 0.32395425 0.5850406312499999
2 0.6497560265625 0.027194942187499998 0.6622856140625 0.0161712546875 0.62742665625 0.0118911140625 0.614490584375 0.010531478125 0.6134848328125 0.0144352328125 0.6497560265625 0.027194942187499998
2 0.4466044453125 0 0.432240221875 0.0347513078125 0.45424672031249996 0.041238712500000003 0.46718336093749996 0.006199009375 0.4470350484375 0 0.4466044453125 0