2 0.701581853125 0.4631754234375 0.6623130109375001 0.42816566875 0.6353620984374999 0.45759891562500005 0.6746783062499999 0.4886678546875 0.701581853125 0.4631754234375
2 0.94893639375 0.6887966875 0.9111215218750001 0.702800646875 0.9455917875000001 0.76807900625 0.977593090625 0.752180775 0.94893639375 0.6887966875
2 0.7965865703125 0.8212388015625001 0.7602384796874999 0.8603618953125001 0.8014001265624999 0.8947012937500001 0.8279633734375 0.8508266875 0.7965865703125 0.8212388015625001
2 0.9771922828124999 0.8215170953125 0.9468624218749999 0.8337636843749999 0.9574820734375 0.8728301187499999 0.9865527953125 0.8605258499999999 0.9771922828124999 0.8215170953125
2 0.405816778125 0.05249915468750001 0.351912675 0.0421092765625 0.345204915625 0.07607573749999999 0.4005709046875 0.0901130625 0.405816778125 0.05249915468750001
2 0.47261625625 0.121475184375 0.5112196546875001 0.15510053906250001 0.536517721875 0.129619340625 0.49441668125 0.0966706765625 0.47261625625 0.121475184375
2 0.4958805046875 0.1937706796875 0.46985160937500003 0.22241984218750002 0.49545227968749994 0.24829159218750002 0.5183366109375 0.21662449218750002 0.4958805046875 0.1937706796875
2 0.34155916249999996 0.3810320984375 0.37836396875 0.42408319375000003 0.40445632187499997 0.402680053125 0.3643961953125 0.35844872968749997 0.34155916249999996 0.3810320984375
2 0.3843885796875 0.2036476859375 0.3610099765625 0.23208411562500003 0.4113525671875 0.2700826859375 0.434675228125 0.24377415 0.3843885796875 0.2036476859375
2 0.046108209375 0.1372385625 0.05458745 0.20575447656249998 0.1050340609375 0.1820368 0.0953072546875 0.1288849625 0.046108209375 0.1372385625
2 0.3108288953125 0.595382365625 0.3000786484375 0.5971695718750001 0.3149421453125 0.626943003125 0.3245121 0.6232682046875 0.3108288953125 0.595382365625
2 0.26756000625 0.489473871875 0.2298876734375 0.5037525578125 0.24522071875 0.53282985625 0.2794073390625 0.5219506078125 0.26756000625 0.489473871875
2 0.2913329921875 0.5184227703125 0.2550008828125 0.5333482359375 0.288192171875 0.5982703421875 0.318330125 0.5821294453125 0.2913329921875 0.5184227703125
2 0.400626009375 0.762714825 0.3454480921875 0.7994494359375001 0.383871453125 0.8446037750000001 0.436621090625 0.8047119953124999 0.400626009375 0.762714825
2 0.2641255921875 1 0.28494335312499997 0.9799671546875001 0.26165614531250003 0.9351989828124999 0.2265977609375 0.9568327859375 0.2556008109375 1 0.2641255921875 1
2 0.0603318625 0.56695401875 0.024924421874999998 0.5823046109375001 0.0379424796875 0.608807584375 0.07425179062500001 0.5932816859375001 0.0603318625 0.56695401875
2 0.0935189625 0.7610167890625 0.0579079671875 0.77066075 0.0814321984375 0.8138722828124999 0.1114092609375 0.8062307421874999 0.0935189625 0.7610167890625
2 0.21289056718750002 0.43810048124999995 0.22953564218750003 0.46148057187499997 0.2587687875 0.4406766484375 0.2379289984375 0.4175070640625 0.21289056718750002 0.43810048124999995
2 0.549460315625 0.49274485468749996 0.519281875 0.47048481718749996 0.5025970531249999 0.4967128140625 0.5269023703125 0.52525580625 0.549460315625 0.49274485468749996