1 0.2594297828125 0.1038770765625 0.23230587656249999 0.10375680625000001 0.23129772656249997 0.1615136328125 0.25772318906249997 0.161270096875 0.2594297828125 0.1038770765625
1 0.24610765781250002 0.16071573125 0.23202074062500003 0.1604698421875 0.2315842671875 0.1854754078125 0.245671184375 0.185721296875 0.24610765781250002 0.16071573125
1 0.16456133125 0.2914015171875 0.100699559375 0.2969800125 0.1001067359375 0.31070925781250003 0.16468538593749998 0.30443848125 0.16456133125 0.2914015171875
1 0.167369575 0.33231613437499996 0.1671383640625 0.3051845296875 0.11811109374999999 0.308557525 0.11799082187500001 0.33568143125 0.167369575 0.33231613437499996
1 0.332005515625 0.265083875 0.3757911234375 0.239073765625 0.3507772 0.1988279578125 0.30770074531249997 0.22449882968749998 0.332005515625 0.265083875
1 0.445421190625 0.16364936562500002 0.473063090625 0.16354895625000002 0.4731876328125 0.1231090328125 0.446137065625 0.12263686250000001 0.445421190625 0.16364936562500002
1 0.4756668859375 0.163891325 0.502428434375 0.16435845 0.5031595265625 0.1224742046875 0.47639797812499995 0.12200707968749999 0.4756668859375 0.163891325
1 0.8399861515625 0.5544340546875001 0.8891378421875 0.5268329781250001 0.8678823124999999 0.4922270609375 0.819987940625 0.5186139578125 0.8399861515625 0.5544340546875001
1 0.7420382203125 0.6364543078125 0.7609574453125 0.6631823140625001 0.7997941609375 0.6358121890625 0.7808677359375 0.6094966203125 0.7420382203125 0.6364543078125
1 0.7941993296875001 0.6018937546875 0.782510284375 0.609937853125 0.791364859375 0.6224661703125001 0.8034879374999999 0.613191959375 0.7941993296875001 0.6018937546875
1 0.8034663406250001 0.6144292703125 0.7984538921875 0.61805328125 0.8081493015625 0.6297711484375 0.8123512734375 0.625307865625 0.8034663406250001 0.6144292703125
1 0.7858645125 0.748584696875 0.7681854015625 0.7688995609375 0.7771063296875 0.7777159703125001 0.7964336000000001 0.7574314375 0.7858645125 0.748584696875
1 0.8037113421875001 0.8367502203124999 0.819703146875 0.8184687187499999 0.776252659375 0.7793513203125 0.761532571875 0.79559376875 0.8037113421875001 0.8367502203124999