2 0.20288176249999998 0.87107265 0.199509640625 0.9668593359375001 0.2413258890625 0.9719937249999999 0.252749609375 0.9711160140624999 0.25444903750000003 0.8737558453125001 0.20288176249999998 0.87107265
2 0.2703969640625 0.40192637500000006 0.240836903125 0.3960674 0.2186076703125 0.48000473125000004 0.2492187515625 0.49360353906250004 0.2703969640625 0.40192637500000006
2 0.33952886875 0.41798064999999995 0.2969415484375 0.4107050421875 0.2769497125 0.49735370625 0.3236889328125 0.5097494328125001 0.33952886875 0.41798064999999995
2 0.016937975 0.477672253125 0.018459775 0.526393734375 0.0371453390625 0.5252352921875 0.037685389062500005 0.4786282421875 0.016937975 0.477672253125
2 0.057251396875000006 0.41127195624999996 0.0347142046875 0.41087856875 0.034509964062499995 0.45660071875 0.032117725 0.4577466421875 0.050533510937500005 0.45628657031250003 0.057251396875000006 0.41127195624999996
2 0.0116556078125 0.3744913796875 0.0246402859375 0.3762599828125 0.024490765625 0.316873328125 0.01890319375 0.315464534375 0.0116556078125 0.3744913796875
2 0.0707361265625 0.2505750109375 0.0507155203125 0.2419117828125 0.039206767187500005 0.3052518265625 0.061990126562500004 0.30980639375 0.0707361265625 0.2505750109375
2 1 0.2652873875 0.9912437593750001 0.3307788625 1 0.33759209375 1 0.2652873875
2 0.39193740625 0 0.39281981250000003 0.0263791875 0.41458837031250007 0.026759159375 0.41564268125000003 0 0.39193740625 0
2 0.383830415625 0.089169365625 0.3707927640625 0.0883479515625 0.365508078125 0.163971925 0.3824833078125 0.1663451078125 0.383830415625 0.089169365625
2 0.42453625937500006 0.10235053593750001 0.4085437984375 0.10088370625000001 0.403719603125 0.16642043281250002 0.41985826406250004 0.1664052125 0.42453625937500006 0.10235053593750001
2 0.4541600296875 0.1046491453125 0.43455689687500004 0.106090053125 0.4343007046875 0.14735749375 0.45340354843749997 0.1479878546875 0.4541600296875 0.1046491453125
2 0.394988096875 0.265736296875 0.38255290625 0.2643315578125 0.375689946875 0.2942007078125 0.3896719875 0.29830629218750004 0.394988096875 0.265736296875