2 0.423434965625 0.504867853125 0.3365361578125 0.4638330421875 0.29459091875 0.55523845625 0.37807588281250004 0.5953043078125 0.423434965625 0.504867853125
2 0.0622323109375 0.2079351390625 0.035566040625 0.2005791046875 0.02337280625 0.23471429062500002 0.056090653125 0.2458686953125 0.0622323109375 0.2079351390625
2 0.56224105625 0.4751978 0.5246227859375 0.45856066406249996 0.4966392921875 0.5325632328125 0.53644404375 0.54872048125 0.56224105625 0.4751978
2 0.5916513171875 0.3305399625 0.60232345 0.29569303750000003 0.5686113578125 0.28458458124999997 0.5631628953125001 0.32511251093750004 0.5916513171875 0.3305399625
2 0.8922041921874999 0.4088087609375 0.8639358484375 0.43173470781249995 0.9019295109375 0.4823554125 0.9304834859375 0.4583777203125 0.8922041921874999 0.4088087609375
2 0.7256809296875 0.3657939609375 0.73209900625 0.33312890624999997 0.696153096875 0.31588308125000003 0.6832308125 0.3512314015625 0.7256809296875 0.3657939609375
2 0.936744325 0.72369145 0.8976395015625 0.7619349546875 0.92507734375 0.7904932484375 0.9639018359374999 0.7504562109374999 0.936744325 0.72369145
2 0.9559053375 0.561280946875 0.9853886078125 0.5347535265625 0.9518627937499999 0.4885092859375 0.9248091734375 0.5157320249999999 0.9559053375 0.561280946875
2 0.8294548609374999 0 0.8448875156250001 0.0273281046875 0.857666909375 0.0207795578125 0.85010376875 0 0.8294548609374999 0
2 0.4024640875 0.608544334375 0.4135080953125 0.600731846875 0.4050337671875 0.5861242953125 0.39259561875000004 0.5982336765625 0.4024640875 0.608544334375
2 0.46243229843749994 0.625891071875 0.47332206250000003 0.61245135 0.440466515625 0.591553303125 0.4288569640625 0.6068346453125 0.46243229843749994 0.625891071875
2 0.47827882343750006 0.5948491859375 0.48906754062499996 0.584603859375 0.46254656250000004 0.562032071875 0.451332390625 0.5749596734375 0.47827882343750006 0.5948491859375
2 0.48869041874999997 0.6321302859375 0.49537486875000003 0.6227469328125 0.48062018906250004 0.6116889546875 0.47553906875 0.625861175 0.48869041874999997 0.6321302859375
2 0.4848422375 0.5539171109375001 0.494314934375 0.54351891875 0.47920391562500003 0.5332224906249999 0.4724204203125 0.5458011703125 0.4848422375 0.5539171109375001
2 0.635413428125 0.6172723296875 0.6204627078125 0.61955466875 0.631126609375 0.6523209484375 0.6450547328125 0.64946301875 0.635413428125 0.6172723296875
2 0.6178563609375 0.08342275625 0.6041235546875 0.08905128125 0.6203785484375001 0.1475858765625 0.6355815859375 0.144895775 0.6178563609375 0.08342275625
2 0.7211772875 0.460947775 0.7094757578124999 0.47215719375000004 0.721392915625 0.48235404375 0.7305165359375 0.4733449546875 0.7211772875 0.460947775
2 0.7013697859375 0.47763495 0.691543690625 0.48879362187500003 0.6996587 0.4972150609375 0.7121339359375 0.490461290625 0.7013697859375 0.47763495
2 0.6797346156249999 0.48930064062499995 0.669398340625 0.495590159375 0.6787327296875 0.507357253125 0.6881974140625 0.50012125625 0.6797346156249999 0.48930064062499995
2 0.5958798109375001 0.1166957890625 0.5901061671875001 0.12511411562500002 0.606340103125 0.1489026546875 0.6160454390625001 0.14063295 0.5958798109375001 0.1166957890625
2 0.9572342578124999 0.412309540625 0.9876060750000001 0.3859662234375 0.984807753125 0.37009615625 0.9778880578125 0.3510844515625 0.933749425 0.3842097 0.9572342578124999 0.412309540625