2 0.0965230625 0.0580911296875 0.08780969375 0.0828828671875 0.2107694546875 0.07180983125 0.2074343359375 0.040105287499999996 0.0965230625 0.0580911296875
2 0.7513752375 0.24226877500000002 0.72909175 0.354298009375 0.7840396234375 0.3607172359375 0.8082679374999999 0.24767282812500002 0.7513752375 0.24226877500000002
2 0.95978415 0.2891989140625 0.8389923937500001 0.276724134375 0.820382590625 0.366721490625 0.9391025125000001 0.37143893281249996 0.95978415 0.2891989140625
2 0.775818540625 0.4258631640625 0.7258643625000001 0.42703116249999995 0.73082281875 0.5354765687499999 0.7953738609375 0.5386931625 0.775818540625 0.4258631640625
2 0.8023829796875 0.391413121875 0.8175965734374999 0.5007622734375 0.8688386640625 0.49177465312499996 0.8549943624999999 0.3830802953125 0.8023829796875 0.391413121875
2 0.569838053125 0.57250508125 0.6369013140625001 0.5702883453125 0.631776446875 0.5290716671875 0.5683213328125001 0.5363202874999999 0.569838053125 0.57250508125
2 0.6695538359375 0.43062652031250004 0.5983106406250001 0.441910334375 0.6000439281250001 0.47946245468750004 0.6723707515624999 0.4750104234375 0.6695538359375 0.43062652031250004
2 0.705314478125 0.1870744171875 0.77548768125 0.20260531093749998 0.7810879296875 0.148649325 0.715507521875 0.1374153640625 0.705314478125 0.1870744171875
2 0.5285397781250001 0 0.48631045000000006 0.143935903125 0.6326862328125 0.1769583078125 0.662829940625 0.0328529921875 0.56531904375 0 0.5285397781250001 0
2 0.6533739625 0.0814524484375 0.6352831937500001 0.17054180624999998 0.6981138359375 0.18341200625 0.720166775 0.09463796249999999 0.6533739625 0.0814524484375
2 0.79586033125 0.146910759375 0.806169253125 0.11128763125 0.7199516234375001 0.0970750609375 0.7150732265624999 0.130877815625 0.79586033125 0.146910759375