2 0.7088599859375 0.6778832078125 0.6877533484375 0.7175985234375 0.7605845078125 0.7515755859375 0.78580519375 0.7166186671875 0.7088599859375 0.6778832078125
2 0.51430734375 0.9363679890625001 0.5169553390625 0.9528598171875 0.5968838375 0.9293976531249999 0.5963575750000001 0.9136536203125001 0.51430734375 0.9363679890625001
2 0.1860173265625 0.5716370093750001 0.1878861828125 0.5846069765624999 0.256720109375 0.5820196906249999 0.260541015625 0.564167128125 0.1860173265625 0.5716370093750001
2 0.185961365625 0.5478792546875 0.1862998453125 0.5656828140625 0.2331348953125 0.5574234625 0.22921472187499997 0.5450194421875 0.185961365625 0.5478792546875
2 0.1714545078125 0.41855656406249997 0.173540721875 0.43567396406250003 0.2287734890625 0.42315051718749996 0.2225743375 0.40696840312499993 0.1714545078125 0.41855656406249997
2 0.1690873890625 0.3961090609375 0.1717059515625 0.4120094328125 0.22311611718750002 0.40028870625 0.2219565140625 0.383834659375 0.1690873890625 0.3961090609375
2 0.5389740859375001 0.3179200953125 0.5179326109375 0.3475337796875 0.5670378484375 0.3769197078125 0.58880400625 0.3497589578125 0.5389740859375001 0.3179200953125
2 0.38823603125 0.119110090625 0.36310305625 0.1614131109375 0.39375559375 0.184692346875 0.4211238578125 0.13401868125 0.38823603125 0.119110090625
2 0.20072546875000002 0.1942766484375 0.2460618640625 0.219818615625 0.26850958125 0.1830027140625 0.2253245625 0.164476515625 0.20072546875000002 0.1942766484375
2 0.264351953125 0.012910639062500001 0.2509821625 0.0300792015625 0.2853661984375 0.0508472046875 0.30804758125 0.012817409375 0.264351953125 0.012910639062500001
2 0.11082091875 0.0671216890625 0.13239490625 0.036294096875 0.10713524062499999 0.025127343749999996 0.0906968953125 0.0574866953125 0.11082091875 0.0671216890625
2 0.14961795625000002 0.047270253125 0.125736015625 0.079409496875 0.1571585453125 0.089048490625 0.1774351125 0.0561844453125 0.14961795625000002 0.047270253125