2 0.2088243109375 0.944271925 0.179773328125 0.909205659375 0.1360596515625 0.9523074156250001 0.1746275609375 0.98410984375 0.2088243109375 0.944271925
2 0.0539863421875 0.5467066609375 0.08614184999999999 0.5068218453125 0.05954921875 0.4849307484375 0.0268142578125 0.5200963187500001 0.0539863421875 0.5467066609375
2 0.295739184375 0.9045507781250001 0.3233841484375 0.9284095453125 0.358309990625 0.8884836796875 0.32437153125 0.8603065843750001 0.295739184375 0.9045507781250001
2 0.388582078125 0.933879690625 0.415201415625 0.9575652828125 0.43962122968750006 0.9228224765625 0.41073707812500004 0.9066029203125 0.388582078125 0.933879690625
2 0.8096298000000001 0.9283018671875001 0.8494817953125 0.9608439453125 0.8931072999999999 0.9554874046874999 0.8402810171875 0.9053720703125 0.8096298000000001 0.9283018671875001
2 0.9972678515625001 0.6608881328125 0.9554096796874999 0.6845942078125 0.9776172375 0.7240947203125 0.9963549453124999 0.7131884562499999 0.9972678515625001 0.6608881328125
2 0.8977132531249999 0.112484653125 0.9084545015625001 0.1512961703125 0.9574848062499999 0.13689163437500002 0.9532728031250001 0.0990746296875 0.8977132531249999 0.112484653125
2 0.902885615625 0.1010692125 0.9526304078125 0.09735573125 0.9480564140625001 0.056590553125 0.8986834078125 0.0668449796875 0.902885615625 0.1010692125
2 0.9023261296875 0.4323614875 0.8859153031250001 0.39604388125 0.8515317874999999 0.408051809375 0.8691938109375 0.44481556875 0.9023261296875 0.4323614875
2 0.850067725 0.3713960703125 0.8805346374999999 0.36196592031249997 0.87146789375 0.3319329546875 0.838634890625 0.34195272656250003 0.850067725 0.3713960703125
2 0.1777666640625 0.44316233125000004 0.2029068109375 0.469724634375 0.241610853125 0.42963239218749993 0.2113391046875 0.4069966171875 0.1777666640625 0.44316233125000004
2 0.0863848796875 0.611011025 0.0688319421875 0.5945981625 0.044365715625 0.614372553125 0.068893975 0.6389131078125 0.0863848796875 0.611011025
2 0.328588953125 0.21171277812499997 0.364854034375 0.1970794125 0.344683221875 0.1642176703125 0.3150094546875 0.1756457390625 0.328588953125 0.21171277812499997
2 0.316689615625 0.143994115625 0.3517412296875 0.1292090671875 0.3332097421875 0.0853641125 0.29726758124999997 0.104153159375 0.316689615625 0.143994115625
2 0.6358554468750001 0.033829559375 0.617622190625 0.0019769390625 0.6175161546875 0.0019750875 0.59800415 0.0127226453125 0.609932196875 0.0433016 0.6358554468750001 0.033829559375