2 0.8396878031250001 0.2683756828125 0.80789291875 0.2928943390625 0.83324300625 0.3429228953125 0.8636626546875 0.31825969375 0.8396878031250001 0.2683756828125
2 0.9808022968750001 0.69694421875 0.9771657234375001 0.6547705609375 0.9408074078125 0.682990296875 0.9646370703124999 0.707782615625 0.9808022968750001 0.69694421875
2 0.7924699328125 0.4793363609375 0.742859534375 0.5145199640625 0.7558242374999999 0.5367783265625 0.8059440859375 0.51000655625 0.7924699328125 0.4793363609375
2 0.8940220609375 0.7839435546875 0.8617941203124999 0.8125974109375 0.887794940625 0.8431906437500001 0.9275578890625 0.8222950359375 0.8940220609375 0.7839435546875
2 0.9183615421875 0.9230214828125 0.9612520437500001 0.8829524453125 0.956673125 0.8365005999999999 0.8946767484375 0.89685081875 0.9183615421875 0.9230214828125
2 0.8091413609375 0.9031852625000001 0.7814023234375 0.942061209375 0.8140673875 0.9622094515624999 0.8368101031249999 0.9311682265625001 0.8091413609375 0.9031852625000001
2 0.561151690625 0.9328413687499999 0.5298629859374999 0.9657730859375 0.5824464093749999 0.9949811171875 0.600334728125 0.9703943921875 0.561151690625 0.9328413687499999
2 0.4777865 0.8920397546875 0.45287229843750004 0.9172831718750001 0.4843068328125 0.9359100781249999 0.503860128125 0.9087112062499999 0.4777865 0.8920397546875
2 0.287738153125 0.899926875 0.3134509515625 0.9332754046874999 0.33510522656249997 0.8993310671874999 0.308523534375 0.8742495 0.287738153125 0.899926875
2 0.30851829375 0.6889730515625 0.279908921875 0.6567105078125001 0.2406543515625 0.71248626875 0.2742615984375 0.7369142531249999 0.30851829375 0.6889730515625
2 0.3429247828125 0.7984599140624999 0.3760944234375 0.7476173140625 0.347413471875 0.7292798203124999 0.31192469375 0.7756995250000001 0.3429247828125 0.7984599140624999
2 0.34059307968749997 0.31761173593750003 0.3865108203125 0.27785930312499996 0.3631173203125 0.2489321125 0.3190092640625 0.28469560625 0.34059307968749997 0.31761173593750003
2 0.424334825 0.897565615625 0.3957998671875 0.93078519375 0.42035322500000005 0.9486920015625 0.4425155625 0.9231577812499999 0.424334825 0.897565615625
2 0.5163194734375 0.7992718546875001 0.4645036703125 0.855318909375 0.4830403171875 0.8662240703125 0.52120524375 0.8108302500000001 0.5163194734375 0.7992718546875001
2 0.501354921875 0.8168036734375 0.5148312671874999 0.8021005406249999 0.4890885640625 0.768946825 0.47542758125000006 0.7854216140625 0.501354921875 0.8168036734375