2 0.44357964218749996 0.410886809375 0.47747470312500007 0.4126525265625 0.48133965468750006 0.3766194375 0.4526490609375 0.3761847484375 0.44357964218749996 0.410886809375
2 0.4905325734375 0.28137821406249997 0.5231904265625 0.282370465625 0.527477034375 0.21881730156249998 0.49425257968749997 0.21654624843749998 0.4905325734375 0.28137821406249997
2 0.5015288109375 0 0.49611477812500004 0.0669101046875 0.5524137359375 0.071224896875 0.5570191953125 0.00435886875 0.5290731703125 0.000431309375 0.5043634703125 0 0.5015288109375 0
2 0.8660400625 0.2903826359375 0.859511975 0.3368323984375 0.9043944125 0.3371443625 0.9095908234375001 0.2959037109375 0.8660400625 0.2903826359375
2 0.8785829140624999 0.1926142890625 0.869024421875 0.27341409375 0.907958684375 0.2776867765625 0.9190221093750001 0.1947001359375 0.8785829140624999 0.1926142890625
2 0.897783078125 0.18811767343750002 0.9332311640625001 0.189801859375 0.9372163859375 0.15048795625 0.8997868375 0.1440299859375 0.897783078125 0.18811767343750002
2 0.9227693875 0.1424617140625 0.9755331125 0.14448090625 0.980535184375 0.0638801578125 0.929431165625 0.0566979578125 0.9227693875 0.1424617140625
2 0.8224560609375 0.9372086562499999 0.8657371250000001 0.9384963125000001 0.8739317015625 0.8820862328124999 0.8283786578125 0.88227960625 0.8224560609375 0.9372086562499999
2 0.76977913125 0.592237396875 0.7322801734375 0.585768090625 0.7272567984375 0.6300325640625 0.766356546875 0.6331277578125001 0.76977913125 0.592237396875
2 0.662056753125 0.424801803125 0.697590559375 0.42200272656250004 0.69980834375 0.38633930781250003 0.6670147953125001 0.38952350625 0.662056753125 0.424801803125
2 0.1199019984375 0.86845195625 0.153183871875 0.8698317015624999 0.160242515625 0.82435588125 0.1253478578125 0.8254476078125 0.1199019984375 0.86845195625
2 0.056033734375 0.8157061421874999 0.0502591046875 0.8610610484375 0.0808866484375 0.8647674609375 0.0893423734375 0.8173894421875 0.056033734375 0.8157061421874999
2 0.12612628125 0.6792566625 0.182736996875 0.6851142296875 0.1842812484375 0.6490563609375 0.131332225 0.642214446875 0.12612628125 0.6792566625
2 0.0833709625 0 0.0808101 0.0427191921875 0.11484235937500001 0.0433065953125 0.121396596875 0 0.0833709625 0
2 0.3805019953125 0.650851228125 0.3756265875 0.6855415578125 0.39132284687499996 0.6889451140625 0.3978682359375 0.6508935546875 0.3805019953125 0.650851228125
2 0.797577859375 0.325729784375 0.8152648499999999 0.3261169828125 0.8171386343749999 0.29310335 0.80237063125 0.2916274296875 0.797577859375 0.325729784375
2 0.8397077953125001 0.29447648437499996 0.8347497546874999 0.329754784375 0.851785459375 0.332148996875 0.8560633609374999 0.2931775984375 0.8397077953125001 0.29447648437499996
2 0.684803346875 0.194758440625 0.7002417328125 0.19573057031250002 0.7019692078124999 0.1408099421875 0.6869626203125 0.14529791875 0.684803346875 0.194758440625