2 0.19282765156249998 0.923237540625 0.17093692968750002 0.9574094359374999 0.2267942375 0.9652596703125 0.24260633125000003 0.9508749828124999 0.19282765156249998 0.923237540625
2 0.42610315625000006 0.6478118546875 0.397351678125 0.6689284265625 0.42135547500000003 0.698658440625 0.4495074671875 0.6732636750000001 0.42610315625000006 0.6478118546875
2 0.608565146875 0.3968965765625 0.6051996453124999 0.43577530624999994 0.6402940703125 0.433520371875 0.6462566734374999 0.3996155609375 0.608565146875 0.3968965765625
2 0.8779921171874999 0.21834024218749998 0.8805540671875001 0.1638477296875 0.8015274781249999 0.160870378125 0.8176064890625 0.2128467890625 0.8779921171874999 0.21834024218749998
2 0.891795290625 0.196918421875 0.9333558578125001 0.19557224687500002 0.939331740625 0.1658616625 0.8974306703125 0.16536438281250002 0.891795290625 0.196918421875
2 0.3287634875 0.918058878125 0.26921794375 0.898044146875 0.2587509859375 0.9255914531249999 0.31406062968750004 0.950137321875 0.3287634875 0.918058878125
2 0.6709833015625 0.47753073281249997 0.6278624500000001 0.46651444687500004 0.61576935 0.5013548515624999 0.6545045796875 0.51159068125 0.6709833015625 0.47753073281249997
2 0.3301127140625 0.3559654625 0.296544896875 0.370833734375 0.3144299296875 0.4056933515625 0.349172553125 0.397397859375 0.3301127140625 0.3559654625
2 0.623265928125 0.16217385 0.6418129312499999 0.192334553125 0.6735113578124999 0.175824509375 0.66117726875 0.14414179062500002 0.623265928125 0.16217385
2 0.9185104453124999 0.062302945312500004 0.8010778171874999 0.078744490625 0.81333920625 0.1493521578125 0.9381560484374999 0.13155321250000002 0.9185104453124999 0.062302945312500004
2 0.58651890625 0.035411953125 0.5995147453125 0.0623973046875 0.668198021875 0.025926235937499997 0.6339089109375 0.0139185078125 0.58651890625 0.035411953125