2 0.14220468749999998 0.22008125 0.031171874999999998 0.22445624999999997 0.034734375 0.2722796875 0.1487359375 0.267534375 0.14220468749999998 0.22008125
2 0.1140015625 0.9805484375000001 0.11132968750000001 0.937821875 0.0008906249999999999 0.9401953125 0.000296875 0.9894281250000001 0.1140015625 0.9805484375000001
2 0.50558125 0.8524046875 0.3713921875 0.850678125 0.37376875 0.8939281250000001 0.50676875 0.8939281250000001 0.50558125 0.8524046875
2 0.4289875 0.7474140625000001 0.37050312500000004 0.7492734375000001 0.3749546875 0.7942734375 0.4254234375 0.7907140625 0.4289875 0.7474140625000001
2 0.46282968750000003 0.5920015624999999 0.47054999999999997 0.56175 0.38801718749999997 0.5498859375 0.3844546875 0.5842906250000001 0.46282968750000003 0.5920015624999999
2 0.3998921875 0.34820625 0.40226875 0.3054984375 0.3084546875 0.306090625 0.31320468749999997 0.3493921875 0.3998921875 0.34820625
2 0.51805 0.28592343750000004 0.4373 0.2858328125 0.44026875 0.3363421875 0.5168625 0.332190625 0.51805 0.28592343750000004
2 0.8321453125 0.1655078125 0.7781140625 0.16728749999999998 0.7810828125 0.2129625 0.8315531249999999 0.2129625 0.8321453125 0.1655078125
2 0.930709375 0.7341515625 0.981771875 0.73614375 0.983553125 0.705890625 0.931896875 0.70885625 0.930709375 0.7341515625
2 0.8487703124999999 0.3179546875 0.7695046875 0.31874531250000004 0.7680203125 0.37667812500000003 0.8446140625 0.3796453125 0.8487703124999999 0.3179546875
2 0.6498625 0.2621953125 0.60770625 0.2657546875 0.60533125 0.3084625 0.6439265625 0.3084625 0.6498625 0.2621953125
2 0.684003125 0.62651875 0.6753953125 0.5498859375 0.5881140625 0.5475125000000001 0.5910828125 0.635303125 0.684003125 0.62651875
2 0.7801921875 0.8008656249999999 0.7793015624999999 0.8138500000000001 0.8327390625 0.809103125 0.830959375 0.8008 0.7801921875 0.8008656249999999
2 0.7793015624999999 0.825771875 0.7787078125 0.842321875 0.827990625 0.8435078125000001 0.830959375 0.828678125 0.7793015624999999 0.825771875
2 0.7784109375 0.8604625 0.7846453125 0.8790984375 0.8351140625 0.8725734375 0.8315531249999999 0.8583375 0.7784109375 0.8604625
2 0.5789109375 0.9138359375 0.5839562500000001 0.9253656250000001 0.6189890625000001 0.9271453125000001 0.61839375 0.9152812499999999 0.5789109375 0.9138359375