2 0.0457573515625 0.731971765625 0.0855671109375 0.753426059375 0.1055631859375 0.7191776359375 0.07127063593750001 0.6992026671875 0.0457573515625 0.731971765625
2 0.298198246875 0.8761525515624999 0.31681013125 0.841881528125 0.263245971875 0.8146503703124999 0.24723488124999998 0.8586573281250001 0.298198246875 0.8761525515624999
2 0.0723814828125 0.6355623625 0.097894740625 0.6027948265624999 0.0582072921875 0.5744228640625 0.035463896875 0.6072403109375 0.0723814828125 0.6355623625
2 0.47124935625 0.40864525625 0.4443745328125 0.44000443906250003 0.46605534843749996 0.4680620953125 0.5013621828125 0.4299287265625 0.47124935625 0.40864525625
2 0.7902582406249999 0.39068655625000004 0.7630376437499999 0.362532203125 0.71796139375 0.404647240625 0.7480258984375 0.4286990390625 0.7902582406249999 0.39068655625000004
2 0.8258439531249999 0.8922840078125001 0.8530887375 0.919052634375 0.8715799000000001 0.8916977453125 0.842901121875 0.8676701359375001 0.8258439531249999 0.8922840078125001
2 0.320451034375 0.156909496875 0.3076702578125 0.174676646875 0.336374759375 0.197320121875 0.3589233875 0.1755712734375 0.320451034375 0.156909496875
2 0.7537793546875 0.8135268124999999 0.7709331125000001 0.7833794078125 0.74774735625 0.76221685 0.730593625 0.7923626921875 0.7537793546875 0.8135268124999999
2 0.9587729671874999 0.42130564374999996 0.9590385984375001 0.40608765 0.9094111015624999 0.391383353125 0.898016053125 0.4091746921875 0.9587729671874999 0.42130564374999996
2 0.516050725 0.30286572500000003 0.5352016125 0.31703804999999996 0.553837684375 0.2813813 0.54287571875 0.2742717171875 0.516050725 0.30286572500000003
2 0.4953435328125 0.298352084375 0.5062571765625 0.3082299953125 0.541564009375 0.2700966265625 0.5293144953125 0.25742778906249997 0.4953435328125 0.298352084375
2 0.5257143015625 0.22553509843750003 0.483190634375 0.2801481515625 0.4954401203125 0.29281855156250003 0.53524221875 0.235388821875 0.5257143015625 0.22553509843750003