2 0.3069048015625 0.287127546875 0.3488963359375 0.271018315625 0.31982686562499996 0.1899259796875 0.28205688281249996 0.210698496875 0.3069048015625 0.287127546875
2 0.052582067187500005 0.427981315625 0.068628259375 0.43261942031249995 0.10117272656250001 0.353948965625 0.08561018125 0.351507909375 0.052582067187500005 0.427981315625
2 0.377986565625 0.799476371875 0.39063210000000004 0.8029119390625 0.407128453125 0.7298540890625 0.3889433109375 0.7314708328124999 0.377986565625 0.799476371875
2 0.39657634375 0.8033571593750001 0.4142059484375 0.805862825 0.42231570312500005 0.763280396875 0.41048188906250005 0.7578777734375 0.39657634375 0.8033571593750001
2 0.52406118125 0.8318652703125 0.54079674375 0.836022021875 0.5585284703125 0.7866954734375 0.5432224625 0.7785704265625 0.52406118125 0.8318652703125
2 0.5473257171875 0.8365703468750001 0.5627884484375001 0.8411071578125 0.581414484375 0.7901279875 0.565224403125 0.7869717828125 0.5473257171875 0.8365703468750001
2 0.6535151953125 0.5007820140625 0.6854724562500001 0.48350637812499997 0.6599436562500001 0.43016770156249995 0.6303327296875 0.44846155468750004 0.6535151953125 0.5007820140625
2 0.8193795734375 0.677139896875 0.8644302125 0.6573496999999999 0.853640765625 0.6228901140625 0.8000094609374999 0.6438788140625 0.8193795734375 0.677139896875
2 0.7471456812499999 0.7861908421875 0.7669721453125 0.8343020890625 0.7995480265625 0.8135180765625 0.7864228515625 0.768397175 0.7471456812499999 0.7861908421875
2 0.9360704406250001 0.8044306359375 0.9547403984375 0.7932528234375 0.960158090625 0.74989425625 0.9196475984375001 0.7677719109375001 0.9360704406250001 0.8044306359375
2 0.91544971875 0.92137655625 0.882222703125 0.9390327953125001 0.889333378125 0.960181028125 0.923454859375 0.9478088250000001 0.91544971875 0.92137655625
2 0.8718441796875 0.922731365625 0.9066543375 0.902944225 0.9011966484375 0.8742480484374999 0.8661064765625 0.8903683578124999 0.8718441796875 0.922731365625