2 0.8656826140625 0.72318143125 0.93975471875 0.7084438078125 0.9271280203125001 0.65934583125 0.8572341796874999 0.68123665 0.8656826140625 0.72318143125
2 0.85559815 0.8227678765625001 0.894985128125 0.8129226859375001 0.885919678125 0.756045265625 0.8515893562500001 0.7632876890625 0.85559815 0.8227678765625001
2 0.8294897765625 0.9540465093750001 0.8279806734375 0.896575015625 0.7735337437500001 0.900689928125 0.7749354281249999 0.96268706875 0.8294897765625 0.9540465093750001
2 0.7588262718750001 0.93818670625 0.72680679375 0.94355866875 0.7303072046875 0.9694549109375 0.7632019999999999 0.9645454609374999 0.7588262718750001 0.93818670625
2 0.41639897968749995 0.7757052828125001 0.416570428125 0.814752953125 0.493170075 0.8086322750000001 0.49593236718749995 0.7691199421875 0.41639897968749995 0.7757052828125001
2 0.37547585781250004 0.5363144578125 0.41331333125 0.533026771875 0.411022765625 0.487401496875 0.37165828749999996 0.48942815937499995 0.37547585781250004 0.5363144578125
2 0.4279373578125 0.472699465625 0.46579126875 0.4715132046875 0.46414144375 0.4393123484375 0.42613252656249995 0.44232661406249996 0.4279373578125 0.472699465625
2 0.5502089406249999 0.40944793125 0.5545257703125 0.467077459375 0.5706429265625 0.46632820625000004 0.564474140625 0.40839243124999997 0.5502089406249999 0.40944793125
2 0.2611160609375 0.262266221875 0.29832054375 0.2617839703125 0.297686221875 0.21980385624999998 0.26045105468749996 0.22389787343749998 0.2611160609375 0.262266221875
2 0.367955 0.139541990625 0.38955835625 0.138222803125 0.38392415 0.0847109921875 0.3618481671875 0.0858028796875 0.367955 0.139541990625
2 0.1811963140625 0.2322425328125 0.1968486625 0.23096574687500002 0.19267639375 0.152874184375 0.18005052187499998 0.1566789609375 0.1811963140625 0.2322425328125
2 0.77450845 0.5157956390625 0.806775709375 0.5121878843750001 0.804120215625 0.45219278125000006 0.7689245578125 0.4577672234375 0.77450845 0.5157956390625
2 0.78127356875 0.45220442656250004 0.8316536421875 0.44151982656250005 0.8316372718749999 0.39433205312499997 0.775846059375 0.3989588734375 0.78127356875 0.45220442656250004
2 0.7379308250000001 0.114005309375 0.7713926343749999 0.10660303125 0.76314795 0.0264512953125 0.72412431875 0.034435485937499996 0.7379308250000001 0.114005309375
2 0.8700583265624999 0.5815184390625 0.8740025499999999 0.6124541703124999 0.9552023765625 0.6050037421875001 0.9539217859375 0.5703398015625 0.8700583265624999 0.5815184390625
2 0.0869771453125 0.9054290765624999 0.058296748437500004 0.899451459375 0.0644737125 0.9384512578124999 0.08603400156249999 0.9374394671875 0.0869771453125 0.9054290765624999
2 0.5664758984375 0 0.574609659375 0.07374621249999999 0.6071858531250001 0.060472690625000006 0.6016063968750001 0 0.5664758984375 0
2 0.0830090609375 0.4572950484375 0.0971558578125 0.45716002656250004 0.099732140625 0.41647327343749996 0.08460364218750001 0.41586363437499996 0.0830090609375 0.4572950484375
2 0.0589728765625 0.40970358124999995 0.05525806875 0.4583840421875 0.07526539843749999 0.4594232515625 0.0739171546875 0.40914009374999993 0.0589728765625 0.40970358124999995