2 0.17842976093750001 0.71408573125 0.1683848015625 0.677203021875 0.1358175796875 0.6898739703125 0.1448854671875 0.7260112890625 0.17842976093750001 0.71408573125
2 0.34764049531249996 0.861018071875 0.343918178125 0.8261397109375 0.307408875 0.8307214953125 0.313353384375 0.8682536515624999 0.34764049531249996 0.861018071875
2 0.47526840468750003 0.6923194578125 0.4692018703125 0.6578123828125 0.422241740625 0.66164323125 0.4184031453125 0.693511065625 0.47526840468750003 0.6923194578125
2 0.45233856718750004 0.225246659375 0.4479658234375 0.1862616734375 0.4170672125 0.1854461796875 0.41950119687500004 0.23405449374999998 0.45233856718750004 0.225246659375
2 0.6718087765625 0 0.6815932234375001 0.0308319484375 0.7173189718749999 0.01705800625 0.7106218 0 0.6718087765625 0
2 0.8220059109375001 0.2060725046875 0.8234611703124999 0.24401669531249998 0.85673356875 0.2417510390625 0.8523902124999999 0.19915607500000002 0.8207533203124999 0.20416686718750002 0.8220059109375001 0.2060725046875
2 0.64397678125 0.286269125 0.6499576765625 0.331612065625 0.684030125 0.3268166734375 0.67957296875 0.279128365625 0.64397678125 0.286269125
2 0.8685748921875 0.87770169375 0.869259271875 0.8403219265624999 0.838662940625 0.8400565421874999 0.83785983125 0.8771561203125 0.8685748921875 0.87770169375
2 0.9441958546875 0.8356669515625 0.9531188203125 0.804797284375 0.9212250328125 0.7927143734375 0.9095573218749999 0.8255216437499999 0.9441958546875 0.8356669515625
2 0.8694237390625 0.6100533984375 0.865415528125 0.5619934093750001 0.850500671875 0.5622532421875001 0.851568621875 0.6110763343750001 0.8694237390625 0.6100533984375
2 0.8840432484375 0.6113448015625 0.8851848 0.5654749265625 0.8721435734374999 0.5624322515625 0.8742963937500001 0.610483946875 0.8840432484375 0.6113448015625
2 0.907384815625 0.6070467109375 0.9061545499999999 0.5651594015625 0.8958229 0.5640921750000001 0.8956028343750001 0.6047031515625 0.907384815625 0.6070467109375
2 0.9489959265625 0.6232999015625 0.9499880968750001 0.5840679296875 0.9354666375 0.5812581203125 0.9354564125 0.6212362921875 0.9489959265625 0.6232999015625
2 0.9694802640625 0.585789884375 0.95680405 0.5853914125 0.95312551875 0.61903893125 0.965706815625 0.6188481203125 0.9694802640625 0.585789884375
2 0.417716121875 0.43512329375 0.4539194203125 0.4323950109375 0.451954634375 0.3972367015625 0.41420537343749997 0.40051199843749996 0.417716121875 0.43512329375
2 0.456378921875 0.9598193546875 0.49282318593749996 0.95104139375 0.48570009531249997 0.902272453125 0.4495522453125 0.9079977093749999 0.456378921875 0.9598193546875
2 0.297427209375 0.4529713015625 0.3411177328125 0.440642625 0.33606590937499997 0.4011656265625 0.2968405421875 0.4100834953125 0.297427209375 0.4529713015625