2 0.13267583125 0.13286108593749998 0.16951066406249998 0.134108590625 0.17162579375 0.0969719921875 0.134143859375 0.0978655953125 0.13267583125 0.13286108593749998
2 0.0631287875 0.8330133625 0.02939409375 0.8428189749999999 0.046700518749999996 0.9041847609375001 0.081630059375 0.8945726234375 0.0631287875 0.8330133625
2 1 0.9262871296874999 0.9569271609375001 0.9366032046875 0.9600765921875001 0.9589763515625 1 0.9574422859375 1 0.9262871296874999
2 0.8527056609375 0.767510446875 0.8865812078124999 0.7588845484375 0.8839387859375 0.722460621875 0.84983154375 0.727828690625 0.8527056609375 0.767510446875
2 0.869478078125 0.3595571859375 0.9060810109374999 0.35844090624999997 0.904653303125 0.3254852453125 0.869590909375 0.326766321875 0.869478078125 0.3595571859375
2 0.1584301578125 0.15057447968749998 0.1220842359375 0.1650802453125 0.13548669687499998 0.20860746562500002 0.171881909375 0.195292559375 0.1584301578125 0.15057447968749998
2 0.075668528125 0.5133430734375 0.1291082453125 0.517309965625 0.131491315625 0.44915541875000004 0.07513031718749999 0.4522967453125 0.075668528125 0.5133430734375
2 0.8983342546875001 0.88302164375 0.9042115000000001 0.9269107953125 0.9203416624999999 0.9272876421875 0.9198542046875 0.880840884375 0.8983342546875001 0.88302164375
2 0.9610631749999999 0.8846842234375 0.9613724046875 0.9260819890624999 0.9790714625 0.9239359359374999 0.9731332828125 0.88333021875 0.9610631749999999 0.8846842234375
2 0.829222034375 0.6217525265625 0.8704573265625 0.6154628265625 0.8660904875 0.5797842156249999 0.8268136546875 0.5873941874999999 0.829222034375 0.6217525265625
2 0.7790082625 0.21399605781250003 0.7751664890625001 0.249199225 0.8232744203125 0.2539305953125 0.8310264359374999 0.2198753734375 0.7790082625 0.21399605781250003
2 0.1456637875 0.801951765625 0.1401348375 0.739257575 0.0955247328125 0.7467365625 0.09653536093750001 0.8128061437499999 0.1456637875 0.801951765625