2 0.43632222656249997 0.30844621875 0.37689406875000003 0.305918934375 0.3760755 0.3611760125 0.426579603125 0.362671384375 0.43632222656249997 0.30844621875
2 0.5317666796875 0.299058740625 0.5344268375000001 0.24733256093749997 0.4924791875 0.242640496875 0.4824825453125 0.2993235953125 0.5317666796875 0.299058740625
2 0.6049008203125 0.30431598593750003 0.609873415625 0.24898483749999997 0.5504387125 0.24608261250000002 0.546149246875 0.30652918125 0.6049008203125 0.30431598593750003
2 0.4206496640625 0.15902979687500002 0.4164450484375 0.12227414375000001 0.3532283421875 0.12392767812500001 0.349909325 0.1549184484375 0.4206496640625 0.15902979687500002
2 0.6191943656250001 0.6468077562500001 0.6289976015625001 0.5961445750000001 0.566296134375 0.59320560625 0.5591621578125 0.6436956140625 0.6191943656250001 0.6468077562500001
2 0.558889115625 0.9003113375 0.5688434453125 0.824104128125 0.4954120296875 0.8189161437499999 0.4804431546875 0.89692989375 0.558889115625 0.9003113375
2 0.63198180625 0.9031939453125 0.6357790343749999 0.848478715625 0.57246039375 0.8442925171875 0.567752559375 0.8977812640625 0.63198180625 0.9031939453125
2 0.6366543984375 0.966670503125 0.7258899390625 0.97580670625 0.73570041875 0.8574268359375001 0.6436505375 0.8572520515625 0.6366543984375 0.966670503125
2 0.8265482437499999 0.8908886062500001 0.8294986312500001 0.85578958125 0.7828661671875 0.8548736031249999 0.7801080328125 0.8839761718749999 0.8265482437499999 0.8908886062500001
2 0.956714875 0.7953570234375 0.9579879609375 0.76622880625 0.925252196875 0.762047925 0.918106278125 0.7948432578125 0.956714875 0.7953570234375
2 0.1831484828125 0.9436989609375 0.18855802187499998 0.9133108625 0.154953175 0.9103719 0.152738640625 0.936506715625 0.1831484828125 0.9436989609375
2 0.9211718453125 0.2560264421875 0.9235596875000001 0.22272032031250003 0.8947658890625 0.22314790625 0.8962795937499999 0.2588363 0.9211718453125 0.2560264421875
2 0 0.077909890625 0.05347157968750001 0.0804962890625 0.053421046875 0.0436696890625 0 0.04253698125 0 0.077909890625
2 0 0.23997865468750001 0.015142681250000001 0.2491909140625 0.0199413734375 0.23492843125 0 0.2276542484375 0 0.23997865468750001
2 0 0.27197929374999996 0.023624865624999998 0.275850065625 0.02759393125 0.2650900953125 0.006439854687500001 0.26092271093749997 0 0.2685158203125 0 0.27197929374999996
2 0 0.297795165625 0.0205708265625 0.3050109328125 0.0263104828125 0.2936246515625 0.0015476812499999998 0.28684016562500003 0 0.28973556718750004 0 0.297795165625
2 0.7317201796874999 0.6293990703125 0.6984130421875 0.62641584375 0.6923567515625 0.6877043140625 0.735673175 0.685760540625 0.7317201796874999 0.6293990703125
2 0.8919979015624999 0.626007571875 0.94900114375 0.6256064171875 0.952472653125 0.5863414140625001 0.8900761984375001 0.5838659421875 0.8919979015624999 0.626007571875