2 0.9669673781249999 0.1612542671875 0.9561893390625 0.1250637328125 0.9065878187499999 0.1565236921875 0.9191143187499999 0.1854670734375 0.9669673781249999 0.1612542671875
2 0.9756604703124999 0.20471825937500002 0.92891428125 0.22132439843750001 0.946136665625 0.2849028046875 0.9714281578125 0.26934084999999997 0.9756604703124999 0.20471825937500002
2 0.8433006234375 0.45411100624999995 0.8013483734375001 0.457781353125 0.8111748343749999 0.532019921875 0.8553743375 0.5231464156250001 0.8433006234375 0.45411100624999995
2 0.3671840546875 0.6084132171875 0.28168599375 0.591694996875 0.253623125 0.8611678250000001 0.33427721250000003 0.8691311609374999 0.3671840546875 0.6084132171875
2 0.5699518296874999 0.9494793265625001 0.5718569046875001 0.9000815640625 0.548424265625 0.898793953125 0.537748715625 0.9481246062500001 0.5699518296874999 0.9494793265625001
2 0.11568723437499999 0.9725338234375001 0.1831150359375 0.96913793125 0.180480265625 0.9009440062499999 0.118880778125 0.9013267109375 0.11568723437499999 0.9725338234375001
2 0.15975231406249998 0.759236325 0.158637978125 0.6537774546875 0.0909670703125 0.6584462546875 0.09032221406249999 0.765310671875 0.15975231406249998 0.759236325
2 0.6240582671875 0 0.6310515828125001 0.015412224999999998 0.6705815734375 0.0040267578125 0.6694460984374999 0 0.6240582671875 0
2 0.31417561875 0.09779170000000001 0.3395769890625 0.11100466718749999 0.3526300828125 0.06981025937499999 0.321860715625 0.060820275 0.31417561875 0.09779170000000001
2 0.11557679375 0.1012592359375 0.135729934375 0.029959582812500003 0.11781088125000001 0.031527296875 0.0985522578125 0.09718533124999999 0.11557679375 0.1012592359375
2 0.14452403125 0.09872668125 0.170552728125 0.031085107812500002 0.1523906703125 0.0298931875 0.1315129140625 0.09291041718750001 0.14452403125 0.09872668125
2 0.1828376734375 0.028619084375 0.159565634375 0.096019478125 0.17119595468749998 0.1019549796875 0.1962094765625 0.038575917187499996 0.1828376734375 0.028619084375
2 0.172808665625 0.56492303125 0.1432591578125 0.5605536875 0.1370815125 0.64871038125 0.1631513 0.6450383390625001 0.172808665625 0.56492303125