2 0.457012534375 0.5793035171875001 0.42369713593749997 0.572816828125 0.4241019671875 0.6086821796875 0.45204548750000006 0.6152012859375 0.457012534375 0.5793035171875001
2 0.4698522234375 0.7167752796875 0.4379243984375 0.7098374062499999 0.4258496328125 0.7736435375 0.458636596875 0.7794776671875 0.4698522234375 0.7167752796875
2 0.4471267390625 0.9287186796875 0.3914562578125 0.9192853546875 0.3799666734375 0.9888843859374999 0.4354190390625 0.9947126656249999 0.4471267390625 0.9287186796875
2 0.8093591171875 0.7452946453125 0.8044560781250001 0.7919439374999999 0.8480488656249999 0.7971227453124999 0.8529838265624999 0.7558499921874999 0.8093591171875 0.7452946453125
2 0.8032467265625 0.809130425 0.792974053125 0.8898425390625 0.8327166421875001 0.897601775 0.84205813125 0.8144037109375001 0.8032467265625 0.809130425
2 0.8453186234375 0.905792034375 0.8105160578125 0.8988505234374999 0.8017945187500001 0.9421133734374999 0.8396745734375 0.94490225625 0.8453186234375 0.905792034375
2 0.8691977984375001 0.9936317921875 0.87539989375 0.9600005296875 0.8237149890625 0.94919504375 0.81607610625 0.994559034375 0.8691977984375001 0.9936317921875
2 0.960955028125 0.16300872187499998 0.9186480843749999 0.1537874890625 0.911106215625 0.20851771718749998 0.9552593593750001 0.21972562812500002 0.960955028125 0.16300872187499998
2 0.7461296374999999 0.4729732484375 0.7840797859374999 0.4757679265625 0.7906511390625 0.4352641859375 0.751964025 0.4288083546875 0.7461296374999999 0.4729732484375
2 0.6728520265625 0.6234819046875 0.639050884375 0.6121695640625 0.635327059375 0.64759940625 0.666376171875 0.6586224953125 0.6728520265625 0.6234819046875
2 0.2529561796875 0.0572514671875 0.22032912968749999 0.0505386125 0.21520952968749998 0.0935830203125 0.24880355468749998 0.1030840984375 0.2529561796875 0.0572514671875
2 0.150966903125 0.0408618375 0.145597659375 0.0862665171875 0.178324115625 0.092691309375 0.1815813421875 0.04467499375 0.150966903125 0.0408618375
2 0.2369442484375 0.2436315859375 0.180598040625 0.235619790625 0.176688021875 0.2728211234375 0.2297194421875 0.278991971875 0.2369442484375 0.2436315859375
2 0.4242075734375 0.28988116875 0.4205458125 0.3247205125 0.43740644062499995 0.32888071874999997 0.4402609828125 0.2903759796875 0.4242075734375 0.28988116875
2 0.7638340265625 0.74498741875 0.74657874375 0.7410842453125001 0.74297904375 0.7753330921875 0.7576654296875 0.7774737140625 0.7638340265625 0.74498741875
2 0.783620209375 0.7461715 0.7798963828125001 0.7816013421875 0.795451890625 0.786818415625 0.80072909375 0.747969715625 0.783620209375 0.7461715
2 0.6206842609375001 0.8436741859374999 0.6054692796875 0.8408825562500001 0.5955988328124999 0.8893962640625 0.6090739187499999 0.8973813515625 0.6206842609375001 0.8436741859374999