2 0.24376094531249998 0.9733627531250001 0.2769114171875 0.9830113078125 0.29508825 0.9218124328125 0.2610137734375 0.9122159796875 0.24376094531249998 0.9733627531250001
2 0.44671245312499996 1 0.4513593484375 0.9872011328125 0.40316030312500006 0.97305864375 0.3975057671875 1 0.44671245312499996 1
2 0.3744442796875 0.7583523484375 0.36412824375 0.7958705921875 0.41940575312500006 0.8068618796875 0.4290480671875 0.7746819390625 0.3744442796875 0.7583523484375
2 0.43391831718749996 0.7341093265625 0.3924408765625 0.7358451296874999 0.39407532968750003 0.7497106 0.4394991140625 0.7484981984375 0.43391831718749996 0.7341093265625
2 0.397066590625 0.7091570125 0.3994615515625 0.72067181875 0.4273880296875 0.7187914656250001 0.4221743625 0.7036498718749999 0.397066590625 0.7091570125
2 0.46168328281250004 0.692554403125 0.3914275 0.6690665484375 0.3851833546875 0.6837642578125 0.45787901875000003 0.7070383046875001 0.46168328281250004 0.692554403125
2 0.11811229062499999 0.6157475031249999 0.05934936875 0.596457584375 0.0484269625 0.6322148015625 0.1094354890625 0.650731496875 0.11811229062499999 0.6157475031249999
2 0.0643279765625 0.410300875 0.031006731250000003 0.401073028125 0.015300301562499998 0.466706071875 0.049516046875000004 0.4712367921875 0.0643279765625 0.410300875
2 0 0.374463571875 0.019703871875 0.377361015625 0.0338876578125 0.3291907140625 0 0.3195253 0 0.374463571875
2 0.3409396578125 0.578067921875 0.3511314703125 0.5392770328125 0.3258101 0.522274215625 0.304431865625 0.5641402078125 0.3409396578125 0.578067921875
2 0.2829945171875 0.737143425 0.2666146734375 0.7287832015625 0.23300280624999997 0.7907440593749999 0.24777831093749997 0.8044754828125 0.2829945171875 0.737143425
2 0.607624203125 0.855603525 0.604914965625 0.88512189375 0.6318270421875 0.8930664453125001 0.636803353125 0.8637490640625 0.607624203125 0.855603525
2 0.667056884375 0.7291160421875 0.6622154796874999 0.750618415625 0.7186666140625 0.7659252234375 0.721100746875 0.74563843125 0.667056884375 0.7291160421875
2 0.25242418125 0.4659872375 0.24847534375000002 0.4791394015625 0.2841858015625 0.48892774843750003 0.287446671875 0.4765131875 0.25242418125 0.4659872375
2 0.262664421875 0.4373675375 0.2581038203125 0.45512608437499996 0.289022828125 0.46467706875000003 0.29526748281250004 0.44998083437499997 0.262664421875 0.4373675375
2 0.25276876875 0.678541234375 0.25331861875 0.6929090609374999 0.28989758125 0.6933606578125 0.2880873203125 0.680808340625 0.25276876875 0.678541234375
2 0.5644076890624999 0.3616992078125 0.5766656921875 0.32799230625 0.5425552 0.31464378593750003 0.5206993453125001 0.346008790625 0.5644076890624999 0.3616992078125
2 0.4944124625 0.3262019203125 0.52449526875 0.3342362625 0.5328165890625 0.3173690984375 0.5017064109375 0.30361545 0.4944124625 0.3262019203125
2 0.8527078296875 0.5096070296875 0.825640396875 0.5221842375 0.8435099156250001 0.5686098875 0.8730723749999999 0.5578027546875 0.8527078296875 0.5096070296875
2 0.265694740625 0.6558977375 0.26913325 0.6677076265624999 0.2860847703125 0.6676975765625001 0.285186509375 0.6523226890625 0.265694740625 0.6558977375
2 0.562641678125 0.5498862375 0.57644861875 0.5562454078125 0.591005028125 0.5118880921875 0.5768789796875 0.507342559375 0.562641678125 0.5498862375
2 0.1390085421875 0.2879742984375 0.1414462328125 0.29961320625 0.17796084375000001 0.2971471046875 0.17518506875 0.2817907328125 0.1390085421875 0.2879742984375
2 0.1603735484375 0.2643072421875 0.15952300156250002 0.275515084375 0.1764296546875 0.2744628640625 0.172180990625 0.262123846875 0.1603735484375 0.2643072421875
2 0.2370218140625 0.30817915 0.24134993749999997 0.32166079999999997 0.2551107359375 0.315124621875 0.2557588734375 0.30423600624999997 0.2370218140625 0.30817915
2 0.2355066484375 0.2873699765625 0.239740153125 0.3005768359375 0.25849288125 0.2957673265625 0.2504726640625 0.2815888015625 0.2355066484375 0.2873699765625
2 0.2183187828125 0.3158733921875 0.2172169390625 0.3309107484375 0.2374121890625 0.3293739671875 0.2372671578125 0.31436768437499996 0.2183187828125 0.3158733921875
2 0.13250449687500002 0.47151975 0.129490346875 0.43449813437499996 0.08900121093749999 0.43819230937500003 0.082587515625 0.47427763437500003 0.13250449687500002 0.47151975