2 1 0.71142874375 0.9774128171875001 0.675222534375 0.9335361484375 0.7006499109375001 0.960329740625 0.7434221625 1 0.72272615 1 0.71142874375
2 0.8908625640625001 0.7429785234375 0.9186633593750001 0.7305918796875 0.89329683125 0.675082021875 0.8567888953124999 0.6945198546875 0.8908625640625001 0.7429785234375
2 0.75340170625 0.7102052515625 0.77972241875 0.700393175 0.7680933640625 0.66592850625 0.7374876031250001 0.6780613468750001 0.75340170625 0.7102052515625
2 0.5679969859375 0.6719527750000001 0.60352980625 0.6592149671875001 0.579406753125 0.608934734375 0.5449063093750001 0.6203493640625 0.5679969859375 0.6719527750000001
2 0.856151484375 0.0850184671875 0.8504665765625001 0.0241025375 0.7970618875000001 0.02288151875 0.801062890625 0.08669929531250001 0.856151484375 0.0850184671875
2 0.6629674156250001 0.23197110781250002 0.7020907546874999 0.22896199374999998 0.69150743125 0.173730715625 0.6587415125 0.17805296875 0.6629674156250001 0.23197110781250002
2 0.3563626875 0.2690192265625 0.4093225796875 0.271489703125 0.4175012359375 0.1930158578125 0.364329946875 0.1974523140625 0.3563626875 0.2690192265625
2 0.4792268796875 0.40707646718749996 0.4943248890625 0.40821371093750003 0.488666771875 0.33413074531250003 0.473707390625 0.337763728125 0.4792268796875 0.40707646718749996
2 0.2288263375 0.2780984234375 0.2381042171875 0.2464505859375 0.20203255625 0.23532462187499997 0.19679888437499998 0.2706649296875 0.2288263375 0.2780984234375
2 0.317296653125 0.34560100781249997 0.3240829609375 0.30827700625 0.31171449375 0.30500999218749997 0.3055177015625 0.3422631828125 0.317296653125 0.34560100781249997
2 0.38663769375 0.3693902828125 0.399295790625 0.3750161453125 0.40369553593749996 0.3436665890625 0.3924519890625 0.338765928125 0.38663769375 0.3693902828125
2 0.855493425 0.381814059375 0.9478972406249999 0.36927030625 0.938417546875 0.2699351609375 0.8412898015625 0.2758788578125 0.855493425 0.381814059375
2 0.36099706249999997 0.8038503640625001 0.3935848125 0.7914741671875001 0.37499492343749996 0.7384223875 0.3412254421875 0.750046371875 0.36099706249999997 0.8038503640625001
2 0.42225468125 0.7520614109375 0.3979959921875 0.695817315625 0.3689546328125 0.7029724015625 0.389449853125 0.7626696359375 0.42225468125 0.7520614109375
2 0.387918203125 0.9548843484375 0.42013370937500005 0.944348484375 0.3963159328125 0.8901439828125 0.3658512015625 0.9067460734375 0.387918203125 0.9548843484375
2 0.2155488078125 0.8181199109374999 0.24251920937500002 0.81361194375 0.222949259375 0.7570912484375001 0.1941434921875 0.7704986015624999 0.2155488078125 0.8181199109374999
2 0.19613526875 1 0.186901153125 0.9750779984375001 0.1705433328125 0.98277104375 0.1782613515625 1 0.19613526875 1
2 0.24935603906249998 1 0.24178570625 0.983594925 0.22429918437500002 0.9917240890624999 0.22840766875 1 0.24935603906249998 1
2 0.045442835937499995 0.8904522671875 0.055428504687500005 0.9717790187500001 0.07216093125 0.9661368546875 0.0465666546875 0.891809803125 0.045442835937499995 0.8904522671875
2 0.5922324703124999 0.9911739515625 0.6452421984375001 0.9843062484375 0.6258525125000001 0.9579729718750001 0.5759936515625 0.98563039375 0.5922324703124999 0.9911739515625
2 0.9004905734375 0.5874584406250001 0.91640543125 0.58550434375 0.9066502968749999 0.5520060015625 0.8901698296875 0.55702059375 0.9004905734375 0.5874584406250001
2 0.8916267187500001 0.598118128125 0.8788157609375 0.562002378125 0.8647396859375001 0.5643289125 0.8771060374999999 0.6016956718750001 0.8916267187500001 0.598118128125