2 0.53970258125 0.20194527343750002 0.5113582375 0.18365590781250002 0.47204074531250007 0.2203743828125 0.498645646875 0.24899734062499998 0.53970258125 0.20194527343750002
2 0.5460600703125 0.0731921890625 0.540546865625 0.0389104609375 0.4853858515625 0.0468812265625 0.4985279125 0.0850475296875 0.5460600703125 0.0731921890625
2 0.3939027203125 0.2324962015625 0.357818121875 0.222705790625 0.3233616921875 0.3090286015625 0.3619691734375 0.31462329843750003 0.3939027203125 0.2324962015625
2 0.3468013046875 0.14917823125000002 0.38645036093749996 0.15136609375 0.3852557984375 0.1106437109375 0.3496243765625 0.11154516875 0.3468013046875 0.14917823125000002
2 0.1099389796875 0.3496403171875 0.0793685046875 0.3300494734375 0.059889818750000004 0.36941844375 0.0933234640625 0.3858489296875 0.1099389796875 0.3496403171875
2 0.3856569828125 0.34670056875 0.41235370624999995 0.3796993890625 0.44711743125 0.3505914390625 0.419203778125 0.3221876015625 0.3856569828125 0.34670056875
2 0.5845702359375 0.3087946171875 0.6156430937499999 0.2928384828125 0.5973122828124999 0.254948459375 0.5638920656249999 0.27701660625 0.5845702359375 0.3087946171875
2 0.534223084375 0.39181297812500004 0.5011596859375 0.41119625937500004 0.51429025625 0.44128761406250006 0.54953943125 0.417293484375 0.534223084375 0.39181297812500004
2 0.7157542984374999 0.4457604421875 0.75162666875 0.43220135156249995 0.73424844375 0.3893250875 0.6968120843750001 0.408304371875 0.7157542984374999 0.4457604421875
2 0.63876825 0.5457784609375 0.669640546875 0.523552215625 0.6519735046874999 0.49207392031249997 0.6216439765625 0.5101199515625 0.63876825 0.5457784609375
2 0.5832352796875 0.6641536875 0.5498850484375 0.6843789609375001 0.5674965828125 0.7257759890625 0.60259618125 0.7185015109374999 0.5832352796875 0.6641536875
2 0.5603076609375 0.7310286703125 0.52236923125 0.7439544687499999 0.5388288125 0.803313621875 0.578326815625 0.7917959515625 0.5603076609375 0.7310286703125
2 0.48824813593750005 0.8977468578125001 0.44684057812500005 0.91551039375 0.45728616093749996 0.9584402140625 0.5023751953125 0.9529780515624999 0.48824813593750005 0.8977468578125001
2 0.3601302859375 0.7406085671875 0.40211550625000003 0.717433725 0.3873071859375 0.6862085515625 0.344163675 0.7096501453124999 0.3601302859375 0.7406085671875
2 0.3769078953125 0.6538478328124999 0.363164721875 0.6130142328125 0.33545211406250003 0.6306185765625 0.3517308453125 0.666637825 0.3769078953125 0.6538478328124999
2 0.78579068125 0.2958083421875 0.8268806906249999 0.2773252109375 0.8050372609374999 0.24705521875 0.7707375734374999 0.2638874484375 0.78579068125 0.2958083421875
2 0.75280525 0.20625111093749998 0.7455875703125 0.187901578125 0.7084178046875 0.2100651328125 0.7146356093749999 0.2262447 0.75280525 0.20625111093749998
2 0.7398882171875 0.184605278125 0.7320292125 0.16326571406249998 0.68793770625 0.19386966562500002 0.694723315625 0.2102228296875 0.7398882171875 0.184605278125
2 0.8649564140624999 0.7369355750000001 0.807534071875 0.742041903125 0.8140890546874999 0.7794360921875 0.8707788515624999 0.7725519703125 0.8649564140624999 0.7369355750000001
2 0.9289079046875001 0.363467528125 0.91726658125 0.3384880765625 0.8842760999999999 0.3550996921875 0.8938617671875001 0.378519346875 0.9289079046875001 0.363467528125
2 0.610907003125 0.7281824968749999 0.637660253125 0.7174249625 0.6274467765625 0.6838792953125 0.596758565625 0.6949859890625001 0.610907003125 0.7281824968749999
2 0.8479307265625 0.4029713453125 0.8822962249999999 0.3790191234375 0.8686926484375 0.347230953125 0.833270334375 0.371791396875 0.8479307265625 0.4029713453125
2 0.2750383421875 0.6767197 0.23737582656249998 0.61056771875 0.189266103125 0.6380789046875 0.21757635937500003 0.6976463359375 0.2750383421875 0.6767197