2 0.1162366734375 0.68433081875 0.16901220625 0.6868620171875001 0.1748387671875 0.6346241796875 0.12233578437499999 0.628242709375 0.1162366734375 0.68433081875
2 0.2651441765625 0.691696365625 0.276302546875 0.7287316890625 0.3105515765625 0.7120594953125 0.3014613328125 0.679675246875 0.2651441765625 0.691696365625
2 0.05293895625 0.303894509375 0.0686382375 0.31152620781249996 0.091365153125 0.2667271390625 0.0724105296875 0.258512628125 0.05293895625 0.303894509375
2 0.1641500265625 0.394980678125 0.19499141250000002 0.4110909234375 0.2352137984375 0.33295545625 0.1966582015625 0.31706590156250003 0.1641500265625 0.394980678125
2 0.2359953125 0.262692134375 0.221410471875 0.3025413703125 0.26976608281250003 0.326442103125 0.28375601875 0.2823671234375 0.2359953125 0.262692134375
2 0.3068070265625 0.43458193749999996 0.283895715625 0.46714650312500006 0.33368392812500003 0.49534312812500003 0.3511667953125 0.46587974218749995 0.3068070265625 0.43458193749999996
2 0.44583833593750005 0.33290615625000003 0.466543340625 0.3669010171875 0.500999365625 0.347862859375 0.4874788953125 0.3252233234375 0.44583833593750005 0.33290615625000003
2 0.9218877984375 0.4025679359375 0.899374378125 0.370795796875 0.857293284375 0.3981071171875 0.8726859062500001 0.43342839218749996 0.9218877984375 0.4025679359375
2 0.699257871875 0.6143469046875001 0.7326335562499999 0.644086140625 0.7672060015625 0.59644930625 0.737172428125 0.57176904375 0.699257871875 0.6143469046875001
2 0.459017921875 0.49379205312499996 0.49088948906249996 0.4924083265625 0.4956178984375 0.45706092812500004 0.4623815890625 0.455345165625 0.459017921875 0.49379205312499996
2 0.91241375625 0.1633287171875 0.9687373484374999 0.139647525 0.9312099671875 0.0370677015625 0.8758592515625001 0.056423475 0.91241375625 0.1633287171875
2 0.17753651718750002 0.794593034375 0.12254364531249999 0.870543790625 0.178893809375 0.90855279375 0.239431303125 0.843519009375 0.17753651718750002 0.794593034375