2 0.023990715625 0.5590432234375 0.0139601703125 0.596887265625 0.084317284375 0.608517078125 0.09558874375000001 0.5751954734375 0.023990715625 0.5590432234375
2 0.1260571578125 0.4975580671875 0.1952267296875 0.5042563953125 0.20392245312499999 0.47241158437499997 0.13731681406250001 0.45944776875000004 0.1260571578125 0.4975580671875
2 0.5729105296875 0.9117893484374999 0.5631587328125 0.9473503453125 0.6020556859374999 0.952126290625 0.6063260640625 0.917346853125 0.5729105296875 0.9117893484374999
2 0.7334452109375 0.8515766640625 0.7841270984375 0.8577996171875 0.791954121875 0.8330297984374999 0.738987296875 0.8259280812500001 0.7334452109375 0.8515766640625
2 0.8187782671875 1 0.8290712953125 0.9692293921875 0.7883247875 0.9624647828124999 0.783763746875 0.9971754718750001 0.79984228125 1 0.8187782671875 1
2 0.5837878921875 0.5308662484375 0.5720547171875 0.5630890171875 0.5895910875 0.5664402046875 0.6000545921875 0.5348140234375001 0.5837878921875 0.5308662484375
2 0.607764065625 0.5329128375 0.5981295156249999 0.5650957562500001 0.6211975187500001 0.5721156140625 0.6268001578125 0.5410890109375 0.607764065625 0.5329128375
2 0.9075844265624999 0.9412170609375 0.9046909281250001 0.9623595249999999 0.9446202593749999 0.9684586484375 0.9473623015625 0.9490497109374999 0.9075844265624999 0.9412170609375
2 0.92411876875 0.97465319375 0.9214709953125 0.9913455593749999 0.9362764625000001 0.9925652328125001 0.943598634375 0.979702328125 0.92411876875 0.97465319375
2 0.44312231718749995 0.9505642921874999 0.46068866875000003 0.93417039375 0.44607977187500003 0.9216057375 0.43374498125 0.9392401984375001 0.44312231718749995 0.9505642921874999
2 0.47180360312499997 0.89723874375 0.46338772500000003 0.8902642437500001 0.44626589843750003 0.9054738 0.45748356875 0.9164256484375001 0.47180360312499997 0.89723874375
2 0.5272838640625 0.80591783125 0.5288933296875 0.78793776875 0.4948298203125 0.7827855671874999 0.4961117828125 0.7967049265624999 0.5272838640625 0.80591783125
2 0.6323325734374999 0.57886828125 0.6594399390625 0.5821966468750001 0.67187979375 0.5442312578124999 0.6438197531250001 0.5437769625 0.6323325734374999 0.57886828125