2 0.87270641875 0.047466684375 0.8669073953125 0.0596932109375 0.8820414453125001 0.06638143125 0.8879384124999999 0.0496074015625 0.87270641875 0.047466684375
2 0.90232285 0.051629003124999996 0.8965703218750001 0.0676525421875 0.9104065312499999 0.06886305468750001 0.914546753125 0.0533469609375 0.90232285 0.051629003124999996
2 0.7572009078125 0.186584834375 0.8251482937500001 0.20623630468749998 0.84539331875 0.1245665609375 0.771537528125 0.1043950328125 0.7572009078125 0.186584834375
2 0.8013787656250001 0.037442237499999996 0.7992176468750001 0.047512937500000005 0.81653105 0.0529017796875 0.8196820640625001 0.0400145984375 0.8013787656250001 0.037442237499999996
2 1 0.2581615578125 0.9858826078125 0.25427333281250003 0.9754288359375 0.29209991875 1 0.3004184515625 1 0.2581615578125
2 0.9138829234375001 0.30817199687499996 0.926442359375 0.2735097234375 0.87167295 0.2597777515625 0.861062378125 0.299378671875 0.9138829234375001 0.30817199687499996
2 0.7159456296875 0.5084028765624999 0.7298169031249999 0.5131925640625 0.7423545625 0.462733909375 0.7302867734375 0.46018806874999996 0.7159456296875 0.5084028765624999
2 0.6946944578124999 0.5130998390625 0.7109504421875 0.44299832187500005 0.6961254359375 0.4422973203125 0.6820046093750001 0.5084135125 0.6946944578124999 0.5130998390625
2 0.598206609375 0.778828109375 0.6539520015625 0.7950295406250001 0.6639581437500001 0.74643546875 0.612909996875 0.726472865625 0.598206609375 0.778828109375
2 0.11594902968750001 0.4720024625 0.1759766375 0.5004989 0.19839611875000002 0.45448089999999997 0.128463953125 0.42422389843749997 0.11594902968750001 0.4720024625
2 0.19591164218749998 0.9260149421874999 0.2322584625 0.939327184375 0.258002871875 0.8754199593750001 0.2236226078125 0.8610893015625001 0.19591164218749998 0.9260149421874999
2 0.11191058125 0.6474744640625001 0.1314317921875 0.655738546875 0.1484346140625 0.6172944609375 0.124677009375 0.6104462265625 0.11191058125 0.6474744640625001
2 0.031433159375000005 0.8663275703125001 0.05357751875 0.8718410609375 0.0615260296875 0.8349873296875 0.0342794765625 0.8337940312500001 0.031433159375000005 0.8663275703125001
2 0.7557050953125 0.952341840625 0.7890235750000001 0.9594289546875 0.8076417875 0.9208250515625 0.75958625 0.9079800453125 0.7557050953125 0.952341840625
2 0.0109666359375 0.387004925 0.022034726562500002 0.395243953125 0.0364188234375 0.3601452984375 0.016097532812500003 0.3504966921875 0.0109666359375 0.387004925