2 0.3162466234375 0.8680183703125 0.28110900625 0.8696685125 0.27289525000000003 0.9405057203125 0.31203807031249997 0.9412949749999999 0.3162466234375 0.8680183703125
2 0.4390122734375 0.8598111640624999 0.44490965468750004 0.792212403125 0.411901590625 0.7917936484375 0.3992747203125 0.86013001875 0.4390122734375 0.8598111640624999
2 0.12812789062500002 0.28275644375 0.093518675 0.2772748828125 0.087388153125 0.3159814640625 0.1242595375 0.316409375 0.12812789062500002 0.28275644375
2 0.252571646875 0.18043271249999998 0.2603446734375 0.1275602328125 0.23437697656249998 0.1282565625 0.22638904062499998 0.1786904 0.252571646875 0.18043271249999998
2 0.1396521 0.054339220312500006 0.10392650156250001 0.0558962375 0.10030015156250001 0.090188646875 0.1349234015625 0.0953718578125 0.1396521 0.054339220312500006
2 0.4941133953125 0.3942253078125 0.460828228125 0.3955661171875 0.459215915625 0.41334686875 0.4934245328125 0.4109500171875 0.4941133953125 0.3942253078125
2 0.4954535671875 0.3667861984375 0.4640845859375 0.3636197109375 0.464474103125 0.387729034375 0.4980659515625 0.3873385234375 0.4954535671875 0.3667861984375
2 0.0595128625 0.44261740468750005 0.079864125 0.43562115781250005 0.071812959375 0.41811489843749994 0.051212190625 0.4304819875 0.0595128625 0.44261740468750005
2 0.0879868578125 0.4260869515625 0.09542244062500001 0.43988880625000004 0.114762221875 0.4276225734375 0.11037763125 0.417610278125 0.0879868578125 0.4260869515625
2 0.21371718281250002 0.42195463125000005 0.2267439703125 0.42702362968749996 0.23118053437500002 0.39285954375 0.21345335781250002 0.3894506828125 0.21371718281250002 0.42195463125000005
2 0.497560978125 0.3496850125 0.5048586765625 0.3225867515625 0.4649351140625 0.324080025 0.46066274218750003 0.35105472031249996 0.497560978125 0.3496850125