2 0.45846887968749994 0.6367240171875 0.4564081921875 0.5887816921875 0.3839148234375 0.5799104625 0.385017609375 0.632268253125 0.45846887968749994 0.6367240171875
2 0.45687049531249996 0.4853605296875 0.4602310453125 0.4466375421875 0.35522730625 0.441669421875 0.36018025625 0.4780330828125 0.45687049531249996 0.4853605296875
2 0.474066059375 0.4089012515625 0.467744596875 0.373268390625 0.43115587031249997 0.3779642515625 0.43776217500000003 0.4103948625 0.474066059375 0.4089012515625
2 0.5308903109374999 0.40873212812500004 0.5310764203125 0.3754603203125 0.502907703125 0.373685365625 0.5048337093749999 0.410043684375 0.5308903109374999 0.40873212812500004
2 0.794559128125 0.5049234265625 0.7850971703125 0.4686928828125 0.7280296578125001 0.4707222890625 0.736738715625 0.51085888125 0.794559128125 0.5049234265625
2 0.33126524687500003 0.5828941078125001 0.3305174796875 0.529259175 0.29230990156250003 0.5318502546875 0.29390151875 0.5851588015625 0.33126524687500003 0.5828941078125001
2 0.11626191718750001 0.5503599953125 0.12035254375 0.506057696875 0.081465803125 0.505154796875 0.0810156265625 0.5495150953125 0.11626191718750001 0.5503599953125
2 0.2284322125 0.710443390625 0.2373491875 0.656741228125 0.191842478125 0.6528990375 0.1825019859375 0.7028665203125 0.2284322125 0.710443390625
2 0.27983131562499997 0.7850520624999999 0.278743671875 0.72966860625 0.237560109375 0.723173084375 0.23393475625 0.780768334375 0.27983131562499997 0.7850520624999999
2 0.21314886406250003 0.8403128453125 0.2247383171875 0.787904203125 0.1585432078125 0.777205446875 0.1505050828125 0.8323253390625001 0.21314886406250003 0.8403128453125
2 0.088255934375 0.8108092890625 0.05218461875 0.816611115625 0.05853766406250001 0.8492946984374999 0.094352346875 0.8452761671875001 0.088255934375 0.8108092890625
2 0.43995547031250004 0.7406328265625 0.44723199375 0.7096087765625 0.391154496875 0.701172621875 0.38858764843750004 0.7362076531249999 0.43995547031250004 0.7406328265625
2 0.3343406890625 0.657830959375 0.33683965625 0.6271307109375 0.294586134375 0.6244659796875001 0.29524000156249997 0.6573914624999999 0.3343406890625 0.657830959375
2 0.535090565625 0.8442033906249999 0.5437645765625 0.79236304375 0.4946018296875 0.7759356734375 0.48358262031250004 0.832825653125 0.535090565625 0.8442033906249999
2 0.4822613359375 0.85870161875 0.47438376250000003 0.8928652250000001 0.5134304328125 0.9070296984375 0.52414133125 0.8656682218749999 0.4822613359375 0.85870161875
2 0.719701065625 0.9599929265625 0.731285296875 0.9293396765624999 0.6724744828125 0.90995356875 0.6626653499999999 0.9466271624999999 0.719701065625 0.9599929265625