2 0.220897490625 0.1737152125 0.21617545 0.22563819999999998 0.261418121875 0.22822020156249997 0.267308125 0.175717034375 0.220897490625 0.1737152125
2 0.27080629218749996 0.173812540625 0.2654604765625 0.20787298125000003 0.32684890625 0.2134542671875 0.3340386671875 0.1811133359375 0.27080629218749996 0.173812540625
2 0.199480615625 0.037321459375 0.19684828125 0.063482678125 0.26230754375 0.06654536093749999 0.2654781578125 0.028046109375 0.199480615625 0.037321459375
2 0.134633915625 0.1363733296875 0.1934845828125 0.13729034375 0.1950834640625 0.09801061562499999 0.1381181859375 0.0999998859375 0.134633915625 0.1363733296875
2 0.11955332656249999 0.45305505 0.20703017343750002 0.4571327625 0.21753519843750002 0.38366826249999997 0.125311353125 0.3797594484375 0.11955332656249999 0.45305505
2 0.493715853125 0.4833716859375 0.5680344953125 0.4849367671875 0.5689363796875 0.44271081875 0.4928790703125 0.44239624062500005 0.493715853125 0.4833716859375
2 0.063701728125 0.8442566140625001 0.0602190171875 0.8806300046875 0.17842923593749999 0.8800682484375001 0.1766128921875 0.8450681281250001 0.063701728125 0.8442566140625001
2 0.29775284687500003 0.9454609375 0.2984227640625 0.9816580453125001 0.40764765625 0.97903205 0.407144090625 0.9475538859375 0.29775284687500003 0.9454609375
2 0.5734023546875 0.77475723125 0.5671883421875 0.8349951687500001 0.6295148359375 0.833412790625 0.63163885625 0.775100015625 0.5734023546875 0.77475723125
2 0.751344625 0.3325355609375 0.748864303125 0.40612007187500004 0.7988747468749999 0.409128128125 0.80084434375 0.3294249 0.751344625 0.3325355609375
2 0.6740606953125 0.5097594390625 0.678754715625 0.440065665625 0.643827690625 0.44366179062500005 0.6388642359375 0.5056399578125 0.6740606953125 0.5097594390625
2 0.6497660734374999 0.3584729625 0.6003681765625 0.356037628125 0.5923832640625 0.4335713421875 0.6388955968750001 0.43848545312500004 0.6497660734374999 0.3584729625
2 0.4616497796875 0.43278964843749995 0.510411228125 0.43405742187499996 0.5190118140625 0.35709631875 0.4680218640625 0.3600651515625 0.4616497796875 0.43278964843749995
2 0.3389642734375 0.49234039999999996 0.404920165625 0.4925668359375 0.40486335156250003 0.42288730937499996 0.34285924843750004 0.41673340937500003 0.3389642734375 0.49234039999999996
2 0.0204043140625 0.582636425 0.016200640625000002 0.6502369515625 0.021763262499999998 0.6898170671875 0.062487084375 0.6903818312500001 0.0663251609375 0.5791191687499999 0.0204043140625 0.582636425
2 0.66954758125 0.8228623671875 0.668452853125 0.8766239468749999 0.70536881875 0.8788994828125001 0.706835725 0.8188273203125 0.66954758125 0.8228623671875
2 0.645167165625 0.8732767546875 0.6494798078125 0.83514989375 0.57205983125 0.8383912875 0.578519565625 0.87025556875 0.645167165625 0.8732767546875
2 0.7313588328125 0.602367740625 0.7281905046875 0.6647569453125 0.76616735625 0.6634307625 0.7676342609375 0.6033586 0.7313588328125 0.602367740625
2 0.1100510921875 0.4957345484375 0.11378076875000001 0.542992546875 0.165386390625 0.5405963265625 0.1680062765625 0.49652805000000005 0.1100510921875 0.4957345484375