2 0.1859206234375 0.7901472203125001 0.1937490953125 0.8487234359375 0.2298231265625 0.837597928125 0.2210353859375 0.7896953734375 0.1859206234375 0.7901472203125001
2 0.4922641859375 0.25739673750000003 0.5088622359375 0.3166864328125 0.5404715296875 0.3152869203125 0.5270245 0.26451541875 0.4922641859375 0.25739673750000003
2 0.514745515625 0.33589317812499997 0.525159740625 0.389250640625 0.5548822343750001 0.3797338515625 0.544579225 0.3260597796875 0.514745515625 0.33589317812499997
2 0.5676635921875001 0.561962315625 0.5753172859375 0.60733930625 0.6253302046875 0.5970134328125 0.6176279171875 0.55975968125 0.5676635921875001 0.561962315625
2 0.5745908046875 0.6853050281249999 0.5806332578125 0.72432455 0.6280233109375 0.7126106453125 0.617670559375 0.6775801359375 0.5745908046875 0.6853050281249999
2 0.5890580046875 0.7425276140625 0.592878265625 0.778893340625 0.640084096875 0.7660063109374999 0.6341395875 0.728474153125 0.5890580046875 0.7425276140625
2 0.5930125312500001 0.778872075 0.6056751171875 0.8255597640625 0.6543587765625001 0.810636796875 0.644435596875 0.7707274609375 0.5930125312500001 0.778872075
2 0.6360750171875 0.305857334375 0.6410623125 0.3588704546875 0.6763076390625 0.35388929375 0.6647401656249999 0.2998127609375 0.6360750171875 0.305857334375
2 0.6798944328125 0.2703607578125 0.695339803125 0.265509846875 0.6872313875 0.2181008484375 0.6658609609374999 0.21968213906249998 0.6798944328125 0.2703607578125
2 0.70339843125 0.2248580859375 0.713624490625 0.25960808125 0.7275922765625 0.2567946484375 0.7231630375 0.225034009375 0.70339843125 0.2248580859375
2 0.7480240375 0.2222987171875 0.75615743125 0.27030490937499996 0.772775684375 0.26526823125 0.765066396875 0.2165937171875 0.7480240375 0.2222987171875
2 0.8988177374999999 0.12447216406249999 0.9091124484374999 0.166727259375 0.9502964671875 0.1547939921875 0.941614028125 0.114088575 0.8988177374999999 0.12447216406249999
2 0.34995521093750004 0.469901615625 0.2775280140625 0.4903902234375 0.29650527968749996 0.6064124515625 0.37032572343750003 0.5947204421875 0.34995521093750004 0.469901615625