2 0.0242539796875 0.3611202578125 0.0309480296875 0.3996945125 0.10368136718750001 0.3898439046875 0.09535696875 0.3556667265625 0.0242539796875 0.3611202578125
2 0.1967574515625 0.46919706093749997 0.1272672953125 0.469841375 0.135162571875 0.5087879953125001 0.2026446265625 0.5016785765625 0.1967574515625 0.46919706093749997
2 0.6019075468749999 0.059856603125 0.6085228890625001 0.0961322046875 0.6422956359375 0.09350820625 0.6410727359374999 0.058488925000000004 0.6019075468749999 0.059856603125
2 0.8142302015625 0.168325228125 0.7631988062499999 0.1701072828125 0.76648438125 0.19614128749999998 0.81986860625 0.193682959375 0.8142302015625 0.168325228125
2 0.8260156375 0.029448071875 0.8275340859375 0.06442419687499999 0.8687151156249999 0.061236618750000006 0.8603699390624999 0.02646449375 0.8260156375 0.029448071875
2 0.577279096875 0.4434310375 0.5861592250000001 0.476553803125 0.6027080953125 0.47403878749999995 0.5950408109375 0.44162099687499995 0.577279096875 0.4434310375
2 0.603429571875 0.4437045046875 0.610222534375 0.47660466250000005 0.6298987890625 0.47011870624999996 0.627021615625 0.43872186874999997 0.603429571875 0.4437045046875
2 0.49867870312499996 0.06405554687500001 0.48260802187499996 0.0461930234375 0.47227940625000003 0.0566567375 0.4830303171875 0.0752991421875 0.49867870312499996 0.06405554687500001
2 0.49754081718750004 0.10802985937500001 0.5065325359374999 0.10181539218749999 0.49393924218749996 0.0814534234375 0.48180974218749995 0.09138591406249999 0.49754081718750004 0.10802985937500001
2 0.5538788125 0.21567614218750003 0.5538425375 0.1976242234375 0.5219861171875 0.2040852453125 0.5194958796875 0.21783990625 0.5538788125 0.21567614218750003
2 0.6659971328125 0.4320122421875 0.6387028328125 0.43296537968750004 0.647087890625 0.46892433906250003 0.6750807484375 0.470917365625 0.6659971328125 0.4320122421875