2 0.7972327781249999 0.8045548437500001 0.79129708125 0.763304353125 0.776486371875 0.7643400171875 0.7794270437499999 0.806393578125 0.7972327781249999 0.8045548437500001
2 0.7546477375 0.767057521875 0.7346828624999999 0.7625016046875001 0.73807913125 0.8110705046875 0.75826365625 0.8102558296875 0.7546477375 0.767057521875
2 0.27759434375 0.0665301984375 0.3626729609375 0.054628924999999995 0.358771775 0.009904609375 0.2687829484375 0.0171495625 0.27759434375 0.0665301984375
2 0.24302834999999998 0.091564884375 0.27829290156250003 0.086420546875 0.2676811765625 0.0184170046875 0.23316754843749998 0.018687712500000002 0.24302834999999998 0.091564884375
2 0.217486596875 0.0978165015625 0.21006302968749999 0.020303339062500002 0.16325857187499998 0.023576225 0.17628642187500002 0.099207934375 0.217486596875 0.0978165015625
2 0.081818621875 0.08498176874999999 0.17103290625 0.07517209999999999 0.1674295484375 0.023641682812500002 0.0767573 0.0296249828125 0.081818621875 0.08498176874999999
2 0.0427891484375 0.160575984375 0.0621113140625 0.1607598234375 0.0542915578125 0.1000026125 0.051305106249999996 0.0999818 0.0427891484375 0.160575984375
2 0.7616898421875 0.67192674375 0.7778298859375 0.6675245234375 0.74928598125 0.56268213125 0.737935475 0.5706197984375 0.7616898421875 0.67192674375
2 0.7645058687499999 0.5163826625 0.776917078125 0.514026784375 0.7723708234375 0.4075063109375 0.757808621875 0.4120957984375 0.7645058687499999 0.5163826625
2 0.7275584828125 0.464803084375 0.731161840625 0.516333503125 0.7466476890625 0.5164410265625 0.7438038640625 0.4672382953125 0.7275584828125 0.464803084375
2 0.6994560562500001 0.023117934375 0.6988805609375001 0.037666196875 0.7207034015625 0.042092195312500004 0.7197298984375 0.0259672375 0.6994560562500001 0.023117934375