2 0.5218304765624999 1 0.5575307734375 0.996876628125 0.5907292171875 0.9885322484374999 0.5914973734375 0.9750114546875001 0.501032103125 0.9863476500000001 0.50289510625 1 0.5218304765624999 1
2 0.6004614796875 0.763019875 0.597650209375 0.7326516890625 0.5397585484375 0.7315994234375001 0.534993696875 0.7648702640625 0.6004614796875 0.763019875
2 0.34518027500000004 0.473009971875 0.34433588125000003 0.4033619921875 0.305810221875 0.4020271328125 0.30585968124999996 0.47651010625 0.34518027500000004 0.473009971875
2 0 0.45864315156249996 0.0190039734375 0.45490520625 0.017069365625 0.42010157656249997 0 0.42278209375 0 0.45864315156249996
2 0.075807659375 0.46226206875000003 0.106712190625 0.456300125 0.10131975156249999 0.405228678125 0.0694935109375 0.4039985328125 0.075807659375 0.46226206875000003
2 0.20387265000000002 0.536441228125 0.24241392031250003 0.5264263890625 0.233692828125 0.49110844687500005 0.19385521249999998 0.49788773593749996 0.20387265000000002 0.536441228125
2 0.19704056875 0.27012485937499997 0.20265684843749998 0.31082628125 0.2417792140625 0.300689521875 0.23531361562500003 0.2631318171875 0.19704056875 0.27012485937499997
2 0.1907754890625 0.272063559375 0.18373702812499998 0.2389502046875 0.15280159843750002 0.2433388828125 0.1413728140625 0.2795277484375 0.1907754890625 0.272063559375
2 0.054831700000000004 0.326460309375 0.130617678125 0.314602203125 0.12893896093749999 0.300992896875 0.048259885937500004 0.31267703281250003 0.054831700000000004 0.326460309375
2 0 0.33320517656250004 0.025509584374999998 0.32844381562499997 0.019818925 0.311666596875 0 0.31563467031250003 0 0.33320517656250004
2 0.0430864546875 0.1255509953125 0.10400423750000001 0.1265686515625 0.10360280156249999 0.08899031406249999 0.041768760937499996 0.09364971562499999 0.0430864546875 0.1255509953125
2 0.1532872296875 0.0899836109375 0.1572548203125 0.062957171875 0.117181334375 0.071475053125 0.12282460312500001 0.0894572046875 0.1532872296875 0.0899836109375
2 0.40046548125000003 0.027728818750000002 0.3944799953125 0.062396467187500006 0.438998890625 0.0747926046875 0.445158025 0.035230331250000003 0.40046548125000003 0.027728818750000002
2 0.5114084046875 0.07275900625000001 0.5056062031249999 0.12256785625 0.5376098796875 0.1303368140625 0.54682348125 0.073731103125 0.5114084046875 0.07275900625000001
2 0.48354197499999996 0.1758317109375 0.4787545015625 0.2132797890625 0.513080075 0.22055680937500002 0.5142226640625001 0.180239790625 0.48354197499999996 0.1758317109375
2 0.615508459375 0.19696393750000002 0.6247317031249999 0.160394053125 0.5778755078125 0.1484324265625 0.57239648125 0.1854827828125 0.615508459375 0.19696393750000002
2 0.664214409375 0.3918380578125 0.6637016578125 0.3494448328125 0.617666909375 0.34848725625 0.6192232468750001 0.3886507203125 0.664214409375 0.3918380578125
2 0.6701054140625 0.1568213171875 0.706049540625 0.1631456921875 0.7179840515625 0.09078306875 0.677023059375 0.08370242343749999 0.6701054140625 0.1568213171875
2 0.08688323437499999 0.251644325 0.0966166671875 0.286005890625 0.126606540625 0.2814523890625 0.119642396875 0.24583288125 0.08688323437499999 0.251644325
2 0.47518762968750006 0.861903171875 0.5460072609375 0.8438149203125 0.54188199375 0.830118628125 0.47057010000000005 0.8458834515625 0.47518762968750006 0.861903171875
2 0.8285908781250001 0.8396096515625 0.829459428125 0.8151380546875 0.8118759375 0.8152318562499999 0.8078569437500001 0.8391606671874999 0.8285908781250001 0.8396096515625
2 0.8073951984375001 0.8684019093750001 0.8295014421875001 0.8667397546875 0.8283454000000001 0.842738434375 0.8109207296875001 0.842151528125 0.8073951984375001 0.8684019093750001
2 0.894475796875 0.249995675 0.802100178125 0.238057965625 0.7963139515625001 0.2508243421875 0.8861073671874999 0.2705966890625 0.894475796875 0.249995675
2 0.23505790937499998 0.640319628125 0.231554296875 0.6009901906249999 0.190614825 0.60544144375 0.19748116875 0.6434490953124999 0.23505790937499998 0.640319628125
2 0.43027683124999994 0.6534702671875 0.4277626546875 0.618788234375 0.3954549328125 0.6224398718749999 0.399424028125 0.6539564890625 0.43027683124999994 0.6534702671875
2 0.13626475 1 0.12529883749999998 0.9435601046875 0.0851382125 0.9488122406249999 0.09793626875 1 0.13626475 1
2 0.7040833734375 0.17388605937499998 0.6989527 0.1925848359375 0.7694402265625 0.20149946093749999 0.7735254031250001 0.18644935 0.7040833734375 0.17388605937499998
2 0.677120821875 0.1784030953125 0.6937026703125 0.182164290625 0.6993304218749999 0.16723197031249998 0.6809159734375 0.1648443125 0.677120821875 0.1784030953125
2 0.877655940625 0.6020947421875 0.8785107562500001 0.5861258703125001 0.8629164875 0.587010878125 0.8587903375 0.60044034375 0.877655940625 0.6020947421875
2 0.8638382234374999 0.634176484375 0.8818422515625001 0.630349609375 0.8805828703125 0.6130090796875 0.8608365156250001 0.6172062953124999 0.8638382234374999 0.634176484375
2 0.463595965625 0.279041921875 0.46091070624999997 0.22071629062499998 0.4197617734375 0.21846302031249998 0.41906366093749997 0.2751500375 0.463595965625 0.279041921875