2 0.89447694375 0.7989588203125 0.8023208546875 0.8140482765625 0.8155825953125 0.870565190625 0.8988570171875001 0.85638 0.89447694375 0.7989588203125
2 0.84078181875 0.6904353921874999 0.8545726171875 0.7366275546875001 0.8913978578125 0.7278432703125 0.8875973859374999 0.6870197874999999 0.84078181875 0.6904353921874999
2 0.999589328125 0.5265244703125 0.9484951609375001 0.542445475 0.9603708046874999 0.5762828859375 0.9962434312499999 0.56476825625 0.999589328125 0.5265244703125
2 0.6865121015625 0.3729399828125 0.694296009375 0.43426193281250003 0.7614655031249999 0.42670846406249996 0.7528887578125001 0.368247175 0.6865121015625 0.3729399828125
2 0.804078678125 0.302952146875 0.7650806609374999 0.3090621921875 0.774630190625 0.344341034375 0.8083291031250001 0.339602696875 0.804078678125 0.302952146875
2 0.3470906671875 0.33374768125 0.36129015 0.39159830625000003 0.41584264062500004 0.38001708437500004 0.4014562890625 0.3253217796875 0.3470906671875 0.33374768125
2 0.063338221875 0.06825595625 0.06949864375 0.1000556453125 0.1192494421875 0.08707708750000001 0.11027101718750001 0.051184189062499996 0.063338221875 0.06825595625
2 0.42942796875000006 0.22462955468749998 0.43523159062500005 0.2377052890625 0.5120124406250001 0.22471307343750002 0.50783111875 0.20705449374999998 0.42942796875000006 0.22462955468749998
2 0.43757658906249997 0.185765246875 0.4367206203125 0.203831125 0.4752706015625 0.1933528046875 0.46943322812500005 0.179310471875 0.43757658906249997 0.185765246875
2 0.841102771875 0.12122431874999999 0.84955659375 0.159152390625 0.8855188328124999 0.1511299390625 0.8758642406250001 0.1128873328125 0.841102771875 0.12122431874999999
2 0.14253002812499999 0.22633850312499998 0.1509935 0.264542965625 0.1995092328125 0.258774403125 0.19114491875 0.223454171875 0.14253002812499999 0.22633850312499998
2 0.17517406875 0.4465896625 0.1173723375 0.4586971015625 0.12585388125000002 0.4803611734375 0.1830813296875 0.4688663359375 0.17517406875 0.4465896625