2 0.5991497625 0.8323514609375 0.6402989578125 0.8385370562500001 0.648125071875 0.7831995828125 0.5993199234375 0.778551728125 0.5991497625 0.8323514609375
2 0.49445415 0.259757559375 0.462406596875 0.2565524625 0.4536751703125 0.3552640984375 0.491825646875 0.3542101265625 0.49445415 0.259757559375
2 0.5295307375 0.262946578125 0.525957378125 0.3124556203125 0.5570834484375 0.3172977828125 0.5647221515624999 0.26555305625000003 0.5295307375 0.262946578125
2 0.3991430828125 0.040414845312499996 0.36733665625 0.039072796874999996 0.3619129890625 0.11786046406249999 0.39609098125000003 0.1214796765625 0.3991430828125 0.040414845312499996
2 0.3165903234375 0.0884836953125 0.2558938109375 0.086363296875 0.243454040625 0.1764908875 0.3087307921875 0.1849453609375 0.3165903234375 0.0884836953125
2 0.2193835640625 0.012731490625 0.1395619859375 0.0062886921875 0.13037747500000002 0.06741075156250001 0.21064621875 0.076359921875 0.2193835640625 0.012731490625
2 0.9398792234375 0.1564108375 0.9291420531249999 0.15250915468749998 0.9256429015625001 0.19568315 0.9391545609374999 0.1943763484375 0.9398792234375 0.1564108375
2 0.955699540625 0.1528325015625 0.953565934375 0.1887111453125 0.9694220734375 0.19118840312500002 0.9689795203125 0.1529960078125 0.955699540625 0.1528325015625
2 0.9829559328125 0.1526884328125 0.9798014546875 0.1938108125 0.9940047515625 0.192336021875 0.9983576640624999 0.157495221875 0.9829559328125 0.1526884328125
2 0.836829021875 0.0982735359375 0.8016227656250001 0.092639859375 0.800036709375 0.1277160484375 0.8343227828125 0.1298457046875 0.836829021875 0.0982735359375
2 0.6902316296875 0.170790015625 0.6945325328124999 0.10509109375 0.6741414890625 0.10324449531249999 0.669615546875 0.1710182890625 0.6902316296875 0.170790015625
2 0.6672548296875 0.024422909375 0.5937969062499999 0.0101441359375 0.5922004859375 0.03469369375 0.668096075 0.041885515625 0.6672548296875 0.024422909375
2 0.7961298171875 0.067982478125 0.7960995328125 0.0494677828125 0.7533512015625 0.0411583484375 0.7585116578125 0.0685334703125 0.7961298171875 0.067982478125
2 0.42015909999999995 0.5828328234375 0.3887259046875 0.5857941828125 0.3902834890625 0.6160392578125 0.42612035937500004 0.6081845046875001 0.42015909999999995 0.5828328234375
2 0.33318081718750003 0.5883058890624999 0.3644506515625 0.576841509375 0.3531752453125 0.5383596015625 0.3141963359375 0.5459028546875 0.33318081718750003 0.5883058890624999
2 0.2793987578125 0.7218091203125 0.2591243875 0.7202876328125 0.2609995765625 0.772367921875 0.28165534375 0.7724513875000001 0.2793987578125 0.7218091203125