2 0.06882031250000001 0.3909859375 0.106784375 0.382675 0.09729375 0.3043 0.0563359375 0.3099390625 0.06882031250000001 0.3909859375
2 0.10856406249999999 0.2989546875 0.1394078125 0.2971734375 0.138815625 0.2348296875 0.1008125 0.2386890625 0.10856406249999999 0.2989546875
2 0.0071312500000000004 0.45214375 0.06466875 0.44382968749999996 0.05814375000000001 0.38564375 0 0.3972203125 0.0071312500000000004 0.45214375
2 0.0112828125 0.52695625 0.0504328125 0.51805 0.0445 0.47708125 0.005634375 0.480940625 0.0112828125 0.52695625
2 0.0272984375 0.5697062500000001 0.06348125 0.56733125 0.05932968749999999 0.52339375 0.022534375000000002 0.527253125 0.0272984375 0.5697062500000001
2 0.2764328125 0.5186437500000001 0.3090578125 0.51389375 0.3043109375 0.43195625 0.261815625 0.438190625 0.2764328125 0.5186437500000001
2 0.2663484375 0.7413015625 0.33278281249999997 0.7323953125 0.32566562499999996 0.6866765625 0.2582578125 0.6982546875 0.2663484375 0.7413015625
2 0.3915078125 0.9574281250000001 0.4437078125 0.9550531250000001 0.4377765625 0.8808343750000001 0.388128125 0.8835046875 0.3915078125 0.9574281250000001
2 0.3363421875 0.24967343749999998 0.3754921875 0.2413609375 0.3695609375 0.1843609375 0.32853125 0.1888140625 0.3363421875 0.24967343749999998
2 0.1696609375 0.1897046875 0.209403125 0.1855484375 0.20347187500000002 0.137453125 0.16307812500000002 0.14606406249999998 0.1696609375 0.1897046875
2 0.2503328125 0.2757984375 0.274059375 0.2674859375 0.2687203125 0.2265171875 0.24936250000000001 0.2315640625 0.2503328125 0.2757984375
2 0.22008125 0.4034546875 0.2983796875 0.39158125 0.2918546875 0.3339859375 0.2137828125 0.3491265625 0.22008125 0.4034546875
2 0.5724265625 0.19267343750000002 0.6080171875 0.1867359375 0.5979328125000001 0.0929234375 0.564253125 0.09975 0.5724265625 0.19267343750000002
2 0.5753921875 0.3411109375 0.6507265624999999 0.3310171875 0.6436078125 0.2728296875 0.5713703125 0.2867828125 0.5753921875 0.3411109375
2 0.9051984375 0.48301875 0.9372296875 0.48064375000000004 0.9324843749999999 0.4456125 0.8960453125000001 0.454221875 0.9051984375 0.48301875
2 0.9668875 0.9212093749999999 0.9987546875 0.896865625 0.9775656250000001 0.8648015625 0.9458578125000001 0.887959375 0.9668875 0.9212093749999999
2 0.9639234374999999 0.9841468750000001 0.9935812500000001 0.9669281249999999 0.9793453124999999 0.9336781249999999 0.9503046875000001 0.9503031249999999 0.9639234374999999 0.9841468750000001
2 0.8363890625 0.8036453124999999 0.8470671875000001 0.8368953125 0.873759375 0.8303640624999999 0.8607093750000001 0.7929578125 0.8363890625 0.8036453124999999
2 0.6750453125 0.830959375 0.7076703125 0.8357078124999999 0.6999593749999999 0.7614890625 0.6692171874999999 0.7641609375 0.6750453125 0.830959375
2 0.6412359375000001 0.9983968750000001 0.6756390624999999 0.9936468749999999 0.6685203125 0.9408031250000001 0.6354140625 0.9440687499999999 0.6412359375000001 0.9983968750000001
2 0.9987546875 0.4836125 0.9987546875 0.3328 0.932515625 0.3437828125 0.9467203124999999 0.4907375 0.9987546875 0.4836125
2 0.6880953125 0.069765625 0.7260578125 0.062640625 0.7171624999999999 0.008015625 0.679890625 0.014249999999999999 0.6880953125 0.069765625
2 0.05280625 0.7911765625 0.06882031250000001 0.7870203124999999 0.06466875 0.7110203125 0.04833125 0.7133953125 0.05280625 0.7911765625