2 1 0.6111104843749999 0.9882062203125 0.5745959484375 0.9325430890625 0.58462238125 0.9564408546875001 0.6302257671875 1 0.6190446578125 1 0.6111104843749999
2 1 0.48593442031249995 0.9939573546875 0.44754567187500005 0.939380740625 0.4622293578125 0.951625278125 0.5162453609375001 1 0.51076214375 1 0.48593442031249995
2 0.608493534375 0.3359669984375 0.6544931921875 0.31920282499999997 0.643319878125 0.28389923437500003 0.5970037296874999 0.2948270140625 0.608493534375 0.3359669984375
2 0.47502179062499994 0.2987019515625 0.5717113 0.2813815125 0.5647806046875 0.24385665156249997 0.46853509843749996 0.2653865546875 0.47502179062499994 0.2987019515625
2 0.3222459625 0.038008896874999996 0.3105026234375 0.0171628375 0.2523401875 0.02327595625 0.2759952859375 0.06374533125000001 0.3222459625 0.038008896874999996
2 0.4093267296875 0.6449815375 0.398678440625 0.594807225 0.3461536609375 0.6062917234375 0.356425365625 0.6557232046875 0.4093267296875 0.6449815375
2 0.7655436484375 0.8872740328125 0.6819380234375 0.9097786703124999 0.709458578125 0.97280978125 0.7812834921875 0.9518245734375 0.7655436484375 0.8872740328125
2 0.6094013234375 0.912631134375 0.61999045625 0.9395514281249999 0.6502003000000001 0.9316047953125001 0.642115609375 0.9029664281249999 0.6094013234375 0.912631134375
2 0.7916986328125 0.45448956718750005 0.8583037984375 0.4349642203125 0.8537096359375 0.41397477031249996 0.78399560625 0.438002875 0.7916986328125 0.45448956718750005
2 0.7927410312500001 0.5098494984374999 0.7922479375 0.49379748125 0.7576861703125 0.5057805015625 0.759607653125 0.5212220546874999 0.7927410312500001 0.5098494984374999
2 0.797966884375 0.49140690468750003 0.7985379671875 0.508186003125 0.7951650859375 0.5101917406250001 0.8312502515625001 0.49566209375000003 0.8292956578125 0.4827456484375 0.797966884375 0.49140690468750003
2 0.869262078125 0.488087909375 0.865410475 0.47417837656249995 0.8380912171875 0.48122574843750004 0.8379299984375 0.49957279374999997 0.869262078125 0.488087909375