2 0.0062386203125 0.8380484984375001 0.02957641875 0.8501274125 0.0357238375 0.7268232203125 0.0038636796874999997 0.7257134625 0.0062386203125 0.8380484984375001
2 0.27976166875 0.215201875 0.3875993796875 0.25285995781250004 0.4016034015625 0.19934021562499998 0.29303106562500003 0.1596149515625 0.27976166875 0.215201875
2 0.3552400015625 0.015352596875 0.3260756640625 0.1332326640625 0.4126071875 0.1641865671875 0.4338013390625 0.047278560937500005 0.3552400015625 0.015352596875
2 0.46497118125 0.2165478546875 0.459175534375 0.2661784359375 0.567255640625 0.276360915625 0.5794247 0.21288574374999997 0.46497118125 0.2165478546875
2 0.4345534578125 0.1854474171875 0.544955753125 0.1856003421875 0.543187121875 0.13360610312500001 0.43362381718750004 0.1321883421875 0.4345534578125 0.1854474171875
2 0.58151904375 0.4409323625 0.588657284375 0.374213246875 0.54712848125 0.3735519859375 0.5454753140624999 0.4373983734375 0.58151904375 0.4409323625
2 0.4548989921875 0.3224413265625 0.45615785625000005 0.3945615921875 0.4935857484375 0.3980714203125 0.4992429921875 0.325828871875 0.4548989921875 0.3224413265625
2 0.21869404062500003 0.253132803125 0.2438400109375 0.1858040046875 0.191188525 0.1727490359375 0.1709368625 0.23612775468749997 0.21869404062500003 0.253132803125
2 0 0.2841256515625 0.050608640625 0.140122525 0 0.1174211078125 0 0.2841256515625
2 0 0.398151434375 0.14549587656250001 0.4640017796875 0.1985684828125 0.323646346875 0.060060782812500005 0.2737404109375 0 0.3935771375 0 0.398151434375
2 0.1068712546875 0.2898681015625 0.19257585156249998 0.3201816546875 0.2140651359375 0.2597536609375 0.129224209375 0.22556038125 0.1068712546875 0.2898681015625
2 0.1915227984375 0.1578784375 0.157681078125 0.142712059375 0.1316076484375 0.22611261875 0.1644024953125 0.23564797187500003 0.1915227984375 0.1578784375