2 0.0432091890625 0.2744403 0.0074893171875 0.2768064953125 0.006924642187500001 0.29297665 0.008868709375 0.31184592968749997 0.04559345625 0.3086904578125 0.0432091890625 0.2744403
2 0.2106032125 0.0830833265625 0.207047396875 0.0663237765625 0.12489769375 0.07869047968750001 0.128361409375 0.092812578125 0.2106032125 0.0830833265625
2 0.012641664062499999 0.12926259375 0.034779121875 0.12660695 0.032155101562499996 0.11101090312499999 0.013238065625 0.112183878125 0.012641664062499999 0.12926259375
2 0.330962396875 0.1100336453125 0.33221963906249996 0.12902321249999998 0.3991467359375 0.12312452031250001 0.39435281093749996 0.10489165625 0.330962396875 0.1100336453125
2 0.564133409375 0.024454899999999998 0.5644066671875 0.0407865625 0.6551536875 0.036430946874999995 0.6569077562500001 0.0185635328125 0.564133409375 0.024454899999999998
2 0.6034726078125 0.0033085703124999997 0.60346141875 0.019243259375 0.6544705296875 0.016867871875000003 0.6536507609375 0.00506083125 0.6034726078125 0.0033085703124999997
2 0.346629653125 0.22697372656249998 0.3452453984375 0.26389296406249996 0.4061796796875 0.256424340625 0.406883359375 0.22553565312499999 0.346629653125 0.22697372656249998
2 0.6545078734375 0.40919462500000003 0.61360546875 0.411809628125 0.619180765625 0.48639955312499994 0.656971340625 0.47973912500000004 0.6545078734375 0.40919462500000003
2 0.8481314781249999 0.322500071875 0.846931146875 0.356179665625 0.8973691531249999 0.35441833125 0.89909394375 0.31874421875 0.8481314781249999 0.322500071875
2 0.9042636546875 0.3476485921875 0.9462906703125 0.3432119828125 0.9440342546875 0.2785966796875 0.9049534046875 0.282334734375 0.9042636546875 0.3476485921875
2 0.26214953125 0.010981089062500001 0.2658091921875 0.0562340609375 0.3056670828125 0.0492278359375 0.3018030484375 0.0066289265625 0.26214953125 0.010981089062500001
2 0.62841734375 0.053361843750000006 0.6262794296874999 0.0772056703125 0.657770453125 0.0772942015625 0.6563696875 0.054194642187499996 0.62841734375 0.053361843750000006
2 0.78447945 0.0479401765625 0.7802953078125 0.00948335625 0.7707768640625 0.0091509640625 0.74464639375 0.0131247484375 0.7466682078125 0.054008781250000006 0.78447945 0.0479401765625
2 0.801649771875 0.446061590625 0.8019651390625 0.48061225625 0.86247153125 0.477903653125 0.85650154375 0.443095484375 0.801649771875 0.446061590625
2 0.6467633015625001 0.7318395765625 0.6509486703125 0.766627203125 0.7004414031249999 0.7548099203125 0.6981558578125 0.7234315062500001 0.6467633015625001 0.7318395765625
2 0.6802440390625 0.8739717609375001 0.6838063015625 0.9079290640625001 0.73956408125 0.905387846875 0.7400608156249999 0.8685730859374999 0.6802440390625 0.8739717609375001
2 0.5664519515625 0.950012809375 0.62376223125 0.9408899625 0.6226029125 0.9076914484374999 0.5646786328125 0.9162447515625001 0.5664519515625 0.950012809375
2 0.47951888593750003 0.816895325 0.5407564234375 0.8096490640624999 0.5329870578125 0.77430805625 0.4798512171875 0.7838792390625 0.47951888593750003 0.816895325
2 0.21033019843749998 0.7132579921875 0.21067200156250002 0.7315525203125001 0.28811604218750003 0.7205383656250001 0.285224940625 0.705800596875 0.21033019843749998 0.7132579921875
2 0.32177721875 0.6381602984375 0.325666475 0.672930121875 0.36417304375000004 0.6698046703125 0.36598233750000003 0.636505615625 0.32177721875 0.6381602984375
2 0.18520031406249998 0.810262853125 0.1855016 0.827397153125 0.3104788140625 0.8165038734375001 0.3081619390625 0.8011519437500001 0.18520031406249998 0.810262853125
2 0.2826378890625 0.835874809375 0.310506471875 0.8343090671875 0.3123624765625 0.8194055296875 0.2815477265625 0.8216698265625 0.2826378890625 0.835874809375
2 0.9376603375 0.75958400625 0.9394267718749999 0.7761418203125 0.9734154609375001 0.7797015515625 0.9770516296875 0.7647358453125 0.9376603375 0.75958400625
2 0.9354179421875 0.7804359046875 0.9342158749999999 0.7970973796874999 0.9718078953125 0.8017195031250001 0.9748921218750001 0.787961296875 0.9354179421875 0.7804359046875
2 0.9336193093749999 0.8054889359375 0.931973478125 0.8179492796875 0.9654531703125 0.8239016687499999 0.967943953125 0.8101626218750001 0.9336193093749999 0.8054889359375
2 0.654483978125 0.774292865625 0.6520458796875 0.7980471125 0.7050851578125 0.8027239171874999 0.7111914406250001 0.7734273390624999 0.654483978125 0.774292865625
2 0.8567606515625 0.7227255359375 0.9006213296875 0.6006220015625 0.865790759375 0.5899670171875 0.8230326953124999 0.7095743015625 0.8567606515625 0.7227255359375
2 0.8726406250000001 0.437352178125 0.8751863562500001 0.4507511828125 0.9066152703125001 0.4490611140625 0.9085763328124999 0.4371213390625 0.8726406250000001 0.437352178125
2 0.8648263203125 0.46877684999999997 0.868529634375 0.48125364375 0.9082453171875 0.47868164375 0.9040623234374999 0.4610199953125 0.8648263203125 0.46877684999999997
2 0.6875647500000001 0.06286591875 0.6879488609375 0.0738654640625 0.7270312203125 0.07012579375 0.72479561875 0.057145909375000005 0.6875647500000001 0.06286591875
2 0.7024285156250001 0.08014833437499999 0.7030197874999999 0.0970802015625 0.71961399375 0.0959081703125 0.7179717796875 0.0829075625 0.7024285156250001 0.08014833437499999
2 0.709786909375 0.1377469296875 0.7138665328125 0.152493225 0.7292739609375001 0.1513626359375 0.7287357453125 0.13595015625 0.709786909375 0.1377469296875
2 0.7776916703125 0.1683066421875 0.7783735109375 0.1793254953125 0.7963200484375 0.1828528828125 0.7927113375 0.1645786296875 0.7776916703125 0.1683066421875
2 0.7573337765625 0.1467665 0.757370209375 0.156316359375 0.769810696875 0.15528937812500002 0.7701349765625001 0.14756241718750002 0.7573337765625 0.1467665