2 0.25729334531250003 0 0.2461837375 0.0304291515625 0.2815474359375 0.042976685937499995 0.29473171875 0.012118825 0.26108735 0 0.25729334531250003 0
2 0.898037296875 0.1762296125 0.9026748250000001 0.165804346875 0.8429078062500001 0.1445390328125 0.833843596875 0.156573415625 0.898037296875 0.1762296125
2 0.1760631140625 0.2898288046875 0.17878604375 0.281960765625 0.1155167 0.264583978125 0.11067340156250001 0.28151840625 0.1760631140625 0.2898288046875
2 0.2167372625 0.46837744687500005 0.15923965 0.4443717453125 0.1401070109375 0.495129053125 0.1967649359375 0.5176803718749999 0.2167372625 0.46837744687500005
2 0.6226097953124999 0.5273872609375 0.530118140625 0.5032188921875 0.5206400328125 0.53629759375 0.6098034796875 0.561416640625 0.6226097953124999 0.5273872609375
2 0 0.6249137171875 0.0541696375 0.6575606078125 0.07511811406249999 0.6275553828125 0.021427748437499998 0.5985231703125 0 0.623381834375 0 0.6249137171875
2 0.2960336546875 0.7321932953125 0.3128874671875 0.706005234375 0.27748884375 0.68555274375 0.2601771734375 0.71460263125 0.2960336546875 0.7321932953125
2 0.22303824843750003 0.8784418031250001 0.26462785312500003 0.8195783890625 0.169456446875 0.765270728125 0.1308906875 0.816290115625 0.22303824843750003 0.8784418031250001
2 0.662493634375 0.6928268625 0.6551735453124999 0.7086754375 0.7057409578125 0.7321571140625001 0.7153208546875 0.720492228125 0.662493634375 0.6928268625
2 0.9759092140625001 0.6509167312499999 0.9857350374999999 0.6142462625 0.9678387953125 0.6108372796875 0.9523577890625001 0.6433783734375 0.9759092140625001 0.6509167312499999
2 0.719827215625 0.527030578125 0.718364628125 0.537077171875 0.7924011921874999 0.5601455953125 0.7954606265625 0.542998475 0.719827215625 0.527030578125
2 0.8822500578125 0.8499662171875 0.8899668374999999 0.8188727328125 0.8617055718750001 0.810782509375 0.850634009375 0.8371967093749999 0.8822500578125 0.8499662171875
2 0.9191150546875001 0.772030096875 0.8811911125 0.7575671578125001 0.8669711828125 0.7899899875 0.8998063984375 0.807385803125 0.9191150546875001 0.772030096875
2 0.705384190625 0.8332807953125 0.6132503703125 0.7963126484374999 0.5942078828125 0.832969065625 0.6861109 0.8742397046875 0.705384190625 0.8332807953125
2 0.100455159375 0.5674073484375 0.10242024062499999 0.5531973796874999 0.0700370359375 0.5432909375 0.06833161875 0.5576788625 0.100455159375 0.5674073484375
2 0.6324205453125 0.9862929906250001 0.6400068046875 0.971745128125 0.55377231875 0.9345540578125 0.5475151515625 0.947576759375 0.6324205453125 0.9862929906250001