2 0.52248745625 0.3452447953125 0.45013057500000003 0.33305054218749996 0.45158715312500003 0.3718027953125 0.5253768203125 0.3805307390625 0.52248745625 0.3452447953125
2 0.4883313453125 0.44215920156250005 0.4234675421875 0.43346178125 0.4187397953125 0.46702468750000004 0.485132221875 0.4793970640625 0.4883313453125 0.44215920156250005
2 0.34156725625 0.3789753546875 0.3391673046875 0.4132962359375 0.4254214546875 0.439544146875 0.431460009375 0.40000342968749997 0.34156725625 0.3789753546875
2 0.012960312500000001 0.515950621875 0.0076402609375 0.54947210625 0.06286164375 0.559874496875 0.06660228124999999 0.523404403125 0.012960312500000001 0.515950621875
2 0.023475265625 0.612420665625 0.030896296875 0.6509947953124999 0.065829215625 0.6451125765625 0.059881203125000004 0.6067526578125 0.023475265625 0.612420665625
2 0.34475138125 0.6568869484375 0.3179949359375 0.7245869875000001 0.363573896875 0.7366943484374999 0.3809846984375 0.6621992718749999 0.34475138125 0.6568869484375
2 0.5872226875 0.704762828125 0.5869697671874999 0.7594502734375 0.629355903125 0.7576573015625 0.63068334375 0.7046269703125 0.5872226875 0.704762828125
2 0.708420015625 0.4611173671875 0.7115179203124999 0.493443459375 0.7773333546875001 0.4885319234375 0.7701479015625 0.459356496875 0.708420015625 0.4611173671875
2 0.61331360625 0.39976174375 0.613668303125 0.4372481125 0.65004555625 0.43622379218749996 0.6474620765625 0.40084176562499996 0.61331360625 0.39976174375
2 0.7314030140625001 0.251632159375 0.741702728125 0.2915979859375 0.8495043093750001 0.27356767187500003 0.8446708203125001 0.23629282968749998 0.7314030140625001 0.251632159375
2 0.797680109375 0.48698184062500005 0.8064910624999999 0.5226802953125 0.858271328125 0.5227330593749999 0.8550266125 0.4840170953125 0.797680109375 0.48698184062500005
2 0.9051399921875 0.4397910328125 0.9073528765625 0.476216940625 0.961667809375 0.474069278125 0.961686446875 0.439755740625 0.9051399921875 0.4397910328125
2 0.759700075 0.35767061718750004 0.7678374453125001 0.3945123703125 0.8020539156250001 0.3903640859375 0.7936481843750001 0.35310415625 0.759700075 0.35767061718750004
2 0.8830271453125 0.338943484375 0.8856124640624999 0.370043334375 0.9386317515625 0.3779125046875 0.9336139546875 0.3432734140625 0.8830271453125 0.338943484375
2 0.3942613359375 0.612778453125 0.39301988906249996 0.6305319765624999 0.46592921406250004 0.6433600609375 0.470434665625 0.6299996109375 0.3942613359375 0.612778453125
2 0.1848583921875 0.1771428671875 0.19297889375 0.2312270109375 0.2264391640625 0.2294035140625 0.2213866359375 0.1739816875 0.1848583921875 0.1771428671875
2 0.3905970578125 0.1629865515625 0.3919578015625 0.1945975375 0.42864076874999996 0.19775785937499998 0.42943173593750006 0.1608888484375 0.3905970578125 0.1629865515625
2 0.4816363609375 0 0.46701736250000003 0.0404877125 0.5021831484375 0.0482988421875 0.509681021875 0 0.4816363609375 0
2 0.65941469375 0.2596801125 0.6646748328125 0.2951318375 0.6918235171875 0.289894125 0.68714343125 0.2547038109375 0.65941469375 0.2596801125
2 0.7738403140625 0.8789549375 0.775725946875 0.8945478953125001 0.8056308375000001 0.8924757812499999 0.8013390859375 0.8815231625 0.7738403140625 0.8789549375
2 0.80162174375 0.8987379375 0.7171423015625 0.8981810921875001 0.7219068359375 0.9151626281249999 0.798769059375 0.9139979921875 0.80162174375 0.8987379375
2 0.2559077015625 0.948581328125 0.2560279734375 0.9723742390625001 0.28962371875000004 0.9771027140624999 0.2944523265625 0.9548650593750001 0.2559077015625 0.948581328125
2 0.2520940390625 0.458344546875 0.178992509375 0.4567992890625 0.1787571078125 0.468677428125 0.25101815312500003 0.4737304125 0.2520940390625 0.458344546875
2 0.0028301046875 0.45994191406249996 0.0017542203125 0.47532778125 0.02943840625 0.4760732484375 0.0279276328125 0.463631303125 0.0028301046875 0.45994191406249996
2 0.117959884375 0.410314571875 0.067337471875 0.41926137499999994 0.077597328125 0.45981961406250005 0.129569909375 0.4485879921875 0.117959884375 0.410314571875
2 0.038158399999999995 0.3173245078125 0.012388375 0.323252259375 0.011188456250000001 0.34041191875 0.04067775625 0.332366578125 0.038158399999999995 0.3173245078125
2 0.014581345312499999 0.291891340625 0.0150041421875 0.3079756375 0.0351708859375 0.3004656671875 0.034056428124999996 0.286611990625 0.014581345312499999 0.291891340625
2 0.204224540625 0.036382146875 0.20839520937499997 0.0533221546875 0.282807053125 0.053175006250000004 0.283609346875 0.0374457796875 0.204224540625 0.036382146875
2 0.2040980796875 0.06372587187499999 0.2078434609375 0.0782584734375 0.2367007765625 0.0826556078125 0.240506553125 0.06653337499999999 0.2040980796875 0.06372587187499999
2 0.6364608109375001 0.4858172890625 0.5913614468749999 0.48385246875 0.5889170078125 0.569902503125 0.63659100625 0.569072928125 0.6364608109375001 0.4858172890625