2 0.8040421875 0 0.8051391515624999 0.012600995312499998 0.8413544 0.012418409375 0.83893570625 0 0.8040421875 0
2 0.6879670796874999 0.0012989953125 0.6845371625000001 0.031313259375 0.718729065625 0.031597798437500005 0.72232314375 0.004934040625 0.6879670796874999 0.0012989953125
2 0.5229492953125 0.0467007515625 0.551253609375 0.050517425000000005 0.5574581234375 0.0259226 0.52139645 0.021491453125 0.5229492953125 0.0467007515625
2 0.6054852546875 0.541455353125 0.6083369937499999 0.511576175 0.57018684375 0.508656703125 0.5707758578125001 0.5415548828125 0.6054852546875 0.541455353125
2 0.89245290625 0.3564923390625 0.8852415625000001 0.388596746875 0.9143773953125001 0.39998126875 0.9195533062499999 0.36301961875 0.89245290625 0.3564923390625
2 0.4119216703125 0.3998576078125 0.44271643125000004 0.40127121250000003 0.447214825 0.3679666359375 0.41254852968750005 0.3656203453125 0.4119216703125 0.3998576078125
2 0.5174603921875 1 0.547313003125 0.9979125015625 0.5428673828125 0.95648794375 0.505357525 0.956348821875 0.511132196875 1 0.5174603921875 1
2 0.8820233671875 0.870883215625 0.8785501468750001 0.88751260625 0.9171765671875001 0.8938147640624999 0.91975915 0.8786065234375 0.8820233671875 0.870883215625
2 0.8806001875 0.8620792796875 0.9233649187499999 0.870469665625 0.9223446171875 0.8554854515624999 0.8847254203125001 0.8495938031250001 0.8806001875 0.8620792796875
2 0.8822938468749999 0.8403812328125 0.9241693046874999 0.8422802875000001 0.9210115421875 0.8259630453125 0.882595446875 0.824524159375 0.8822938468749999 0.8403812328125
2 0.3308486625 0.3284749078125 0.33066844687499997 0.3461705484375 0.3672257015625 0.3501088296875 0.36840761718750004 0.33015337499999997 0.3308486625 0.3284749078125
2 0.27829284374999996 0.3278244734375 0.2742828703125 0.3579726546875 0.3022082921875 0.361467884375 0.305126465625 0.3331962125 0.27829284374999996 0.3278244734375