2 0.47889025937499996 0.5874384218750001 0.485412325 0.6113722593750001 0.5738554 0.5798570671875 0.5673829031250001 0.5573426765625 0.47889025937499996 0.5874384218750001
2 0.564823278125 0.524741834375 0.5769735625 0.5470579515625 0.6133865796875 0.5315730375000001 0.6014841359374999 0.5163541546875 0.564823278125 0.524741834375
2 0.64169770625 0.56896089375 0.65374885625 0.588438115625 0.6885937203125 0.5687444265625 0.6796293062500001 0.556265303125 0.64169770625 0.56896089375
2 0.6680390671875001 0.4685476109375 0.6842494218749999 0.485037234375 0.7320510062500001 0.429358503125 0.7131504640624999 0.41722635781250006 0.6680390671875001 0.4685476109375
2 0.659006946875 0.413432378125 0.6808470843750001 0.428304228125 0.7012480171875 0.402007475 0.6822483359375 0.3870364359375 0.659006946875 0.413432378125
2 0.697944815625 0.3481133625 0.746557684375 0.3563640125 0.7515910328125 0.3377113640625 0.697300375 0.3296589875 0.697944815625 0.3481133625
2 0.770195675 0.34132520781250003 0.8201289109375001 0.34668895625 0.8209534859375 0.329604459375 0.772489265625 0.32561059062500003 0.770195675 0.34132520781250003
2 0.823309878125 0.23429384999999997 0.9139655453125 0.2254418078125 0.9056785640625 0.1916197890625 0.8179113593749999 0.20179214375 0.823309878125 0.23429384999999997
2 0.3756017828125 0.2823948140625 0.3270077890625 0.286638615625 0.331445565625 0.343518390625 0.37424744374999996 0.34018353281249997 0.3756017828125 0.2823948140625
2 0.32915180624999996 0.31293449687499997 0.2473506875 0.323150228125 0.249644446875 0.35373411875 0.3277926203125 0.34425882812499997 0.32915180624999996 0.31293449687499997
2 0.3408443484375 0.5823092812499999 0.350203746875 0.6061440375 0.464497459375 0.5822547515625 0.45807453125 0.5611598109375 0.3408443484375 0.5823092812499999