2 0.7817135453125 0.933172721875 0.7844948359374999 0.96493064375 0.8957031125 0.948883209375 0.9048478296875 0.9242473171875 0.7817135453125 0.933172721875
2 0.21357281718749999 0.6343043749999999 0.187375296875 0.7469087234375 0.24416501875000002 0.75330486875 0.2684002921875 0.641681596875 0.21357281718749999 0.6343043749999999
2 0.17734017500000002 0.6276667625 0.058720665625 0.620878090625 0.036606890625 0.702744640625 0.15716253593750001 0.7173256265625 0.17734017500000002 0.6276667625
2 0.26983148749999997 0.46050042031249994 0.2053464140625 0.45615774531250003 0.22292960156250002 0.569311846875 0.27289655625 0.569015846875 0.26983148749999997 0.46050042031249994
2 0.131073959375 0.501786971875 0.143019175 0.610706390625 0.195767971875 0.6032930296875 0.1824651015625 0.49369501875 0.131073959375 0.501786971875
2 0.36875099375 0.46863294375000003 0.43232295 0.462492871875 0.431437971875 0.4262871203125 0.3643462375 0.42733310312499995 0.36875099375 0.46863294375000003
2 0.3996128796875 0.518788409375 0.3272193734375 0.5219774859374999 0.329261253125 0.566403790625 0.400690528125 0.5563650609375 0.3996128796875 0.518788409375
2 0.2128229671875 0.8463915015625 0.2781973265625 0.8587682875 0.2892554875 0.809294690625 0.2193640234375 0.792541471875 0.2128229671875 0.8463915015625
2 0.46255894687500004 1 0.5074732890625 0.8562487828125 0.3616961203125 0.8206767968750001 0.3290420203125 0.964234084375 0.429376309375 1 0.46255894687500004 1
2 0.296391115625 0.8130822125 0.2727922140625 0.901457859375 0.339344734375 0.9158070593750001 0.358987571875 0.8270469984375 0.296391115625 0.8130822125
2 0.2730498671875 0.8990248859375001 0.278517459375 0.8653124203125 0.19802247343749999 0.8478719890624999 0.1870934109375 0.8833097750000001 0.2730498671875 0.8990248859375001