2 0.8815941796875 0.19797530624999998 0.8061052953125 0.20027800468749998 0.807308915625 0.2430482296875 0.8803357453125 0.24865529375 0.8815941796875 0.19797530624999998
2 0.814469396875 0.10624518125 0.7738772171875 0.10551246562500001 0.7833513 0.164369959375 0.8184309296875 0.16370411875 0.814469396875 0.10624518125
2 0.9529773625000001 0.25726529375 0.9840122890625 0.2539047203125 0.9814029625 0.216589590625 0.9459734031249999 0.2166862671875 0.9529773625000001 0.25726529375
2 0.6664329796875 0 0.6763874703125 0.0480480234375 0.73036458125 0.039809578125 0.7222682296875 0 0.6664329796875 0
2 0.6196566875 0 0.621214759375 0.0167892828125 0.653622009375 0.0148207484375 0.6526961953125 0 0.6196566875 0
2 0.3479047140625 0.2120817125 0.3565214734375 0.2501671640625 0.43549780781249997 0.2386926015625 0.4239179703125 0.20081435 0.3479047140625 0.2120817125
2 0.40810569843750005 0.487319959375 0.370498428125 0.492628115625 0.3773258234375 0.5391714890625 0.41613729375 0.532291128125 0.40810569843750005 0.487319959375
2 0.47307616875 0.5354519718749999 0.43592560156250004 0.5428113906250001 0.440999434375 0.5728117875 0.47871224687499997 0.56719865 0.47307616875 0.5354519718749999
2 0.5605342390625 0.5198131078125 0.569291871875 0.5769366687499999 0.583428890625 0.574756146875 0.576406859375 0.5169175874999999 0.5605342390625 0.5198131078125
2 0.357076521875 0.7774785750000001 0.32071710468750003 0.7853778703125001 0.32870014062499997 0.822912434375 0.36590193125 0.8185254328125 0.357076521875 0.7774785750000001
2 0.47377113125000003 0.8773488359374999 0.45242471562500003 0.8809231562500001 0.45856306875 0.9346586765625 0.48031886718749994 0.9307565640625001 0.47377113125000003 0.8773488359374999
2 0.26513795 0.8303331359375001 0.2495995578125 0.8326100875 0.2654812375 0.906494715625 0.278639396875 0.907361775 0.26513795 0.8303331359375001
2 0.7961713921875 0.4191149703125 0.7639195703125 0.4228582375 0.771532346875 0.4806554890625 0.8070799187500001 0.47816976093749997 0.7961713921875 0.4191149703125
2 0.836308559375 0.48237549375000005 0.784816209375 0.4832977890625 0.79150545 0.5363995874999999 0.8469075453125001 0.52835753125 0.836308559375 0.48237549375000005
2 0.852931925 0.8222641703125 0.8186625859375001 0.8225788812499999 0.8231092546875001 0.903215125 0.862928765625 0.902216271875 0.852931925 0.8222641703125
2 0.8391202046874999 0.3062957546875 0.8422360953125001 0.3373258640625 0.9264647890625 0.3293528203125 0.9199148656249999 0.2952892421875 0.8391202046874999 0.3062957546875
2 0.70331081875 0.9041506828125 0.6685836578125001 0.8985454109375001 0.6773991140625 0.9735193578124999 0.7123129640625 0.9704827421875001 0.70331081875 0.9041506828125
2 0.117117625 0.6323622015625 0.10330303593750001 0.635412978125 0.1141767875 0.6754238046875 0.12878040625 0.67142661875 0.117117625 0.6323622015625
2 0.0760183296875 0.640594509375 0.09058865 0.6871916437500001 0.1052766625 0.6843789578125 0.0952791015625 0.6350812671875 0.0760183296875 0.640594509375