2 0.1342674046875 0.0028632453124999998 0.086210128125 0.0370609890625 0.12624082812499998 0.0888315671875 0.16853511875 0.0450317828125 0.1342674046875 0.0028632453124999998
2 0.284462978125 0.043193787500000004 0.3136042171875 0.0950712109375 0.346586959375 0.07486094843749999 0.3213820984375 0.0233507171875 0.284462978125 0.043193787500000004
2 0.1802247578125 0.1536101453125 0.1974808640625 0.18805873906249998 0.2291726609375 0.1737643484375 0.21317875625 0.1384485875 0.1802247578125 0.1536101453125
2 0.02827721875 0.07815653593750001 0.022000909375 0.167911959375 0.06678682968750001 0.1284718640625 0.02827721875 0.07815653593750001
2 0.0376051953125 0.5783920375 0.05496033593750001 0.6021532328125 0.0861762375 0.582802890625 0.06293873125 0.5544883406250001 0.0376051953125 0.5783920375
2 0.1329087078125 0.9304245546875001 0.1254472859375 0.94721876875 0.1573096578125 0.9599486562499999 0.1593481328125 0.9451382265625 0.1329087078125 0.9304245546875001
2 0.11329668281250001 0.9663064921875 0.1332892390625 0.975578034375 0.1453843453125 0.97642380625 0.1501313796875 0.9633864015625001 0.12006396718750001 0.949797084375 0.11329668281250001 0.9663064921875
2 0.44194977656249995 0.8313014046875 0.365124365625 0.8756876890624999 0.3896808375 0.90283758125 0.459215434375 0.861890203125 0.44194977656249995 0.8313014046875
2 0.4487802078125 0.7459076062500001 0.41651550156250006 0.759002753125 0.432500578125 0.7949137640624999 0.462454409375 0.778213675 0.4487802078125 0.7459076062500001
2 0.3919531734375 0.8066766546874999 0.4092758609375 0.7927252921875 0.3748725984375 0.7315530546875 0.35746640625000003 0.7431260375 0.3919531734375 0.8066766546874999
2 0.3945305171875 0.7609943671875 0.40830470625000004 0.746388784375 0.38010421875 0.703733871875 0.3663485609375 0.7100260109375001 0.3945305171875 0.7609943671875
2 0.5768774171875 1 0.5535433078125 0.9638957375 0.513401478125 0.9863548375000001 0.5223383546875 1 0.5768774171875 1
2 0.77969380625 0.651324690625 0.745907021875 0.671222434375 0.7645274234375 0.7045056 0.80166106875 0.6843693546875 0.77969380625 0.651324690625
2 0.8952413421875001 0.6592784203125001 0.8553790125 0.668679471875 0.8689306859375 0.705140284375 0.9082405203125001 0.6963249921875 0.8952413421875001 0.6592784203125001
2 0.7958829765625001 0.0637005453125 0.7698076203124999 0.0176458375 0.739856728125 0.015551467187500001 0.7230353328125 0.022641673437500003 0.7587078828125 0.086211428125 0.7958829765625001 0.0637005453125
2 0.3530905625 0.596666425 0.379381790625 0.6431479734375001 0.3932307078125 0.6315128984375 0.37080449843749996 0.590740296875 0.3530905625 0.596666425
2 0.193639659375 0.098618703125 0.2305672015625 0.16191344375 0.29517953750000003 0.1309723109375 0.265509871875 0.063350453125 0.193639659375 0.098618703125
2 0 0.5798891625 0.014987909375 0.649555025 0.0408960484375 0.6277382359375 0.012237540625 0.5702293171874999 0 0.578775815625 0 0.5798891625