2 0.772971978125 0.61376208125 0.7750592000000001 0.6627435921875 0.8307304234374999 0.65782434375 0.8267068875 0.6164078125 0.772971978125 0.61376208125
2 0.3548377390625 0.484206796875 0.357886909375 0.44616376406249997 0.258853584375 0.44971705625 0.26037705 0.4818884328125 0.3548377390625 0.484206796875
2 0.26248706093749996 0.552363446875 0.3145606515625 0.547443321875 0.3113541390625 0.5161064890625 0.2617259328125 0.51708385 0.26248706093749996 0.552363446875
2 0.1274366046875 0.37642316249999996 0.12561108906250001 0.34210259375 0.0466475453125 0.3433954015625 0.0463231328125 0.3752284734375 0.1274366046875 0.37642316249999996
2 0.1953873890625 0.292504234375 0.1903608234375 0.22687446875 0.099705703125 0.23458027656249997 0.098646584375 0.2953045796875 0.1953873890625 0.292504234375
2 0.09208411250000001 0.18887115937500001 0.0873481484375 0.10824405781249999 0.025829175 0.11421709843750001 0.028085603125000004 0.194266475 0.09208411250000001 0.18887115937500001
2 0.1718116203125 0.9225576078125 0.1738237765625 0.9091328593749999 0.1305258171875 0.9103676625 0.13386021406249998 0.9212943171875001 0.1718116203125 0.9225576078125
2 0.1289270734375 0.9501760140625001 0.16704396562499998 0.952616796875 0.1653999484375 0.9366527390625 0.1294588109375 0.9369056765625 0.1289270734375 0.9501760140625001
2 0.1318825890625 0.9797493671874999 0.166903453125 0.9772258453125 0.16911956718750001 0.9631192000000001 0.12788845 0.9641171749999999 0.1318825890625 0.9797493671874999
2 0.1128558859375 0.8144922265625001 0.1125235421875 0.7801416828125001 0.077412415625 0.77988981875 0.08119581875000001 0.8153426703125 0.1128558859375 0.8144922265625001
2 0.1625921546875 0.6521655234375 0.094674375 0.6531382546875 0.09545125625 0.673597996875 0.1612852328125 0.6727414046875 0.1625921546875 0.6521655234375
2 0.033715876562500004 0.6438898453124999 0.0305059796875 0.567721878125 0.005906515625 0.5680312859375001 0.016321231250000002 0.6421358296874999 0.033715876562500004 0.6438898453124999
2 0.055595324999999994 0.7355761625 0.0285277984375 0.7289900765625 0.0345885703125 0.772114703125 0.0530763078125 0.7731139328125 0.055595324999999994 0.7355761625
2 0.611902803125 0.4318835484375 0.6216223484375 0.39650687812499996 0.5915002406250001 0.393368521875 0.586897853125 0.42460365468749994 0.611902803125 0.4318835484375
2 0.5555641578125 0.31685334374999996 0.5459912453125 0.35538405 0.58383030625 0.368657990625 0.5969155109375001 0.33803100937499997 0.5555641578125 0.31685334374999996
2 0.783505278125 0.29621358125 0.7845029671875 0.2755817546875 0.7325921921874999 0.2709834625 0.7330505140625 0.2913096765625 0.783505278125 0.29621358125