2 0.7572400171875 0.638323609375 0.79763633125 0.581042925 0.7097670734375 0.5243244078125 0.665102534375 0.58639991875 0.7572400171875 0.638323609375
2 0.8473264359374999 0.790088178125 0.88994768125 0.8320533093750001 0.9191157734375001 0.78878539375 0.8755147125 0.7514792390625 0.8473264359374999 0.790088178125
2 0.760670175 0.8696459578125 0.788397759375 0.8897316140625 0.806809853125 0.8656377265625 0.7759720406249999 0.846014334375 0.760670175 0.8696459578125
2 0.12304077656250001 0.6799022765625 0.16849863125 0.7144714609375 0.19927122656250001 0.6633346437500001 0.1544790515625 0.630955984375 0.12304077656250001 0.6799022765625
2 0.08493587500000001 0.6313768515625 0.1079372015625 0.5998335406249999 0.042158825 0.556412640625 0.0259495328125 0.5865121703125 0.08493587500000001 0.6313768515625
2 0.8438459343750001 0.043410609375 0.82501596875 0.128903240625 0.9473097656249999 0.155384084375 0.9554506921874999 0.059095634375 0.8438459343750001 0.043410609375
2 0.965191525 0.47568047187499995 0.9847985625 0.42567099375 0.9517012390625 0.40543025312500003 0.9314982421875 0.45115888125000003 0.965191525 0.47568047187499995
2 0.7132563734375 0.3119605015625 0.7434058515624999 0.3275898515625 0.7593219546875 0.295950153125 0.72963248125 0.28068524687499996 0.7132563734375 0.3119605015625
2 0.593023409375 0.008159801562500001 0.591990484375 0.015509446875 0.6430816593750001 0.0556670265625 0.6582263734375 0.01732348125 0.593023409375 0.008159801562500001
2 0.035911662500000004 0.49857407187499997 0.0824710296875 0.5380931671875 0.1237677796875 0.4719468328125 0.07203154843750001 0.441891546875 0.035911662500000004 0.49857407187499997
2 0.5395804703125 0.7720198796875 0.561655303125 0.7385476 0.5063862328125001 0.7055958875 0.48782793125 0.7353668625 0.5395804703125 0.7720198796875
2 0.799292790625 0.13877875 0.782412675 0.169385165625 0.82668681875 0.1995893171875 0.847613803125 0.1662570890625 0.799292790625 0.13877875