2 0.8098729562500001 0.8576414890624999 0.80398065625 0.8925422187500001 0.8695361515625001 0.889480590625 0.8722319609375001 0.8556601562499999 0.8098729562500001 0.8576414890624999
2 0.6663593359375 0.8991927734375 0.6621618671875 0.9583531234375 0.6902484265625 0.9599571859375 0.6921181 0.9015548109375 0.6663593359375 0.8991927734375
2 0.54536600625 0.794675115625 0.5439508484375 0.8340196734375 0.606608259375 0.832072296875 0.6042936671875 0.7947161921875 0.54536600625 0.794675115625
2 0.7019945921875 0.7533955796875 0.7064726 0.78340944375 0.7373341 0.7863716843749999 0.7355491390625 0.7480779156249999 0.7019945921875 0.7533955796875
2 0.5124822828125 0.45209226718749995 0.50587353125 0.48525906093750004 0.5615386359375 0.48969154687499994 0.564260990625 0.4520396125 0.5124822828125 0.45209226718749995
2 0.3336968046875 0.8659656359374999 0.3239065578125 0.9047054375 0.36098394218749996 0.9072079578125001 0.36918060625 0.871214134375 0.3336968046875 0.8659656359374999
2 0.2537381234375 0.8971254249999999 0.28926334531250003 0.9029662265624999 0.30277286875 0.866344015625 0.2629359578125 0.85842548125 0.2537381234375 0.8971254249999999
2 0.2523152203125 0.4001186859375 0.2328130421875 0.4276477109375 0.2543167421875 0.445765259375 0.27555463125 0.41752279375 0.2523152203125 0.4001186859375
2 0.543206515625 0.0017870484374999998 0.54113601875 0.0106619296875 0.5960815578124999 0.013360698437499999 0.5973141953125001 0.00747399375 0.543206515625 0.0017870484374999998
2 0.9292844265625 0.7012307578125 0.9186422562500001 0.7447885984375 0.9556546812500001 0.7463621375 0.9581303046875 0.705159390625 0.9292844265625 0.7012307578125
2 0.7334959390625 0.43782788593750005 0.7324920984375 0.4575193140625 0.79205348125 0.45811127812499997 0.7927975921875 0.4431949109375 0.7334959390625 0.43782788593750005