2 0.39931807343750003 0.343499103125 0.4489664578125 0.35287664687500003 0.46707182031250005 0.300843165625 0.40877067499999997 0.28905038437499997 0.39931807343750003 0.343499103125
2 0.5328316765625 0.24463250468750003 0.5140909203125 0.299053921875 0.56280971875 0.30650206562500004 0.5735288828125 0.2558288609375 0.5328316765625 0.24463250468750003
2 0.589539159375 0.257099109375 0.575846578125 0.3161304609375 0.6342210406250001 0.323135284375 0.6477881156249999 0.269263240625 0.589539159375 0.257099109375
2 0.41386601718750005 0.10559760781250001 0.4057398375 0.13568762031249998 0.4749660890625 0.1508145796875 0.476563090625 0.1138537015625 0.41386601718750005 0.10559760781250001
2 0.55089935 0.602429090625 0.5359548265625 0.6511814828125 0.5947610921875001 0.6636464156249999 0.6123691015625 0.615140546875 0.55089935 0.602429090625
2 0.4455790390625 0.8142720406249999 0.41859041562500005 0.8889836640625 0.49554160312500006 0.904595128125 0.5172948125 0.83088335625 0.4455790390625 0.8142720406249999
2 0.5177090703125 0.8513890078124999 0.5046917140625 0.903482753125 0.5672834625000001 0.9188764624999999 0.5795932875 0.8654288859375001 0.5177090703125 0.8513890078124999
2 0.6499684671875 1 0.6768846796875 0.8898979875 0.5859954265625 0.8753255796875001 0.56196860625 0.9823024734375 0.6287351671875 1 0.6499684671875 1
2 0.7238691546875 0.8947545375000001 0.71659233125 0.9230673390625 0.7613794421875 0.9371595203125 0.7697842031250001 0.9029541640625001 0.7238691546875 0.8947545375000001
2 0.8790233093750001 0.8253457796875001 0.8668350484375 0.8566194796875 0.9048879390625 0.8631666359375 0.910702009375 0.8345961890625 0.8790233093750001 0.8253457796875001
2 0.095004965625 0.8513423250000001 0.088729309375 0.8768089484375 0.11763964062500001 0.8886697921875 0.1277363265625 0.8595020609375 0.095004965625 0.8513423250000001
2 0.933214875 0.28831140624999996 0.9291270484374999 0.32379721093749997 0.9541523937499999 0.3249159546875 0.9617210640625 0.2923934265625 0.933214875 0.28831140624999996
2 0.06696473281250001 0 0.066630884375 0.00373203125 0.1245939234375 0.0158086421875 0.12707553437500002 0 0.06696473281250001 0
2 0.060347265625 0.1764303953125 0.0673180203125 0.1630941875 0.045626853125 0.1510503390625 0.042669076562500005 0.16143033906249998 0.060347265625 0.1764303953125
2 0.0499163265625 0.1866563328125 0.0393449265625 0.19574856406250002 0.064554609375 0.20408823437499998 0.070158040625 0.19408163437499998 0.0499163265625 0.1866563328125
2 0.0410300015625 0.21148939375000003 0.0344035 0.22024297812500002 0.05697640625 0.2324123265625 0.0644266046875 0.22206410937499999 0.0410300015625 0.21148939375000003
2 0.660625096875 0.7154845875 0.703712296875 0.7203409265625 0.7086248453125 0.6640549765625 0.676194453125 0.6558980937500001 0.660625096875 0.7154845875
2 0.9333951921875 0.656060725 0.8721541890625 0.643854775 0.8674598296875 0.6857781921874999 0.923824021875 0.6942992484375 0.9333951921875 0.656060725