2 0.85846261875 0.8278474328125001 0.9016346328125 0.814383375 0.8828427359375001 0.7773481734375001 0.8453688343750001 0.7904128171875 0.85846261875 0.8278474328125001
2 0.6145900828124999 0.8705544765625 0.6263207953125 0.9077471578124999 0.679686065625 0.900297640625 0.6723660671875 0.8540441546875 0.6145900828124999 0.8705544765625
2 0.8751032765625 0.6776314953125 0.8938954421875 0.714665159375 0.93553885 0.6939076703125 0.9194751796875 0.6573535296874999 0.8751032765625 0.6776314953125
2 0.5660511640625 0.4517205671875 0.5456537203125 0.41580958125 0.5120330734375 0.430956215625 0.53941503125 0.4751258296875 0.5660511640625 0.4517205671875
2 0.2680251921875 0.314867925 0.235932609375 0.3373110703125 0.2701359 0.382683465625 0.304237334375 0.3648101453125 0.2680251921875 0.314867925
2 0.073439484375 0.8439809500000001 0.10529140156250001 0.8229026875000001 0.09324416875 0.79548638125 0.060507615625 0.8136003687500001 0.073439484375 0.8439809500000001
2 0.750870725 0.2173519984375 0.7417149015625 0.1974725921875 0.70038855625 0.20845063125 0.718373028125 0.23410237031249997 0.750870725 0.2173519984375
2 0.1799733515625 0.7264764546875 0.19105955 0.7593430578125 0.217857596875 0.742991828125 0.20677112812499998 0.7101267640625 0.1799733515625 0.7264764546875
2 0.0673145546875 0.320224390625 0.0646715765625 0.335213471875 0.126626909375 0.334898365625 0.11883596562500001 0.3152596265625 0.0673145546875 0.320224390625
2 0.5003559265625 0.31368279062500004 0.521859165625 0.3034250140625 0.5009830140625 0.270237909375 0.4888658796875 0.2751252265625 0.5003559265625 0.31368279062500004
2 0.530449228125 0.310559425 0.5430471515625 0.3029454203125 0.5175090531250001 0.2562910546875 0.5030672703125 0.2663898125 0.530449228125 0.310559425
2 0.5584502421875001 0.287394828125 0.5271285140625 0.22567127187499997 0.515895471875 0.23352594375 0.5440081859375 0.297495125 0.5584502421875001 0.287394828125