2 0.465266534375 0.1918629875 0.4648032171875 0.233043940625 0.520495040625 0.2348283484375 0.5254578640625 0.19345723125 0.465266534375 0.1918629875
2 0.6208030953125 0.2389774 0.686613225 0.2352486015625 0.68555430625 0.19557167656250002 0.62416364375 0.200254415625 0.6208030953125 0.2389774
2 0.6901398375000001 0.645472028125 0.709685759375 0.6900155671875 0.7600955140625001 0.673961346875 0.7463697953125 0.6266867703125001 0.6901398375000001 0.645472028125
2 0.136898684375 0.587437915625 0.2437577828125 0.614406221875 0.27504683124999996 0.5217667546875 0.16536609062500002 0.49428522656249996 0.136898684375 0.587437915625
2 0.8627946765625 0.068061459375 0.86516621875 0.1020442453125 0.897335775 0.0963959796875 0.8957547359375001 0.064924115625 0.8627946765625 0.068061459375
2 0.63790638125 0.40787169062500006 0.6360677703125 0.445089115625 0.6901291109375001 0.444708928125 0.6899718828125 0.4050031703125 0.63790638125 0.40787169062500006
2 0.8855208749999999 0.5428371249999999 0.8898570125 0.558912921875 0.9226856890624999 0.5535519812499999 0.9219808687500001 0.5405825578125001 0.8855208749999999 0.5428371249999999
2 0.8739146734375 0.5360281546875 0.9158807703124999 0.527870771875 0.9108327609375 0.5143480281249999 0.8756363046875 0.5199829828125 0.8739146734375 0.5360281546875
2 0.8338838624999999 0.78129131875 0.863785140625 0.8479910359374999 0.89909661875 0.8336125531249999 0.8596758156250001 0.7708388796875 0.8338838624999999 0.78129131875
2 0.9266062265624999 0.75420293125 0.9282192625000001 0.7780600343749999 0.9513010187500001 0.77543891875 0.9429273125 0.7510304328124999 0.9266062265624999 0.75420293125
2 0.9032860515625 0.7182482921875 0.9016455984375 0.740926403125 0.9252780406250001 0.7442500609375 0.9194941406250001 0.7144944875 0.9032860515625 0.7182482921875
2 0.9477873796875 0.7978237515625 0.9502450234375001 0.81668255 0.9694283515625 0.8126926421875 0.9670226703125 0.7940847890625 0.9477873796875 0.7978237515625
2 1 0.808873865625 0.9828841265625 0.81033815 0.9791710109375 0.8285850187499999 1 0.8256469718749999 1 0.808873865625