2 0.1429852359375 0.5477328171875 0.193056059375 0.5242610328125 0.1589985953125 0.4669445203125 0.1150950328125 0.4918576703125 0.1429852359375 0.5477328171875
2 0.07906556875000001 0.30549190625 0.10427080156249999 0.2810514796875 0.06499705312500001 0.24219383749999998 0.042049459375 0.2678895265625 0.07906556875000001 0.30549190625
2 0.14902913125 0.8605349312499999 0.1822009578125 0.8579439624999999 0.1739140953125 0.8074711796875 0.1419022640625 0.815014903125 0.14902913125 0.8605349312499999
2 0.47220843125 0.7271634984374999 0.5071004640625 0.714540890625 0.4716470640625 0.6496082578125 0.44066034062500004 0.661224953125 0.47220843125 0.7271634984374999
2 0.652533053125 0.7135838015625 0.6415435125 0.6657831640625 0.6095937453125 0.6739173843749999 0.6185030296875 0.7189515640625 0.652533053125 0.7135838015625
2 0.7411422578125 0.681882328125 0.77573560625 0.6713806859375 0.7631938468749999 0.6315028890625001 0.727145565625 0.6460396578125 0.7411422578125 0.681882328125
2 0.9357612281250001 0.7975477343749999 0.9718940609375 0.7898693859375 0.967952284375 0.7580461453125 0.932556628125 0.761766378125 0.9357612281250001 0.7975477343749999
2 0.718468690625 0.6448620609375 0.7502153390624999 0.632866984375 0.727272228125 0.5905018609375 0.6950755328125 0.60761734375 0.718468690625 0.6448620609375
2 0.6633835484375 0.7760260546875 0.70059241875 0.773607796875 0.6973970265625 0.7375253953125 0.655481975 0.7359606375000001 0.6633835484375 0.7760260546875
2 0.726259315625 0.96673440625 0.73520031875 0.9780335906250001 0.78070901875 0.9732504328125 0.7641080687499999 0.9466367874999999 0.726259315625 0.96673440625
2 0.025688676562500002 0.265429971875 0.017896665625 0.2736097015625 0.0173975203125 0.2793149640625 0.051500646875 0.31555334375 0.065178990625 0.300682728125 0.025688676562500002 0.265429971875