2 0.2882834640625 0.1264547109375 0.27374080625 0.1765227234375 0.317659571875 0.18768999375 0.3334594359375 0.13727532343749999 0.2882834640625 0.1264547109375
2 0.337256725 0.1360733015625 0.3255100921875 0.1684879265625 0.38470568437499997 0.1856801328125 0.3979342890625 0.155305265625 0.337256725 0.1360733015625
2 0.289819146875 0 0.2857094625 0.013658656250000002 0.34938166718749997 0.029155284375 0.35758123125 0 0.289819146875 0
2 0.210729959375 0.07333904218750001 0.2683243984375 0.08546844375 0.2773888296875 0.0472154734375 0.22109059375 0.038298709375000003 0.210729959375 0.07333904218750001
2 0.135500721875 0.3813249140625 0.22059230937500002 0.402019075 0.2449220140625 0.33190877812499997 0.15513841718750002 0.31047464062499996 0.135500721875 0.3813249140625
2 0.4970041421875 0.482478121875 0.5696587109375 0.4981951140625 0.5786011156249999 0.45691706249999997 0.5040012171875 0.4420958453125 0.4970041421875 0.482478121875
2 0 0.79054265625 0.11181695625000002 0.8117267296874999 0.116712321875 0.7770230859375 0.0060304953125 0.754682015625 0 0.7750807203125001 0 0.79054265625
2 0.21647074375000003 0.8986859890625001 0.21022161874999998 0.9343458796874999 0.31794080468749997 0.952609225 0.32345280625 0.9216133187500001 0.21647074375000003 0.8986859890625001
2 0.5196275953125 0.783714996875 0.5020338125 0.8416605031250001 0.5635171234375 0.8519996546874999 0.576728721875 0.7951635312499999 0.5196275953125 0.783714996875
2 0.7786804390625 0.3835711671875 0.7622050984375 0.45533045625 0.810722746875 0.46782569062499996 0.8278642484375001 0.3899626515625 0.7786804390625 0.3835711671875
2 0.6690005218749999 0.542792478125 0.686906496875 0.47527483593750003 0.6519350078125 0.4721405015625 0.63523675625 0.5320328812499999 0.6690005218749999 0.542792478125
2 0.67401908125 0.3896499265625 0.625993446875 0.377833775 0.6033611078125001 0.45241938125000003 0.6480812234375 0.466118178125 0.67401908125 0.3896499265625
2 0.475178721875 0.42670692343749994 0.5228023828125 0.43725552656250005 0.5459298218749999 0.36334948749999996 0.4953102203125 0.3565344328125 0.475178721875 0.42670692343749994
2 0.343384471875 0.4617540625 0.40808536562500003 0.4745613171875 0.4213250765625 0.4061511578125 0.36163438281250004 0.3882793828125 0.343384471875 0.4617540625
2 0 0.5962614687500001 0.0341988640625 0.60340258125 0.059196340624999996 0.49491646562499997 0.0134480625 0.48960699218750003 0 0.54138936875 0 0.5962614687500001
2 0.60482746875 0.8492816781249999 0.5934946625 0.9018466234375 0.6292981859375 0.9111242515625 0.64220045 0.85243568125 0.60482746875 0.8492816781249999
2 0.5712754734375001 0.8941178093750001 0.5827838296875 0.8575143375 0.5061677890625 0.8459237500000001 0.506428846875 0.8784351703125 0.5712754734375001 0.8941178093750001
2 0.7075754328125 0.6446323031250001 0.6925608953125 0.7052706953125 0.730093053125 0.71121520625 0.7429953171875 0.652526634375 0.7075754328125 0.6446323031250001
2 0.1180294390625 0.4214071578125 0.11267333906250002 0.46850854999999997 0.16378804062500002 0.47600317187499996 0.174768415625 0.43324445 0.1180294390625 0.4214071578125