2 0.1370150078125 0.7731554296875001 0.112503528125 0.881537225 0.1596194640625 0.8904737296875 0.18454161875 0.7791284984375 0.1370150078125 0.7731554296875001
2 0.841841321875 0.5858179703124999 0.80544290625 0.7149877859375 0.8478342984375 0.7238861265625001 0.88225723125 0.595417990625 0.841841321875 0.5858179703124999
2 0.7206042453125 0.6326282796875 0.70726339375 0.6896010875 0.7518822046875 0.6969480671875 0.7615063859375 0.6472777640625 0.7206042453125 0.6326282796875
2 0.5792463015625 0.5597155218750001 0.5520237 0.5444285921875001 0.51920283125 0.621078521875 0.5515131640625001 0.6334242203125 0.5792463015625 0.5597155218750001
2 0.3274686875 0.5574096078124999 0.286831209375 0.544060428125 0.26312235156249997 0.634831125 0.30617783906249996 0.6414502468750001 0.3274686875 0.5574096078124999
2 0.297889603125 0.42715794687499997 0.276902428125 0.505133003125 0.3264591078125 0.5153381984375 0.3422729265625 0.44027981406250005 0.297889603125 0.42715794687499997
2 0.262870890625 0.0925993171875 0.2506056203125 0.1452501125 0.2954926515625 0.1542040796875 0.30855533125 0.1054535015625 0.262870890625 0.0925993171875
2 0.8376488312499999 0.144569575 0.8527890843750001 0.095762603125 0.8240278296874999 0.08621196249999999 0.8135227828125 0.1368756296875 0.8376488312499999 0.144569575
2 0.41442612968750003 0.115996953125 0.39467436093749997 0.192766296875 0.45024897656249996 0.20919420781250003 0.4729389828125 0.135978290625 0.41442612968750003 0.115996953125
2 0.3090855796875 0.2936955578125 0.3016128328125 0.33533660468750004 0.342250715625 0.3486842734375 0.35223991718750003 0.3114040640625 0.3090855796875 0.2936955578125
2 0.6698312421875 0.355012090625 0.5935817625 0.34349256875 0.5686991484374999 0.42718549218749996 0.65426675 0.44703978437499997 0.6698312421875 0.355012090625
2 0.8631329515624999 0.307224884375 0.8754443843749999 0.311445765625 0.8846898984375 0.258600521875 0.876209078125 0.2581705609375 0.8631329515624999 0.307224884375
2 0.8869600312499999 0.31453137343750004 0.9027924296875 0.319388346875 0.9166932890625 0.2720917484375 0.9031372781250001 0.2653859515625 0.8869600312499999 0.31453137343750004
2 0.9202380921875 0.3243702453125 0.9398526015625001 0.3231716375 0.9466122078125 0.2727337734375 0.9319397109375 0.27248884375000004 0.9202380921875 0.3243702453125
2 0.9201584734375 0.5308865093749999 0.9326011187500001 0.5289972140625 0.943387325 0.495618734375 0.931773440625 0.493123115625 0.9201584734375 0.5308865093749999