2 0.0686676359375 0.685060625 0.0131776640625 0.705909753125 0.013324368750000001 0.7080077296875 0.020159740625 0.7389340984375 0.077324959375 0.7179041078124999 0.0686676359375 0.685060625
2 0.84844930625 0.3958630421875 0.7603563249999999 0.3297265859375 0.7292545703125 0.3715882578125 0.81443605 0.43510318750000004 0.84844930625 0.3958630421875
2 0.5908086531250001 0 0.5550855421875001 0.013074731249999999 0.569639965625 0.05254522968749999 0.623386021875 0.019207003125 0.6119549906249999 0 0.5908086531250001 0
2 0.9030635078125 0.061430803125 0.9275381656249999 0.025464671875 0.8890214796875 0.0052856390625 0.87263196875 0.0366660921875 0.9030635078125 0.061430803125
2 0.8226013421875 0.0614841296875 0.80045971875 0.089004084375 0.8417413609375 0.1090382140625 0.856675940625 0.07634773593750001 0.8226013421875 0.0614841296875
2 0.7711156828125 0 0.770843378125 0.000379503125 0.8036789265625 0.0180821578125 0.808415965625 0.0025739234375 0.8041959875 0 0.7711156828125 0
2 0.7939889640625 0.04494955 0.802657396875 0.0250717625 0.77003945 0.011521221875 0.76253589375 0.027174442187499998 0.7939889640625 0.04494955
2 0.8057091515625 0.056821184375 0.7604944765625 0.0411551296875 0.7489129 0.058409907812499995 0.797258159375 0.0808479640625 0.8057091515625 0.056821184375
2 0.7943751 0.925880378125 0.684422534375 0.9191568859375 0.68245365 0.9345216109375001 0.7881816500000001 0.940080228125 0.7943751 0.925880378125
2 0.670597646875 0.5494659625 0.7142896734375 0.5360781390625 0.6990826875 0.484155978125 0.6567021640624999 0.49608723125000004 0.670597646875 0.5494659625
2 0.122134909375 0.5934696515625 0.06467971875 0.6089666140625 0.0739959796875 0.6279018609375 0.1270105625 0.60708783125 0.122134909375 0.5934696515625
2 0.11770067656250001 0.5617926859375 0.061990553125 0.5841358234375 0.0709442234375 0.59615244375 0.1200983078125 0.581090525 0.11770067656250001 0.5617926859375
2 0.698634996875 0.28083826875 0.640997296875 0.37226759375 0.7039634109375 0.4165453828125 0.7584391859374999 0.3215078453125 0.698634996875 0.28083826875
2 0.8404965687500001 0.4010645109375 0.801717696875 0.46094015937500005 0.8676859125 0.5114490593750001 0.9150719328125 0.45127566406249997 0.8404965687500001 0.4010645109375
2 0.7494217187500001 0.5011384609375 0.747843478125 0.5504386234374999 0.8527286937499999 0.5550525546875 0.8512740609374999 0.504576696875 0.7494217187500001 0.5011384609375
2 0.8784619749999999 0.9212482625 0.8907794656249999 0.969087925 0.9075669281250001 0.9661099453125 0.896654909375 0.91672585625 0.8784619749999999 0.9212482625