2 0.8825860593750001 0.724156696875 0.9002190328124999 0.67795311875 0.8594964984375 0.661848534375 0.840142475 0.70612975 0.8825860593750001 0.724156696875
2 0.78601161875 0.6241663015625 0.8115765515625 0.541403775 0.7972870109375 0.5384094593750001 0.7709834828125001 0.6206967828125001 0.78601161875 0.6241663015625
2 0.7437331984375 0.6095290109375 0.77023770625 0.53460210625 0.7550525140625 0.526221384375 0.72483586875 0.6069959265625 0.7437331984375 0.6095290109375
2 0.7951906531249999 0.675642659375 0.8100476343749999 0.6809023703125 0.823087421875 0.64552265625 0.8060141609375 0.6403606421875 0.7951906531249999 0.675642659375
2 0.8175521515625 0.6104232046875 0.8327876671875 0.6166827578125 0.8440468421875 0.5863762671875 0.8284882343750001 0.57729996875 0.8175521515625 0.6104232046875
2 0.8383093484374999 0.5521457875 0.852147746875 0.5565593703125 0.8630527656250001 0.5225149078125 0.8490038578125001 0.5174433578125 0.8383093484374999 0.5521457875
2 0.1404777703125 0.56714604375 0.16041925625 0.5226957718749999 0.10541829218750001 0.4975057515625 0.083885228125 0.5406745296875 0.1404777703125 0.56714604375
2 0 0.711580775 0.003932540625 0.7129498046875 0.0232805203125 0.6619641421875 0 0.652747975 0 0.711580775
2 0.140647953125 0.30271959375 0.1564506953125 0.25121853125000004 0.107676703125 0.23721761562500002 0.09054295 0.2850582625 0.140647953125 0.30271959375
2 0.1518745375 0.2303575796875 0.16140280468749998 0.20208895 0.092357171875 0.169086203125 0.0765628546875 0.2032206203125 0.1518745375 0.2303575796875
2 0.1741508765625 0.34853985781249996 0.24497802968750002 0.3755555359375 0.28294369375 0.2533048625 0.2155460078125 0.22616688749999997 0.1741508765625 0.34853985781249996