2 0.6326391046875 0.394877028125 0.6657171109375 0.41331354062500003 0.6876329984375 0.3602891625 0.6547971031250001 0.3439997390625 0.6326391046875 0.394877028125
2 0.4530281484375 0.614843228125 0.47216155000000004 0.5694217515625 0.4245496453125 0.5389634390625 0.4029735609375 0.59190271875 0.4530281484375 0.614843228125
2 0.34834091875 0.7677404812499999 0.370284440625 0.7136703328125 0.33594923906249996 0.6981423671875 0.31529054843750004 0.7482581984375 0.34834091875 0.7677404812499999
2 0.49697625937499995 1 0.514238784375 0.9718601296875 0.44419609531250004 0.9325232796874999 0.4195928859375 0.983230375 0.4455692875 0.9970716609375 0.4694186921875 1 0.49697625937499995 1
2 0.6466904015625 0.67964246875 0.6646555421875 0.6407087625 0.6327483218750001 0.6234724734375 0.6196899218749999 0.65981926875 0.6466904015625 0.67964246875
2 0.13686863437500002 0.393186540625 0.1381231328125 0.3797033484375 0.0720971546875 0.350130946875 0.06636212968750001 0.362007178125 0.13686863437500002 0.393186540625
2 0.14319865468749998 0.373704740625 0.14548043906250002 0.35898635625 0.093602825 0.3358872421875 0.092391746875 0.3492317484375 0.14319865468749998 0.373704740625
2 0.82459804375 0.15999496875000002 0.8510131187500001 0.0883199640625 0.8115379234375 0.077067603125 0.7872524546874999 0.14411481718750002 0.82459804375 0.15999496875000002
2 0.7846080265625 0.14263128593750002 0.7991815921875001 0.1064399984375 0.688489015625 0.06331400000000001 0.6737311218750001 0.0991118828125 0.7846080265625 0.14263128593750002
2 0.77273503125 0.9256171984374999 0.783458325 0.89358005625 0.7546708 0.8754089265625 0.739868140625 0.905570225 0.77273503125 0.9256171984374999
2 0.6865020281249999 0.7216082640625 0.7074365312500001 0.6783393375 0.6724461390625 0.6513576984375 0.6472797265625 0.7018818 0.6865020281249999 0.7216082640625