2 0.27838655625 0.33707456874999997 0.2702923359375 0.4029966921875 0.3584671328125 0.412429996875 0.3674312015625 0.350795846875 0.27838655625 0.33707456874999997
2 0.06288761875 0.4779053359375 0.1306032296875 0.48343179843749995 0.145094646875 0.4336297671875 0.07271979375 0.4205605125 0.06288761875 0.4779053359375
2 0.0068784250000000005 0.42362965781249995 0.0357860015625 0.4257842890625 0.038821309375 0.40106368750000004 0.0100824453125 0.397534996875 0.0068784250000000005 0.42362965781249995
2 0.9463017562499999 0.9170462671875 0.9206914625 0.915023853125 0.9119881140625001 0.9404432796875 0.9423292062499999 0.9453124296875 0.9463017562499999 0.9170462671875
2 0.8298552453125 0.5748650890625 0.8351077921875 0.5434460203125 0.79624240625 0.5303100453125 0.7925591015625 0.57168046875 0.8298552453125 0.5748650890625
2 0.021010156250000002 0.3528713328125 0.0185055296875 0.3846293796875 0.050302345312499996 0.3871387671875 0.054012315624999994 0.356923490625 0.021010156250000002 0.3528713328125
2 0.29833530625 0.2111451765625 0.2897863546875 0.31487494531250004 0.38540454999999996 0.3156634359375 0.3932902359375 0.222207540625 0.29833530625 0.2111451765625
2 0.939138471875 0.9680156765625 0.909458890625 0.9537341140625 0.9069773812499999 0.9812524359375001 0.9363237625 0.988043378125 0.939138471875 0.9680156765625
2 0.593169290625 0.8646978828125 0.6263254453125 0.8723550515625 0.6308624625 0.8597641250000001 0.59674280625 0.8501971734374999 0.593169290625 0.8646978828125
2 0.6188652015625 0.894150525 0.622071584375 0.8826398609374999 0.589955453125 0.8762564328125 0.5873309375 0.8878873437499999 0.6188652015625 0.894150525
2 0.6144933859374999 0.9151272171875 0.6139506078125 0.9049445421875 0.585294196875 0.8995904203125 0.5808297296875 0.9115904734375 0.6144933859374999 0.9151272171875
2 0.6083659734375 0.940670871875 0.6112405375 0.9270162890625 0.5784219171875 0.9214565140625 0.576976240625 0.9332305906249999 0.6083659734375 0.940670871875
2 0.0264405390625 0.2769023796875 0.0685727015625 0.27975084687499996 0.0729427453125 0.2685326140625 0.02873216875 0.2605965875 0.0264405390625 0.2769023796875
2 0.031074148437499997 0.24393253593750003 0.05663693125 0.2454153109375 0.054960909375 0.23226931718750002 0.0331183734375 0.22938712187500002 0.031074148437499997 0.24393253593750003
2 0.035563371875 0.21199005468749998 0.0733501484375 0.21160952968750002 0.07676000937500001 0.20089050468749997 0.037439125000000004 0.1986433765625 0.035563371875 0.21199005468749998
2 0.04038535625 0.1776798515625 0.07460742031249999 0.1818817921875 0.0806624953125 0.169107315625 0.0421300921875 0.1652654109375 0.04038535625 0.1776798515625