2 0.6253562265625 0.6805105 0.6605218984375 0.6701704453125 0.64814655 0.614145971875 0.6123696062499999 0.62655845625 0.6253562265625 0.6805105
2 0.42040635000000004 0.39264502343749996 0.4324618359375 0.4485266859375 0.484639440625 0.426798825 0.473684075 0.378744921875 0.42040635000000004 0.39264502343749996
2 0.361206284375 0.2234389421875 0.37284859843749996 0.2763807453125 0.40935857656249997 0.2670509296875 0.39713760625 0.20999177656249998 0.361206284375 0.2234389421875
2 0.5358667453125 0 0.5047265234375 0.010148431250000001 0.520150759375 0.064357475 0.595960115625 0.037781025 0.5810570421875 0 0.5358667453125 0
2 0.6456238875 0.36339268125 0.652172346875 0.4014548546875 0.6865878750000001 0.3900210546875 0.6756564328125 0.348559225 0.6456238875 0.36339268125
2 0.0489878609375 0.560595975 0.0525734703125 0.57328765625 0.1227315609375 0.5556298171875 0.12383745312500001 0.5421336234374999 0.0489878609375 0.560595975
2 0.07240359843750001 0.5776973109375 0.0712790296875 0.5910493875 0.12637962656249999 0.577309653125 0.126688328125 0.562418646875 0.07240359843750001 0.5776973109375
2 0.72108963125 0.900359353125 0.7333635234375 0.9706050968750001 0.774192953125 0.9663784796874999 0.7606254140625001 0.89120545 0.72108963125 0.900359353125
2 0.6014782640624999 0.92496581875 0.6097957171874999 0.9627825328125 0.7262953750000001 0.939533278125 0.718227765625 0.9013611453125 0.6014782640624999 0.92496581875
2 0.806650534375 0.1422439625 0.8159908546875 0.1745175 0.847496415625 0.16162133125 0.8424992234375 0.128208825 0.806650534375 0.1422439625
2 0.680098621875 0.3267600953125 0.6961092843750001 0.3808867234375 0.7352534046875 0.3603910140625 0.7221505125000001 0.3141442 0.680098621875 0.3267600953125