2 0.9101971546875 0.2640614953125 0.94333235625 0.2765049125 0.9528355578125 0.21156966875 0.920150884375 0.20247014531250002 0.9101971546875 0.2640614953125
2 0.9236013359375 0.41286672500000005 0.9808738281249999 0.42827540468749997 0.9878075890625 0.401010940625 0.9308349796875 0.3880319203125 0.9236013359375 0.41286672500000005
2 0.7979173453125 0.5116941578125 0.8362690078125 0.5205906125 0.8463130078125 0.45871281562500005 0.8092015968749999 0.453857003125 0.7979173453125 0.5116941578125
2 0.7872823734375001 0.3500667734375 0.8175992437499999 0.3513979546875 0.8263957124999999 0.3216686875 0.7884649203125 0.3161140609375 0.7872823734375001 0.3500667734375
2 0.455354196875 0.4786058265625 0.48665061718749997 0.49142167812500004 0.501623065625 0.4376250546875 0.46518235625 0.4277683921875 0.455354196875 0.4786058265625
2 0.8275096718749999 0.7330772734375001 0.8636696453124999 0.7500795484375 0.8732008875 0.7141608828125 0.8394323671875 0.69924686875 0.8275096718749999 0.7330772734375001
2 0.84284013125 0.8175124546875001 0.8553521515625 0.783754409375 0.8219805328125 0.7635052453125 0.8066062468749999 0.8010993125000001 0.84284013125 0.8175124546875001
2 0.354693303125 0.7240758578125 0.37799535156249997 0.7484725140624999 0.39988312812500004 0.7308208875 0.37621193750000004 0.7045842828125 0.354693303125 0.7240758578125
2 0.06057895 0.101715228125 0.09238363125 0.1104044484375 0.104601534375 0.054476559375 0.0709136265625 0.046752525 0.06057895 0.101715228125
2 0.014630240624999999 0.3604833703125 0.027501571875000002 0.3662496609375 0.040634859375 0.312828575 0.02357348125 0.30564735 0.014630240624999999 0.3604833703125
2 0.7794449125 0.11699937812500001 0.82017185 0.1357572484375 0.8287787828125 0.0997250921875 0.7888054171875 0.0894330984375 0.7794449125 0.11699937812500001
2 0.4835232890625 0.258931040625 0.5026613890625 0.2636737375 0.514607321875 0.20531961875000002 0.5001069953124999 0.201743003125 0.4835232890625 0.258931040625