2 0.8634687218750001 1 0.8780412468750001 0.9987292703125 0.8825509765625 0.9559751999999999 0.846457628125 0.9589496734375 0.8464753421875001 1 0.8634687218750001 1
2 0.764624978125 0.9738053453125 0.7587206796875 0.947556296875 0.7246836828125 0.9508197703124999 0.730716465625 0.9804208859375001 0.764624978125 0.9738053453125
2 0.563019796875 0.9748228531249999 0.5985580484375 0.9672655875 0.5902335625 0.9433051125 0.5623695984375 0.9495741453125 0.563019796875 0.9748228531249999
2 0.5668847875 0.452434725 0.5691652796875 0.4852590515625 0.6069158078125 0.4790256828125 0.60147078125 0.44950875156250003 0.5668847875 0.452434725
2 0.9298954046875 0.5998926499999999 0.9215177734375001 0.563522759375 0.8934850359375 0.577403315625 0.9034670203124999 0.6087570484375 0.9298954046875 0.5998926499999999
2 0.42459326875 0.641490196875 0.4589231546875 0.63613146875 0.45153919374999996 0.6033456875 0.42098482031250006 0.607437853125 0.42459326875 0.641490196875
2 0.467553259375 0 0.465563715625 0.0449207828125 0.5029187140625 0.04151299375 0.50373425 0 0.467553259375 0
2 0.8851641078125001 0.08624976875 0.8812658656250001 0.0713244875 0.8433357015625 0.080969178125 0.8482450500000001 0.09723257656249999 0.8851641078125001 0.08624976875
2 0.8527923156250001 0.118205478125 0.8897548703125 0.10905751875 0.8894653296874999 0.0940413984375 0.8475945984375001 0.10612704843750001 0.8527923156250001 0.118205478125
2 0.8528554125 0.1433653640625 0.890999915625 0.13858376875 0.8927235203125001 0.1220534 0.8511729234375001 0.1275949171875 0.8528554125 0.1433653640625
2 0.3837114765625 0.680669340625 0.380794825 0.66089283125 0.3447199234375 0.6680023015625001 0.34644172968750003 0.6856148984375 0.3837114765625 0.680669340625
2 0.3204059265625 0.683153396875 0.31503481718750004 0.6552436421875 0.2875202921875 0.66115943125 0.2941425921875 0.6908433984375 0.3204059265625 0.683153396875