2 0.949609403125 0.682330778125 0.9448250125 0.6481131671875 0.9043196312499999 0.659016390625 0.911421584375 0.6895424953125 0.949609403125 0.682330778125
2 0.7707078046875 0.69672096875 0.7164271906249999 0.7160484109375 0.7252449640624999 0.7514308859375001 0.7890155437499999 0.7328391640625 0.7707078046875 0.69672096875
2 0.5710664999999999 0.816019146875 0.6077498203125 0.810991171875 0.5954591796875001 0.751246084375 0.5594336078125 0.7622708359375 0.5710664999999999 0.816019146875
2 0.412071034375 0.9020945593749999 0.45277600781249994 0.8940374359375 0.44352870937500005 0.8403798296874999 0.40128398593750003 0.850860309375 0.412071034375 0.9020945593749999
2 0.36529801093750003 0.9362518046874999 0.3722605984375 0.9677807703125 0.407508775 0.9601543375 0.39498856875 0.9233852765625 0.36529801093750003 0.9362518046874999
2 0.313888153125 0.9266314343750001 0.3256863484375 0.9450621671875 0.3503010359375 0.9341709406250001 0.34265845625 0.9139022328124999 0.313888153125 0.9266314343750001
2 0.2985386625 0.899316875 0.3026965359375 0.916672253125 0.3382635 0.9046331796875 0.3313538671875 0.89194809375 0.2985386625 0.899316875
2 0.19949000156250002 0.9129490078125 0.1044404109375 0.9493215125000001 0.194400075 0.9619645171875 0.21695470625 0.948666284375 0.19949000156250002 0.9129490078125
2 0.2602185453125 0.677091375 0.26423994375 0.7082054078125 0.3221437671875 0.6993608 0.321317103125 0.6647132515624999 0.2602185453125 0.677091375
2 0.0674143328125 0.6709594765625 0.0811835671875 0.70524065625 0.1384799140625 0.6879196375000001 0.1294212140625 0.65211830625 0.0674143328125 0.6709594765625
2 0.205816034375 0.4711738453125 0.23717572343749999 0.45281901874999997 0.2026522453125 0.4126262515625 0.1726320015625 0.4299717328125 0.205816034375 0.4711738453125
2 0.1266433140625 0.0916601703125 0.10235965625000001 0.11939419375 0.15909267656249998 0.17648614375 0.18817187500000002 0.148760234375 0.1266433140625 0.0916601703125
2 0.6364593390625 0.354991190625 0.5918780796875 0.3223692046875 0.5608367249999999 0.3683228625 0.6007718359374999 0.3998737453125 0.6364593390625 0.354991190625
2 0.5239970984375 0.237953596875 0.520954453125 0.2297392625 0.4949068796875 0.2572253828125 0.5303282765625 0.286762859375 0.566764634375 0.2450844578125 0.5394915218749999 0.2215629890625 0.5239970984375 0.237953596875
2 0.22880775 0.8835257171875 0.2439179765625 0.9167977671875001 0.28534605 0.8971961171875 0.2640355546875 0.8675116953125 0.22880775 0.8835257171875
2 0.4283293546875 0.295789575 0.4413336140625 0.326970053125 0.4801634625 0.3066687390625 0.463822440625 0.2800211125 0.4283293546875 0.295789575
2 0.41533869687499997 0.166376875 0.4070448296875 0.174195559375 0.4476682671875 0.21576946874999997 0.45825728125 0.20655190625 0.41533869687499997 0.166376875
2 0.3896298640625 0.1957077828125 0.43028207343749997 0.2349662890625 0.44265631250000004 0.22584499375 0.40640456562500005 0.1872838265625 0.3896298640625 0.1957077828125
2 0.1520342890625 0 0.1367890921875 0.0152141578125 0.16195710000000002 0.0409154296875 0.1950131796875 0.0104901625 0.1832606609375 0 0.1520342890625 0
2 0.356854465625 0.288141196875 0.3823328890625 0.2689598109375 0.3493525546875 0.2369852234375 0.330571228125 0.25329888125 0.356854465625 0.288141196875
2 0.49173409218749997 0.369392609375 0.522733121875 0.3408051921875 0.5038659265625001 0.3278659609375 0.474229653125 0.3531562625 0.49173409218749997 0.369392609375
2 0.6201584125 0.21073584531249998 0.6493952921874999 0.181899196875 0.6217105562499999 0.15489593125 0.5947427203125 0.18679694375 0.6201584125 0.21073584531249998
2 0.653334309375 0.17945801875 0.6283798296875001 0.2076989265625 0.6721170109375 0.23780552500000002 0.7021862953125 0.2030347859375 0.653334309375 0.17945801875
2 0.5886288875 0.12364238281249999 0.562250996875 0.1534788453125 0.5898333703125 0.1705335421875 0.607444728125 0.14121329062500002 0.5886288875 0.12364238281249999