2 0.2495389703125 0.0907260203125 0.1747286984375 0.107004590625 0.19067171562500002 0.1896219515625 0.25955445781250003 0.173553503125 0.2495389703125 0.0907260203125
2 0 0.19596454218749998 0.016811870312499998 0.1909419390625 0.0067301890625 0.1402003765625 0 0.1414615859375 0 0.19596454218749998
2 0 0.272218790625 0.0011175296875 0.2773391703125 0.036103371875 0.2675028140625 0.027643618749999998 0.2291809625 0 0.23525813437499998 0 0.272218790625
2 0.14993215625 0.280757071875 0.1414086765625 0.240655109375 0.085995653125 0.2515018515625 0.096723790625 0.28677393281249997 0.14993215625 0.280757071875
2 0.272112421875 0.4481903515625 0.25992793281250004 0.45010112187500007 0.26980760937500003 0.501146796875 0.28391054531250004 0.4970896390625 0.272112421875 0.4481903515625
2 0.3178044921875 0.4988765984375 0.30716327187500003 0.4321119859375 0.292321896875 0.43203614687499997 0.3048867734375 0.5028923640625 0.3178044921875 0.4988765984375
2 0.3753920703125 0.7202532390624999 0.3233691203125 0.7375168296875 0.33081833125000004 0.7865679875 0.38733524375 0.773306246875 0.3753920703125 0.7202532390624999
2 0.874992684375 0.4437724421875 0.803572828125 0.4703280109375 0.8235531890625 0.5174562890625001 0.8849899203125 0.49214050781249996 0.874992684375 0.4437724421875
2 0.7571006734375 0.8750589171875 0.7220175171875 0.8875706109375001 0.7443819984375 0.9527376125 0.7813757171875 0.9413458609375001 0.7571006734375 0.8750589171875
2 0.8690283140625 0.6299377515625 0.8449448593750001 0.6355332234375 0.8599123734375 0.6748144828125 0.8798393390625 0.6675833859375 0.8690283140625 0.6299377515625
2 0.947612840625 0.8577105078124999 0.9203411750000001 0.8574761953125 0.9263500171875 0.8946954125 0.94875258125 0.890348425 0.947612840625 0.8577105078124999
2 0.2194174796875 0.8938352281249999 0.1707555421875 0.9041475999999999 0.18732786875000002 0.9436729984375001 0.22097159687499998 0.9383393515625 0.2194174796875 0.8938352281249999
2 0.98865485 0.377019859375 0.9702652828125 0.384598928125 0.9827927453124999 0.42040228749999997 0.9931357437500001 0.41351380468750004 0.98865485 0.377019859375