2 0.9137898718749999 0.037060987499999996 0.8657325953124999 0.00286324375 0.83146488125 0.0450317828125 0.873759171875 0.0888315671875 0.9137898718749999 0.037060987499999996
2 0.68639578125 0.095071209375 0.715537021875 0.0431937859375 0.6786179031249999 0.023350715624999997 0.653413040625 0.074860946875 0.68639578125 0.095071209375
2 0.8025191359375 0.188058740625 0.8197752421875 0.15361014687500002 0.7868212421874999 0.1384485890625 0.7708273375 0.1737643484375 0.8025191359375 0.188058740625
2 0.9849692843750001 0.060849109375 0.93321316875 0.128471865625 0.9837951546875001 0.173016184375 0.9883883062500001 0.15875706875 0.9849692843750001 0.060849109375
2 0.983010146875 0.0047467484375 0.9602584078125 0.0469390046875 0.977021103125 0.05674169999999999 0.9841608359375 0.0376981671875 0.983010146875 0.0047467484375
2 0.945039665625 0.6021532328125 0.9623948046875 0.5783920375 0.93706126875 0.5544883406250001 0.9138237609375001 0.582802890625 0.945039665625 0.6021532328125
2 0.8745527140625 0.9472187671875 0.8670912921875 0.930424553125 0.840651865625 0.9451382265625 0.8426903421875 0.9599486546874999 0.8745527140625 0.9472187671875
2 0.8867033171875001 0.96630649375 0.8799360328124999 0.949797084375 0.8498686203125001 0.9633864015625001 0.856099475 0.9804990140625 0.8867033171875001 0.96630649375
2 0.6348756343749999 0.8756876890624999 0.5580502234375 0.83130140625 0.5407845671875 0.861890203125 0.6103191625 0.90283758125 0.6348756343749999 0.8756876890624999
2 0.5834844984374999 0.7590027546875 0.5512197921875 0.7459076062500001 0.5375455921875 0.778213675 0.567499421875 0.7949137640624999 0.5834844984374999 0.7590027546875
2 0.5907241421875 0.7927252921875 0.6080468265625 0.80667665625 0.64253359375 0.7431260359375 0.625127403125 0.7315530546875 0.5907241421875 0.7927252921875
2 0.5916952921874999 0.746388784375 0.6054694828125 0.7609943671875 0.633651440625 0.710026009375 0.61989578125 0.703733871875 0.5916952921874999 0.746388784375
2 0.47766164531250005 1 0.48659852187499997 0.9863548375000001 0.4464566921875 0.9638957375 0.4231225828125 1 0.47766164531250005 1
2 0.2540929765625 0.671222434375 0.22030619375 0.651324690625 0.19833893125 0.6843693546875 0.2354725765625 0.7045056 0.2540929765625 0.671222434375
2 0.1446209859375 0.6686794703125 0.10475865625 0.6592784203125001 0.0917594796875 0.69632499375 0.1310693140625 0.705140284375 0.1446209859375 0.6686794703125
2 0.276964665625 0.022641673437500003 0.24375429999999998 0.008643525 0.23511858437500002 0.008945090625 0.204117021875 0.0637005453125 0.2412921171875 0.086211428125 0.276964665625 0.022641673437500003
2 0.620618209375 0.6431479734375001 0.6469094375 0.596666425 0.6291955015624999 0.5907402984375001 0.6067692921875001 0.6315128999999999 0.620618209375 0.6431479734375001
2 0.7694327999999999 0.16191344375 0.806360340625 0.098618703125 0.734490128125 0.063350453125 0.7048204625000001 0.1309723109375 0.7694327999999999 0.16191344375
2 1 0.578775815625 0.9877624609375 0.5702293171874999 0.95910395 0.627738234375 0.985012090625 0.6495550234375 1 0.5798891625 1 0.578775815625