2 0.9259341859375001 0.8985092671875 0.9563596109375 0.858846040625 0.9040705265625 0.8266824171874999 0.8836523140624999 0.8673849859375 0.9259341859375001 0.8985092671875
2 0.9655787109375 0.41313761875 0.9257722140625001 0.3862371046875 0.9047855734375 0.413549175 0.9450890703124999 0.44517833125 0.9655787109375 0.41313761875
2 0.75217846875 0.811564140625 0.72544831875 0.8466535500000001 0.768460378125 0.8776995124999999 0.7900297484375 0.8482334828125 0.75217846875 0.811564140625
2 0.6784408749999999 0.8761019265625001 0.6539456265625 0.89840329375 0.6855549937500001 0.9267623828125 0.70616398125 0.8976958015625 0.6784408749999999 0.8761019265625001
2 0.28456298125 1 0.294652946875 0.98697606875 0.2596292375 0.971528984375 0.240778590625 1 0.28456298125 1
2 0.0454509984375 0.9426318421875 0.0475317453125 0.9454029625 0.053521503125 0.905916803125 0.04020923125 0.8968555500000001 0.0454509984375 0.9426318421875
2 0.097787103125 0.782307959375 0.026373409375 0.76112071875 0.030981328125000002 0.809057915625 0.0850344046875 0.8257916859375 0.097787103125 0.782307959375
2 0 0.2507266984375 0.0235728671875 0.25211569843750004 0.025308124999999997 0.2118826625 0 0.21163107499999997 0 0.2507266984375
2 0 0.2046415921875 0.017700415625 0.2019233265625 0.014096143750000002 0.16763096875 0 0.1679427015625 0 0.2046415921875
2 0.12785480625 0.529280478125 0.1367941078125 0.48948588125 0.10059064375 0.485520325 0.0927701078125 0.52459874375 0.12785480625 0.529280478125
2 0.1344913984375 0.4221797453125 0.10024594375 0.419802596875 0.0981675296875 0.45110539374999997 0.1299748984375 0.4534402828125 0.1344913984375 0.4221797453125
2 0.7603413265625 0.344445715625 0.7359373812500001 0.3733109984375 0.782668234375 0.40366916406250003 0.8011888218750001 0.3721323484375 0.7603413265625 0.344445715625
2 0.9513054546875 0.5383750187499999 0.9696846328125 0.5089457796875 0.9413972046874999 0.495181909375 0.9279862390625 0.5151226609374999 0.9513054546875 0.5383750187499999
2 0.607285415625 0.1423450984375 0.57580143125 0.1378850765625 0.5635398765625 0.1744420203125 0.602167278125 0.18054246406250002 0.607285415625 0.1423450984375
2 0.6084902359375 0.06869381718749999 0.569242653125 0.058471559375 0.5610490968749999 0.10536144843749999 0.5985282515625 0.111882659375 0.6084902359375 0.06869381718749999
2 0.2948941359375 0.047257668749999995 0.2733768921875 0.0411499359375 0.2627609859375 0.07633830312499999 0.29015057187500004 0.0797361140625 0.2948941359375 0.047257668749999995