2 0.2591734375 0.12587500000000001 0.2657046875 0.16660625 0.3114234375 0.156509375 0.3037046875 0.1184984375 0.2591734375 0.12587500000000001
2 0.1576421875 0.0955953125 0.163578125 0.1380984375 0.2152359375 0.13037656250000002 0.20632968749999997 0.092959375 0.1576421875 0.0955953125
2 0.1140015625 0.549815625 0.113109375 0.631640625 0.1867359375 0.631640625 0.1867359375 0.55324375 0.1140015625 0.549815625
2 0.22176718750000002 0.7047859375 0.22057968749999998 0.720134375 0.2930171875 0.7278546875 0.2959859375 0.7136015625 0.22176718750000002 0.7047859375
2 0.037109375 0.7242921875 0.093515625 0.7219171875 0.0929234375 0.6874687500000001 0.039484375 0.6898453124999999 0.037109375 0.7242921875
2 0.061453125 0.7947390624999999 0.058484375 0.8311968750000001 0.0988609375 0.8288203125000001 0.09767187499999999 0.8003125000000001 0.061453125 0.7947390624999999
2 0.8354109375000001 0.2986578125 0.827990625 0.3388421875 0.893896875 0.340028125 0.8956765624999999 0.30379999999999996 0.8354109375000001 0.2986578125
2 0.7695046875 0.382378125 0.7668328125 0.43030468749999995 0.8178953124999999 0.42852187500000005 0.8149265625 0.3750703125 0.7695046875 0.382378125
2 0.7727703125 0.57165625 0.7374421875 0.572971875 0.7329890625 0.606103125 0.7709890625 0.606103125 0.7727703125 0.57165625
2 0.9823656250000001 0.528440625 0.9811781249999999 0.57225 0.998753125 0.56928125 0.998753125 0.5271125 0.9823656250000001 0.528440625
2 0.9779125000000001 0.576534375 0.970490625 0.6357984375 0.998753125 0.6369859375 0.998753125 0.57284375 0.9779125000000001 0.576534375
2 0.053140625 0.2859828125 0.11014062499999999 0.2758859375 0.103609375 0.2390640625 0.049578125 0.24856562499999998 0.053140625 0.2859828125
2 0.049578125 0.34478125 0.094109375 0.340028125 0.093515625 0.3026125 0.041265625 0.313896875 0.049578125 0.34478125
2 0.20306406250000003 0.2861890625 0.20870468749999999 0.3204296875 0.2449234375 0.313896875 0.23779843750000002 0.28004375000000004 0.20306406250000003 0.2861890625
2 0.1243921875 0.405359375 0.1582359375 0.3970453125 0.156453125 0.3679421875 0.1178609375 0.37210156250000004 0.1243921875 0.405359375
2 0.2921265625 0.515971875 0.2841109375 0.5247375 0.2971734375 0.5372078124999999 0.3078609375 0.5271125 0.2921265625 0.515971875
2 0.1140015625 0.47233125 0.11370312499999999 0.5081078125 0.153484375 0.5033546875 0.153484375 0.473065625 0.1140015625 0.47233125
2 0.11934375 0.8383796875 0.122015625 0.8579234375 0.15586093750000002 0.8525765625 0.154078125 0.8306015625000001 0.11934375 0.8383796875
2 0.2520484375 0.8472875 0.2502671875 0.8662375000000001 0.2847046875 0.8662375000000001 0.2870796875 0.8496078125000001 0.2520484375 0.8472875
2 0.24403281250000003 0.88469375 0.2443296875 0.903059375 0.2757984375 0.9048421875000001 0.2775796875 0.8894 0.24403281250000003 0.88469375
2 0.825021875 0.628671875 0.8974593750000001 0.631046875 0.9045828124999999 0.57165625 0.8273953125 0.5704671875 0.825021875 0.628671875
2 0.6569890625 0.767053125 0.6949890625 0.767053125 0.7044890625 0.7118187500000001 0.6617375 0.70885 0.6569890625 0.767053125