2 0.5251045828125 0.8968318796875 0.6086264890625 0.8699719312499999 0.5774736046875 0.797659403125 0.496572215625 0.8197132406250001 0.5251045828125 0.8968318796875
2 0.501515184375 0.81441028125 0.4824310359375 0.767463128125 0.38347421718749997 0.79882109375 0.3988227859375 0.8438929999999999 0.501515184375 0.81441028125
2 0.4085019046875 0.68238565 0.39428250781249996 0.65262129375 0.3254536234375 0.671500428125 0.33547945 0.7043893296875 0.4085019046875 0.68238565
2 0.35149706875 0.9568046484374999 0.330561209375 0.9011458671874999 0.261608878125 0.9194442265625 0.28389893125 0.9757624265624999 0.35149706875 0.9568046484374999
2 0.19611497656250002 1 0.18816528593749998 0.97088019375 0.12028752031250001 0.99137820625 0.123144390625 1 0.19611497656250002 1
2 0.17890119843750002 0.7730839859375 0.164007778125 0.7258546765625 0.0976744375 0.73934725 0.1143244984375 0.7905497171875 0.17890119843750002 0.7730839859375
2 0.2623502484375 0.6630561421875 0.24463775937499999 0.6139947921875 0.1841136984375 0.6262525640625001 0.1969680234375 0.6781675921875 0.2623502484375 0.6630561421875
2 0.201343209375 0.5102622421875 0.1621341828125 0.5228470781250001 0.1769813671875 0.554152078125 0.2110751140625 0.54462413125 0.201343209375 0.5102622421875
2 0.1292902375 0.5996541375 0.12038720781250001 0.5663285 0.0652990265625 0.5756097953125 0.0732387328125 0.6158189546874999 0.1292902375 0.5996541375
2 0.27344894375 0.3868567234375 0.32563325 0.378192665625 0.3178905671875 0.34462198593750004 0.265779509375 0.3593422171875 0.27344894375 0.3868567234375
2 0.8071999968749999 0.6790020906249999 0.795231978125 0.6426874453125 0.733793259375 0.6563536640625001 0.7464900734375 0.6889575703124999 0.8071999968749999 0.6790020906249999
2 0.924260428125 0.5557565859375 0.9594772812500001 0.550092059375 0.9539208406249999 0.5239510640625 0.9211854718750001 0.532730225 0.924260428125 0.5557565859375
2 0.9099611624999999 0.3171370375 0.968140571875 0.303558190625 0.95487231875 0.265695678125 0.9001560078124999 0.2767189734375 0.9099611624999999 0.3171370375
2 0.3616564703125 0.25638657343750004 0.40127415468749994 0.2485725890625 0.3938746703125 0.233751209375 0.35719885156250003 0.2439749546875 0.3616564703125 0.25638657343750004
2 0.40998136562500004 0.275257896875 0.40017212031250005 0.2633783828125 0.3644109578125 0.27219368125 0.370446178125 0.2863082640625 0.40998136562500004 0.275257896875
2 0 0.281613940625 0.02078458125 0.27480084531250004 0.0124355078125 0.2583602625 0 0.262787559375 0 0.281613940625
2 0.8112104265625 0.298053 0.777894609375 0.30695713750000003 0.7857622671875 0.3411082671875 0.8220353749999999 0.3332735828125 0.8112104265625 0.298053