2 0.909511296875 0.8120116625 0.9424936296875 0.804058359375 0.935262425 0.7388310171875 0.9017131390625 0.7501104515625 0.909511296875 0.8120116625
2 0.9266648984374999 0.6269357953125 0.9840557609375 0.615952996875 0.978077740625 0.588463159375 0.92030238125 0.60186366875 0.9266648984374999 0.6269357953125
2 0.807402871875 0.5569058671875 0.8446611390625 0.553348184375 0.8367827625 0.49115754999999994 0.7981439828125 0.49871013125 0.807402871875 0.5569058671875
2 0.78187166875 0.6938412015625001 0.81997320625 0.689613721875 0.812219634375 0.659595575 0.7818747734375 0.659867903125 0.78187166875 0.6938412015625001
2 0.46268271875 0.5709724875 0.49944522343750003 0.5623935906249999 0.486359371875 0.508107209375 0.45463475000000003 0.519823025 0.46268271875 0.5709724875
2 0.846179209375 0.3127205265625 0.88044765 0.2989941015625 0.8721757562500001 0.26276468125 0.835444440625 0.278494634375 0.846179209375 0.3127205265625
2 0.816927684375 0.20978451250000002 0.8309805921875 0.2478922328125 0.8650385671875 0.2288200578125 0.8537123078125 0.1946459140625 0.816927684375 0.20978451250000002
2 0.383427234375 0.2912202046875 0.4079996515625 0.2658256921875 0.3867412390625 0.24742095000000003 0.362601953125 0.27098951250000003 0.383427234375 0.2912202046875
2 0.0553569078125 0.9379964703124999 0.0892938578125 0.93145283125 0.07903525 0.8751326125000001 0.046946696875 0.8827065734374999 0.0553569078125 0.9379964703124999
2 0.017080896875 0.677607209375 0.034382503125000005 0.6710257953125 0.0231215859375 0.61717890625 0.0100568546875 0.6224924796875 0.017080896875 0.677607209375
2 0.7743009078124999 0.9203959609375 0.8146091046875 0.9115052859375 0.8072649203125 0.8751947015624999 0.765908153125 0.8925197953125 0.7743009078124999 0.9203959609375
2 0.4896979109375 0.7980790421874999 0.5043142265625 0.7950106578125 0.4944121 0.7362751796875 0.47512014062499996 0.7403470796875 0.4896979109375 0.7980790421874999