2 0 0.29723924375 0.008547231249999999 0.3219363296875 0.04360736875 0.3079751421875 0.0341254984375 0.28605417499999997 0 0.29621893906249996 0 0.29723924375
2 0.2610233296875 0.6482943125 0.25009262187500003 0.6362133265625001 0.188085878125 0.65083869375 0.192552696875 0.661961240625 0.2610233296875 0.6482943125
2 0.40102912812499997 0.9059854984375001 0.3846789765625 0.8407098859375 0.327484721875 0.8515704390625001 0.344767575 0.9170416140625001 0.40102912812499997 0.9059854984375001
2 0.295568434375 0.8512214484375 0.34461399375 0.8458548359375 0.334291865625 0.807252121875 0.2896927984375 0.8179196624999999 0.295568434375 0.8512214484375
2 0.27094895 0.8893516046875 0.2678536125 0.8622173796875 0.214207628125 0.868912196875 0.22049228593749998 0.8952976593749999 0.27094895 0.8893516046875
2 0.4641753765625 0.883372596875 0.42781455625 0.8891315859375 0.42738775156250003 0.9054144453124999 0.46717432812500004 0.8985117203125 0.4641753765625 0.883372596875
2 0.46198021875000006 0.877113940625 0.4580880890625 0.863916571875 0.42935253125 0.8684678375000001 0.43263417187500003 0.8797084906249999 0.46198021875000006 0.877113940625
2 0.0504012828125 0.7873549265625 0.052699017187499995 0.8284308812500001 0.08905829374999999 0.8226721390625 0.082021715625 0.783938209375 0.0504012828125 0.7873549265625
2 0.8557508078125 0.023196824999999997 0.8564024578125 0.038707725 0.8951090390625 0.032577203124999995 0.89103928125 0.0163705734375 0.8557508078125 0.023196824999999997
2 0.84769629375 0.029275415625000002 0.8336217359375 0.03150460625 0.83557056875 0.0438090421875 0.854923084375 0.04074390625 0.84769629375 0.029275415625000002
2 0.843370775 0.020952734375 0.841266296875 0.0038700687499999996 0.826606840625 0.0061918984375 0.828906278125 0.02260773125 0.843370775 0.020952734375