2 0.8739281203125 0.2005516890625 0.911020290625 0.1501723375 0.88214726875 0.134391175 0.8472985453125 0.1759680640625 0.8739281203125 0.2005516890625
2 0.6901725921875 0.0232526234375 0.666486109375 0.0559014625 0.7077059671875 0.0854116875 0.7358220734375001 0.0589406421875 0.6901725921875 0.0232526234375
2 0.5179606953125 0.6031469734375 0.455912009375 0.5603565781250001 0.43462210625 0.5925364531249999 0.4983230609375 0.6351177234375001 0.5179606953125 0.6031469734375
2 0.6047230671875 0.7697144781249999 0.5604349796875 0.74450269375 0.536539740625 0.778627003125 0.5880787484375001 0.8039215109375 0.6047230671875 0.7697144781249999
2 0.5169259359375 0.7561947546875001 0.540553390625 0.72473195 0.47825418593749996 0.6780637546875 0.4515097984375 0.71233603125 0.5169259359375 0.7561947546875001
2 0.434316225 0.8024033718749999 0.4062226671875 0.78309410625 0.38530721875 0.808158828125 0.4101906171875 0.832056375 0.434316225 0.8024033718749999
2 0.43904633125 0.938808178125 0.4554086046875 0.9129087046875 0.42129960000000005 0.8920950546874999 0.4082112578125 0.9264900140625001 0.43904633125 0.938808178125
2 0.2974494171875 0.795826615625 0.3152128609375 0.7628657984375 0.2894273375 0.744866621875 0.26692360625 0.777577446875 0.2974494171875 0.795826615625
2 0.2096643765625 0.8500863515624999 0.17269814375 0.8980924781249999 0.20475260624999997 0.9211782812499999 0.23539174843750002 0.8805699062500001 0.2096643765625 0.8500863515624999
2 0.20733578437500003 0.581516728125 0.1782511671875 0.5541289 0.1551839328125 0.5862171921875 0.181377584375 0.60780358125 0.20733578437500003 0.581516728125
2 0.24947076406250002 0.3554104703125 0.2252570578125 0.32589965468750004 0.2083932140625 0.3416652390625 0.22710342031250003 0.369994215625 0.24947076406250002 0.3554104703125
2 0.9255817609375001 0.348334125 0.903984315625 0.386441965625 0.9328245390625 0.402819103125 0.953457796875 0.371793946875 0.9255817609375001 0.348334125
2 0.8694519812499999 0.8186676593750001 0.892517575 0.78658084375 0.8439074921874999 0.7620343984375 0.8245853656250001 0.8020467421875 0.8694519812499999 0.8186676593750001
2 0.697376878125 0.577173171875 0.6832000515625001 0.6210225578124999 0.7316817515625 0.6366438015625 0.7491644015625 0.5977257500000001 0.697376878125 0.577173171875
2 0.7566787359375 0.60317179375 0.7332413984375 0.640889059375 0.76906648125 0.6600073859375 0.7915702125 0.6272965609375001 0.7566787359375 0.60317179375
2 0.1706060140625 0.8813475375 0.19962336249999998 0.8376797796875 0.16716485 0.822303709375 0.14416384843750002 0.8645030765625 0.1706060140625 0.8813475375
2 0.730100003125 0.7534054109375 0.7055175453125 0.7845208828125 0.7477989765624999 0.816465 0.771893509375 0.7874049359375 0.730100003125 0.7534054109375
2 0.61967260625 0.86980123125 0.5881824453125 0.8586378625 0.5657132703125 0.9133493984375001 0.5972345078125 0.923919828125 0.61967260625 0.86980123125
2 0.6636103906249999 0.9268054421875 0.6278476171875 0.9064981187500001 0.6151331296875 0.9450746234375 0.6479023875000001 0.9545213312499999 0.6636103906249999 0.9268054421875
2 0.950380578125 0.79319165625 0.9760615343750001 0.734189209375 0.9398635734375 0.72188726875 0.9142759046875 0.7794081937499999 0.950380578125 0.79319165625
2 0.2004218125 0.76577928125 0.2189996796875 0.7328627109375 0.20241057968749998 0.727831359375 0.185798896875 0.7614455359375001 0.2004218125 0.76577928125
2 0.1783805140625 0.794055103125 0.1624216 0.78816493125 0.1579970140625 0.804580865625 0.170811609375 0.809414403125 0.1783805140625 0.794055103125
2 0.1981932296875 0.7219619703125 0.18095745937500002 0.7064902796875 0.171825059375 0.7220664875 0.184766475 0.7358251421875 0.1981932296875 0.7219619703125
2 0.1830010765625 0.7398945765625 0.1701747140625 0.7308969000000001 0.16060475000000002 0.7434773515625 0.18199484375 0.7547059625 0.1830010765625 0.7398945765625