2 0.0821512484375 0.0698788546875 0.083116496875 0.10616247187500001 0.16166571406250002 0.10315497656249999 0.1564502578125 0.066729115625 0.0821512484375 0.0698788546875
2 0.084864815625 0.11094878125 0.08214070625 0.128018646875 0.156108765625 0.1264202578125 0.15997487500000002 0.1106800984375 0.084864815625 0.11094878125
2 0.515009975 0.244656490625 0.5176505125 0.25963172343749996 0.5509898359375 0.2501388171875 0.5494115609375 0.23776870312499998 0.515009975 0.244656490625
2 0.5222795671875 0.270470690625 0.5227689984375 0.28523183125 0.55748525625 0.2767003671875 0.5560795671875 0.26188976875000003 0.5222795671875 0.270470690625
2 0.527531340625 0.30025497031250004 0.5280539375 0.3186324796875 0.6045809265625001 0.297308815625 0.5975672046875 0.2780656390625 0.527531340625 0.30025497031250004
2 0.4099507921875 0.5115720609375 0.44582650468749996 0.5746633078125 0.4677712921875 0.55874835 0.432848203125 0.5010596984375 0.4099507921875 0.5115720609375
2 0.5090738515625 0.6937109968749999 0.5173130421875001 0.709628346875 0.610352428125 0.655276184375 0.60054689375 0.640742471875 0.5090738515625 0.6937109968749999
2 0.5199616125000001 0.714373328125 0.5295272703125 0.730965909375 0.6190536609375 0.67723318125 0.6121748546875 0.6621834093750001 0.5199616125000001 0.714373328125
2 0.5923141734375 0.739551321875 0.6076062140625 0.773215128125 0.6546915296875 0.7492513484375001 0.6424139515625 0.720697975 0.5923141734375 0.739551321875
2 0.6004024859375 0.9172352828125 0.6208347828125 0.961217946875 0.659583875 0.944748403125 0.6399107046875 0.8982234203124999 0.6004024859375 0.9172352828125
2 0.10216089531250001 0.765363946875 0.0434127328125 0.7642786578125 0.042958053125 0.77881438125 0.09788418125000001 0.7787664546874999 0.10216089531250001 0.765363946875
2 0.0451813 0.34294079375000003 0.040385015625 0.363663484375 0.0737876890625 0.3613863890625 0.07011283593749999 0.34396453125000004 0.0451813 0.34294079375000003