2 0.300775571875 1 0.312007175 0.9977366296874999 0.3018287171875 0.9008950609375 0.25031881718750004 0.9045163359374999 0.25864529062499997 1 0.300775571875 1
2 0.260156221875 0.430638971875 0.2301024671875 0.428426134375 0.218268315625 0.5144468718749999 0.2503085046875 0.5242137640625 0.260156221875 0.430638971875
2 0.3307293515625 0.438148521875 0.28757279687500004 0.4361172328125 0.27828979375 0.5245564234375 0.3261912859375 0.5311636765625 0.3307293515625 0.438148521875
2 0.017817578125 0.5367091328125 0.025265690624999997 0.584881990625 0.043670795312499996 0.5814549859375 0.03852685 0.535129521875 0.017817578125 0.5367091328125
2 0.0326906140625 0.513653175 0.030455859374999998 0.5150820984375 0.0485564390625 0.5113885890625001 0.04973835 0.46589080312500003 0.0273212046875 0.468246940625 0.0326906140625 0.513653175
2 0 0.43494111249999995 0.01310343125 0.43511409843750004 0.0057176125 0.376188325 0 0.3754709859375 0 0.43494111249999995
2 0.043538534375 0.30474829375 0.0226113765625 0.2985895375 0.01890761875 0.36286001875 0.042076215625 0.36460404375 0.043538534375 0.30474829375
2 0.977144025 0.2782648671875 0.9705513203124999 0.2055242625 0.9676781796875 0.20522922187499998 0.9669592343750001 0.27217265625 0.977144025 0.2782648671875
2 0.3553118546875 0.013706939062500001 0.3317525078125 0.0165413390625 0.33589885937499997 0.0429714640625 0.357551465625 0.040695684375 0.3553118546875 0.013706939062500001
2 0.33462866562500004 0.10638914531250002 0.321588090625 0.10716274374999998 0.3255590390625 0.1828670703125 0.34269695625 0.18315380312500001 0.33462866562500004 0.10638914531250002
2 0.376637475 0.11451127187500001 0.3605854578125 0.11500436562500001 0.36378413906249996 0.1806405125 0.37980065 0.1786585984375 0.376637475 0.11451127187500001
2 0.4063205640625 0.11318251718750001 0.38703915312500003 0.11700170624999999 0.39181410625 0.1579927671875 0.4108513828125 0.156290378125 0.4063205640625 0.11318251718750001
2 0.3672212765625 0.2802801953125 0.35470758125 0.2804013953125 0.3515359109375 0.3108842890625 0.3659140765625 0.3132552890625 0.3672212765625 0.2802801953125