2 0.6750012640625 0.49606480625 0.6385425046875 0.5304421500000001 0.667956134375 0.5574144703125 0.704024246875 0.5191154328125 0.6750012640625 0.49606480625
2 0.953796703125 0.2071538671875 0.9205315515624999 0.19410523125 0.8918818406250001 0.2621394703125 0.930773340625 0.27279435625000004 0.953796703125 0.2071538671875
2 0.7961388125 0.12192442187500001 0.7658527234375 0.08053191093749999 0.727840584375 0.1183281125 0.7674601625 0.1541343859375 0.7961388125 0.12192442187500001
2 0.9532794156250001 0.0984401890625 0.9232469296874999 0.08871642187499999 0.916072553125 0.1285597609375 0.9473543609374999 0.1381163265625 0.9532794156250001 0.0984401890625
2 0.4366732640625 0.9169930109375001 0.382741390625 0.9358023828125 0.3923839984375 0.9690549718750001 0.44517744062500003 0.954006578125 0.4366732640625 0.9169930109375001
2 0.52959039375 0.9022811515625 0.5686595640625 0.86578851875 0.5412369296875 0.84260915625 0.5057110703125 0.8794710640625001 0.52959039375 0.9022811515625
2 0.5429646390625 0.7806990390624999 0.51740741875 0.7511469421875 0.49415903906249997 0.7791514875 0.5225858234375 0.8054230640625001 0.5429646390625 0.7806990390624999
2 0.3772492140625 0.652831275 0.4133018875 0.6052767953125 0.385443415625 0.5862291984375 0.3525308125 0.632324221875 0.3772492140625 0.652831275
2 0.45725536250000004 0.7609442625 0.4317285125 0.7367685421875 0.3848892828125 0.7790101625 0.41065732343750005 0.805300803125 0.45725536250000004 0.7609442625
2 0.129192040625 0.904974128125 0.1342493453125 0.8511768046875 0.081927565625 0.831946090625 0.07945214687499999 0.9009402968750001 0.129192040625 0.904974128125
2 0.3144363515625 0.392495646875 0.304582534375 0.3896689078125 0.292370521875 0.4206244828125 0.30323562656249997 0.42146794062500004 0.3144363515625 0.392495646875
2 0.2783336390625 0.49735883750000004 0.24332892187500002 0.4895005484375 0.23058847500000001 0.5198035640625001 0.26936192187499997 0.530744553125 0.2783336390625 0.49735883750000004
2 0.3118633796875 0.43401665468750006 0.2804333390625 0.42056387500000003 0.2530266875 0.4881317453125 0.29052138125 0.49983386249999995 0.3118633796875 0.43401665468750006
2 0.41030486718750003 0.2019713609375 0.354279159375 0.16682881562500002 0.3199374703125 0.2151601453125 0.37810705312500004 0.2469458984375 0.41030486718750003 0.2019713609375
2 0.243929815625 0.0406026875 0.21585339375 0.0179484875 0.1878225375 0.068734175 0.22463302500000001 0.08723011562500001 0.243929815625 0.0406026875
2 0.06774185625 0.44417968124999996 0.0302175421875 0.43187742812499996 0.0195589078125 0.45941414687500004 0.0561695046875 0.4716203640625 0.06774185625 0.44417968124999996
2 0.0861981984375 0.228802471875 0.055669203125 0.223802684375 0.036000621875 0.26890005625 0.072316634375 0.27540361562500004 0.0861981984375 0.228802471875
2 0.24611599062499998 0.60502001875 0.26485711562500003 0.58012229375 0.23392202968750003 0.561945371875 0.21937800468750002 0.586687209375 0.24611599062499998 0.60502001875
2 0.524598809375 0.47249560468749996 0.5028736671875 0.503048328125 0.52178091875 0.5277223421875 0.5499044328125 0.5029167875 0.524598809375 0.47249560468749996