2 0.873084940625 0.1245393015625 0.8737496374999999 0.158089134375 0.911238678125 0.1597027375 0.9123805812500001 0.1260425671875 0.873084940625 0.1245393015625
2 0.8394320734375 0.062437653125000006 0.8406295234375 0.038069134375 0.8123419578125001 0.034595857812500005 0.8081978875000001 0.058602576562499994 0.8394320734375 0.062437653125000006
2 0.2518383 0.039294542187499996 0.2522327671875 0.050697926562499995 0.31911546875 0.05652040312499999 0.315219440625 0.041966803125 0.2518383 0.039294542187499996
2 0.879503328125 0.41816640781250003 0.8790805671875 0.426481553125 0.94282198125 0.4432717046875 0.9446751015625001 0.42575604531250005 0.879503328125 0.41816640781250003
2 0.8367862078125 0.5760734546874999 0.774482653125 0.5767921687500001 0.7745314703124999 0.629986809375 0.8355116546874999 0.6303020218750001 0.8367862078125 0.5760734546874999
2 0.4708691296875 0.49170204999999995 0.37605872812499996 0.47946258750000004 0.37518490781249997 0.5158114109375 0.46726557656249995 0.5259226515625001 0.4708691296875 0.49170204999999995
2 0.9635907640625 0.8271107359375 0.9671165453125001 0.791087534375 0.925068646875 0.7924987015625 0.9271740921875 0.8313794781249999 0.9635907640625 0.8271107359375
2 0.8461605375 0.777430846875 0.8543434718749999 0.8130986468750001 0.9178003484374999 0.8029612187499999 0.9068170359375 0.7706254140625 0.8461605375 0.777430846875
2 0.5963168 0.761098315625 0.6021331625 0.7916930109375 0.641968290625 0.7888153046874999 0.6367994703125001 0.7553956546875 0.5963168 0.761098315625
2 0.598517084375 0.8844798796875001 0.6150276703124999 0.9546368296875001 0.7237478328125 0.931529871875 0.70710248125 0.8697785296875 0.598517084375 0.8844798796875001
2 0.0276303265625 0.9125924718749999 0.0577234125 0.9089183703125 0.054097976562500004 0.87022405625 0.0248546640625 0.8728986328125 0.0276303265625 0.9125924718749999
2 0.2779544 0.6353514625 0.2771043125 0.6179147671874999 0.2177601375 0.623776221875 0.22227272031249998 0.638180409375 0.2779544 0.6353514625
2 0.0068369140625 0.4239677421875 0.0022102578125 0.46164882812499997 0.0268706765625 0.4634819015625 0.024707045312500002 0.4275110390625 0.0068369140625 0.4239677421875
2 0.2836464890625 0.4525765265625 0.2860539234375 0.44271359062500004 0.209946165625 0.4291859921875 0.20635940156250002 0.44623061093749994 0.2836464890625 0.4525765265625
2 0.0189772171875 0.6495695 0.014484265625000001 0.681289634375 0.0485816984375 0.6812935312499999 0.048211254687499996 0.6526552328124999 0.0189772171875 0.6495695
2 0.0500794015625 0.59601540625 0.0094990203125 0.5952186515625 0.014157214062500001 0.6352330390625001 0.0511180828125 0.6314042109375 0.0500794015625 0.59601540625
2 0.2839954140625 0.73231196875 0.184721909375 0.7320743000000001 0.18724831875 0.7772706421875 0.287919565625 0.773432646875 0.2839954140625 0.73231196875
2 0.8487014453124999 0.6982597515625 0.8452002890625 0.7121711359375 0.878629071875 0.71518473125 0.88243765 0.70120561875 0.8487014453124999 0.6982597515625
2 0.193469115625 0.8849469937500001 0.195053246875 0.9012774 0.28827951406249996 0.89718645625 0.28735635937500004 0.8827680421874999 0.193469115625 0.8849469937500001