2 0.097501553125 0.8800889046875 0.1147800421875 0.849345684375 0.04409151875 0.81801706875 0.028842764062499998 0.8515047656249999 0.097501553125 0.8800889046875
2 0.21773671874999997 0.9463619078125 0.22581001562499997 0.9807516375 0.27469856875 0.9740935078125 0.26912718281250003 0.9376623296875 0.21773671874999997 0.9463619078125
2 0.2571194046875 0.8446941671875001 0.26629436093750003 0.87122045625 0.31203984687499997 0.8559048828125 0.3061417265625 0.836176678125 0.2571194046875 0.8446941671875001
2 0.1500701 0.4556483796875 0.12099586250000001 0.48439174218750003 0.1591948875 0.5054629734375 0.1832057375 0.4801395515625 0.1500701 0.4556483796875
2 0.081438984375 0.481898615625 0.0916951296875 0.466282809375 0.05348999375 0.43492296093749994 0.041612890624999996 0.449060353125 0.081438984375 0.481898615625
2 0.0364173 0.505487275 0.0577132328125 0.4764002140625 0.0394826 0.45877360781250004 0.0125446671875 0.4914974890625 0.0364173 0.505487275
2 0.1391266796875 0.078501378125 0.1797676359375 0.0934034921875 0.189523528125 0.0550384703125 0.1606894484375 0.04565174375 0.1391266796875 0.078501378125
2 0.9052228171875001 0.3193199625 0.8670663781249999 0.3055838703125 0.8384071499999999 0.37994590625 0.8807725218750001 0.39410270468749997 0.9052228171875001 0.3193199625
2 0.6428723734374999 0.982386603125 0.637387090625 0.9435512718749999 0.588500228125 0.950210821875 0.5881049609375 0.986567996875 0.6428723734374999 0.982386603125
2 0.8936227328124999 0.6091243953125 0.9283049125 0.6172121078125 0.9383129546875001 0.5885416875 0.9036369609375001 0.5737121546874999 0.8936227328124999 0.6091243953125
2 0.9116630296875 0.7642141171875 0.906031834375 0.8122737265625 0.9437093234375 0.8137408125000001 0.94356025625 0.7643314125 0.9116630296875 0.7642141171875
2 0.1593726 0.0374305421875 0.14553311093750002 0.029101915625000002 0.08165212656250001 0.034690778125 0.0743241140625 0.0395118640625 0.134195696875 0.07325179062500001 0.1593726 0.0374305421875
2 0.8034802546875 0.375855671875 0.77966860625 0.437482690625 0.84525424375 0.4513960328125 0.8568528703125 0.39321845 0.8034802546875 0.375855671875