2 0.8555950015624999 0.953224484375 0.882256675 0.92676645 0.8108295812499999 0.8678996812499999 0.7911569453125 0.8960396718749999 0.8555950015624999 0.953224484375
2 0.8397340062499999 1 0.8188929937499999 0.97863038125 0.80941285 1 0.8397340062499999 1
2 0.3399879390625 0.8602146656249999 0.35831922656250004 0.8107850265625001 0.30004333125 0.79152081875 0.28324740625 0.8462383515624999 0.3399879390625 0.8602146656249999
2 0.8234175578125 0.634527671875 0.8591185125 0.57318904375 0.8267322328125 0.5518682078125 0.7885938296874999 0.6136765015625001 0.8234175578125 0.634527671875
2 0.632000865625 0.609632803125 0.67337035625 0.6420487328125 0.7016478937499999 0.6002317109375 0.6523839875 0.5634023515625 0.632000865625 0.609632803125
2 0.7047256843749999 0.3664587328125 0.7116816015625 0.3343442734375 0.6640996671875 0.31560859531249996 0.6577906296875 0.3500738625 0.7047256843749999 0.3664587328125
2 0.296987721875 0.22984481250000002 0.325136665625 0.1665152515625 0.26325565625 0.136124190625 0.23578396562499998 0.2072107875 0.296987721875 0.22984481250000002
2 0 0.5310464500000001 0.0260853859375 0.546545540625 0.05025819375 0.49832531874999997 0.0004985500000000001 0.4690527234375 0 0.47379610625 0 0.5310464500000001
2 0.1224550421875 0.7543431875 0.13926341874999998 0.702362259375 0.0991399015625 0.6921733296875 0.0842667875 0.7456224046875 0.1224550421875 0.7543431875
2 0.21295712500000002 0.756689521875 0.2122713484375 0.740493175 0.154028765625 0.726607225 0.1530745734375 0.7385259015625001 0.21295712500000002 0.756689521875
2 0.18973078125 0.18811575 0.19839768124999999 0.1567781421875 0.1318865171875 0.1306781671875 0.12212383281250001 0.163921046875 0.18973078125 0.18811575
2 0.162709225 0.0759910609375 0.180852834375 0.03967771875 0.121489865625 0.0137304578125 0.1105867234375 0.054983946875 0.162709225 0.0759910609375
2 0.0835785546875 0.289228415625 0.022831546875 0.2565684578125 0.0187962578125 0.294961665625 0.06620604218750001 0.3210304578125 0.0835785546875 0.289228415625
2 0.8380020953124999 0.4616834359375 0.85098866875 0.42900878281250004 0.8149048078125001 0.41446670625 0.80493094375 0.4497188296875 0.8380020953124999 0.4616834359375
2 0.9008822125 0.5166652078125 0.9259574531249999 0.47689969374999996 0.89170569375 0.450606625 0.864889128125 0.49273902343750003 0.9008822125 0.5166652078125
2 1 0.4348229734375 0.9747435031249999 0.4217109578125 0.9710803765625 0.47076396249999997 1 0.48032092187500003 1 0.4348229734375
2 0.8706455343749999 0.5487208421875 0.8919006218750001 0.516915246875 0.8741842453125 0.5037066484375 0.8560995921875 0.539429165625 0.8706455343749999 0.5487208421875
2 0.9606931765625 0.8848465921875001 0.9647724453125001 0.8494431109375 0.9388982640625001 0.8138780671875001 0.916431971875 0.8401816078125 0.9606931765625 0.8848465921875001
2 0.341120990625 0.7301487125 0.3522134984375 0.6984690265625 0.3246767796875 0.6878103906249999 0.31647469375 0.7203908921875 0.341120990625 0.7301487125