2 0.2547203125 0.96186875 0.23779843750000002 0.9987546875 0.2942046875 0.9987546875 0.3078609375 0.982309375 0.2547203125 0.96186875
2 0.44739375 0.6566578125 0.4218609375 0.6815703125 0.44976874999999994 0.7076703125 0.47411250000000005 0.6786046875 0.44739375 0.6566578125
2 0.593159375 0.382790625 0.5952375 0.421759375 0.6296765625 0.4146421875 0.6308625 0.3802375 0.593159375 0.382790625
2 0.8351140625 0.16847499999999999 0.8300671875000001 0.11415625 0.7513953124999999 0.12220625 0.7745515625 0.17143906250000002 0.8351140625 0.16847499999999999
2 0.8458015624999999 0.145340625 0.8867703125 0.1382234375 0.8885531249999999 0.1079703125 0.8469906249999999 0.113309375 0.8458015624999999 0.145340625
2 0.38861249999999997 0.937821875 0.3268609375 0.9262890625000001 0.3203296875 0.955025 0.3785171875 0.971634375 0.38861249999999997 0.937821875
2 0.6661921875 0.45395312499999996 0.6219578125 0.4490453125 0.61483125 0.48522968750000006 0.6546140625 0.489975 0.6661921875 0.45395312499999996
2 0.3117203125 0.38101093750000004 0.28054843749999997 0.40040624999999996 0.3031109375 0.4324375 0.33636093749999996 0.4193875 0.3117203125 0.38101093750000004
2 0.57505 0.14830625 0.5976140625 0.1755921875 0.62670625 0.15483125 0.6100828125 0.1251734375 0.57505 0.14830625
2 0.853521875 0.0083171875 0.7395203125 0.0409421875 0.7614890625 0.10915625 0.8826140625000001 0.074159375 0.853521875 0.0083171875
2 0.52101875 0.0278921875 0.53764375 0.05280625 0.6005828125 0.0071312500000000004 0.56495625 0.0000125 0.52101875 0.0278921875