2 0.0644234375 0.43149218749999996 0.09796875000000001 0.42958125 0.094703125 0.3768515625 0.056703125 0.381009375 0.0644234375 0.43149218749999996
2 0.2173140625 0.04928125 0.22592343750000002 0.090584375 0.2627359375 0.0858328125 0.2556109375 0.044259375000000004 0.2173140625 0.04928125
2 0.335175 0.3055828125 0.3719859375 0.30379999999999996 0.3684234375 0.268759375 0.335175 0.27172968750000004 0.335175 0.3055828125
2 0.358034375 0.13478125000000002 0.3595171875 0.160071875 0.42661249999999995 0.1499765625 0.42305000000000004 0.1250328125 0.358034375 0.13478125000000002
2 0.9117078125000001 0.2539109375 0.909334375 0.3075640625 0.949709375 0.30855156250000004 0.955646875 0.25569375 0.9117078125000001 0.2539109375
2 0.8428328125 0.3679421875 0.8460984375 0.32626875 0.7787078125 0.3311203125 0.7781140625 0.3685375 0.8428328125 0.3679421875
2 0.50795625 0.21530624999999998 0.514784375 0.2514546875 0.5548625 0.2384703125 0.54358125 0.20461562500000002 0.50795625 0.21530624999999998
2 0.56020625 0.44294062500000003 0.6011765625 0.4392125 0.596425 0.4208015625 0.55901875 0.43030468749999995 0.56020625 0.44294062500000003
2 0.48895625000000004 0.42198906249999996 0.49608125000000003 0.45719062499999996 0.5536765625 0.448715625 0.5477375 0.41248593749999996 0.48895625000000004 0.42198906249999996
2 0.4346265625 0.348534375 0.44323750000000006 0.383978125 0.482425 0.381009375 0.47589375 0.3465625 0.4346265625 0.348534375
2 0.1671421875 0.0389140625 0.2493765625 0.0421578125 0.2484859375 0.021096875 0.1683296875 0.0246609375 0.1671421875 0.0389140625
2 0.1834703125 0.3645640625 0.1867359375 0.37982187500000003 0.22532968750000001 0.36972499999999997 0.2176109375 0.357846875 0.1834703125 0.3645640625
2 0.1888140625 0.3877203125 0.1932671875 0.4006078125 0.2271109375 0.39763906250000003 0.22532968750000001 0.3774453125 0.1888140625 0.3877203125
2 0.1861421875 0.3075640625 0.1908921875 0.3210234375 0.2312671875 0.314490625 0.22592343750000002 0.2978609375 0.1861421875 0.3075640625
2 0.19623593749999999 0.35071875 0.23007968750000002 0.34478125 0.2271109375 0.3275578125 0.194453125 0.33290156249999997 0.19623593749999999 0.35071875