2 0.6145457453125001 0.571438115625 0.607906621875 0.602534075 0.6619326156249999 0.61845360625 0.667335959375 0.5860405984375 0.6145457453125001 0.571438115625
2 0.3042690953125 0.448133690625 0.2899865875 0.49849094374999997 0.3363192015625 0.51527168125 0.3547714046875 0.465226909375 0.3042690953125 0.448133690625
2 0.05245138125 0.3655232390625 0.0495175296875 0.4006454625 0.1029500828125 0.41658415312499997 0.1138582140625 0.3801828515625 0.05245138125 0.3655232390625
2 0.20842175312500003 0.034225009375 0.20010767031249999 0.1193904828125 0.248441284375 0.1254198390625 0.254971053125 0.031691106250000003 0.20842175312500003 0.034225009375
2 0.8606714249999999 0.74624713125 0.861804590625 0.761638834375 0.9352589578125 0.7555122078125 0.9311750609375 0.7405987734374999 0.8606714249999999 0.74624713125
2 1 0.8169382125 0.9674899640625 0.8107725875 0.9494814625 0.8565101875 0.9844983109375001 0.8724994203125 1 0.833391240625 1 0.8169382125
2 0.9575747640625 0.7820354921875 0.9538350953125001 0.794037378125 0.9742172953124999 0.7992604828125 0.9767701875 0.7873000390625 0.9575747640625 0.7820354921875
2 0.9680624859375 0.7591148875 0.964300534375 0.770523440625 0.98167601875 0.7746664437499999 0.9835759749999999 0.7610215124999999 0.9680624859375 0.7591148875
2 0.7803842640624999 0.6588317984375001 0.7791837593750001 0.6754932203124999 0.8438095265625 0.688669278125 0.8508802453125 0.6700220906250001 0.7803842640624999 0.6588317984375001
2 0.7639075421875 0.69739438125 0.7644457578125 0.7128068625 0.8259182546874999 0.7207507171875001 0.8258867828125 0.711342959375 0.7639075421875 0.69739438125
2 0.6315051859375 0.9210326421874999 0.615975353125 0.96965268125 0.6424569906250001 0.9794094281250001 0.657066803125 0.9299631828124999 0.6315051859375 0.9210326421874999
2 0.6853464125000001 0.9316163062499999 0.6668480234375 0.980338446875 0.6885412734374999 0.989078875 0.709096728125 0.93971736875 0.6853464125000001 0.9316163062499999
2 0.60282864375 0.69530374375 0.562961134375 0.6765149046875 0.5468707484374999 0.7091275671874999 0.59564064375 0.727605528125 0.60282864375 0.69530374375
2 0.46489969374999995 0.505439234375 0.45123124218750005 0.5563675921875 0.48192881718749997 0.567761015625 0.49924037656250003 0.5190787578125 0.46489969374999995 0.505439234375
2 0.420303603125 0.28323369062500003 0.4250868671875 0.3180848625 0.44886384375 0.31844277656250003 0.44714603124999996 0.27775763124999997 0.420303603125 0.28323369062500003
2 0.44432168125000004 0.17140391093750001 0.4092926125 0.172033040625 0.4116524359375 0.18857013281249999 0.448359678125 0.1849134046875 0.44432168125000004 0.17140391093750001
2 0.43046152187500003 0.1997846 0.43390457031249996 0.21331486875 0.45229960625 0.2126725 0.455923125 0.19734451718749998 0.43046152187500003 0.1997846
2 0.49635724999999997 0.827819015625 0.48031518906250004 0.8788286984375 0.5116682625 0.8919800046875 0.5282435078125001 0.83922565 0.49635724999999997 0.827819015625