2 0.7566930953125001 0.71929850625 0.71185153125 0.7498133296875 0.7466087203125 0.796189259375 0.7866049640624999 0.7633348546875001 0.7566930953125001 0.71929850625
2 0.5412712625 0.9635157875000001 0.56256709375 0.99595303125 0.629342371875 0.9627140546874999 0.59834554375 0.9208352078125 0.5412712625 0.9635157875000001
2 0.9740989796875 0.88786223125 0.9417138843749999 0.8992069203125 0.9567366671875 0.943986815625 0.970596271875 0.9379532921875 0.9740989796875 0.88786223125
2 0.65351499375 0.3747487296875 0.6255556171875 0.3915838359375 0.64597473125 0.44550801562500003 0.6783887359375 0.427172578125 0.65351499375 0.3747487296875
2 0.592681159375 0.0319979859375 0.56673429375 0.0034455671875000004 0.5456960343749999 0.0019744296875000003 0.4950363078125 0.02394598125 0.5267729812499999 0.075889925 0.592681159375 0.0319979859375
2 0.9121534796875 0.1703638375 0.8962141171875 0.146478465625 0.8524728749999999 0.1757275109375 0.8672720578125 0.2002862453125 0.9121534796875 0.1703638375
2 0.9015680296875 0.2145536359375 0.8869345203125001 0.1923641140625 0.8433895703125 0.22368106875 0.8571945171875001 0.2432501265625 0.9015680296875 0.2145536359375
2 0.9714289781250001 0.24419007499999998 0.982848403125 0.23743955 0.97967169375 0.191831296875 0.9479311609375 0.214287609375 0.9714289781250001 0.24419007499999998
2 0.7361316328124999 0.408254803125 0.7491193218750001 0.3984186171875 0.7173597265625 0.29588271875 0.7013326859375 0.30176660625 0.7361316328124999 0.408254803125
2 0.62191039375 0.2799395921875 0.5980413718750001 0.2447062828125 0.5632166140625 0.2593430671875 0.5889578625 0.30188545312500004 0.62191039375 0.2799395921875
2 0.4227712875 0.10221039375 0.4115528859375 0.0268077109375 0.36462797187499996 0.0360410203125 0.38032061875 0.11589086562499999 0.4227712875 0.10221039375
2 0.4017696703125 0.15903099375000002 0.40000115156250005 0.125228265625 0.366739178125 0.1257701359375 0.3712895296875 0.16533033749999998 0.4017696703125 0.15903099375000002
2 0.4820854296875 0.2361491171875 0.49824016562500006 0.22906747031250002 0.4759436 0.171701809375 0.460647271875 0.18467543125000002 0.4820854296875 0.2361491171875
2 0.3454895046875 0.2385584359375 0.3380993859375 0.175388815625 0.3112526765625 0.1826229203125 0.3189037546875 0.24101269374999998 0.3454895046875 0.2385584359375
2 0.21346321875 0.23826741562499998 0.188285678125 0.260859996875 0.2117873171875 0.308915790625 0.246227071875 0.2901395328125 0.21346321875 0.23826741562499998
2 0.260907275 0.27899459531250004 0.29686118125 0.25743405625000004 0.26013063281250004 0.1841145234375 0.2280026578125 0.208085925 0.260907275 0.27899459531250004
2 0.630613259375 0.84655964375 0.593675875 0.786051371875 0.5819814578125 0.7954995234375 0.617373946875 0.8528422265625 0.630613259375 0.84655964375
2 0.4971708203125 0.9195788015625 0.48692188437499995 0.9345787078125 0.527999265625 0.9947990499999999 0.540838878125 0.9849732203125001 0.4971708203125 0.9195788015625
2 0.510346375 1 0.5158218671875 0.999221775 0.487104175 0.9542091234375001 0.4750220859375 0.9618987828125001 0.5027440421875 1 0.510346375 1
2 0.13930377968750002 0.8529409546875 0.090498890625 0.8777809203125001 0.107143915625 0.9117353453125 0.1619270578125 0.8837989421874999 0.13930377968750002 0.8529409546875
2 0.21870391875 0.5938320421875 0.17335289062499998 0.625572890625 0.1937572671875 0.6622404359375 0.2378264953125 0.6302900546875 0.21870391875 0.5938320421875
2 0.071162321875 0.388685234375 0.0555363421875 0.3522803171875 0.019582434375 0.3738408546875 0.0405775578125 0.4104670921875 0.071162321875 0.388685234375
2 0.521414671875 0.54349965 0.49892333750000006 0.5194788031249999 0.47247991406249995 0.540969503125 0.49040316562499997 0.5676905828125001 0.521414671875 0.54349965