2 0.735602271875 0.1936112671875 0.76619588125 0.1953117890625 0.7776102890625001 0.16445400937500002 0.7330083125 0.1590870140625 0.735602271875 0.1936112671875
2 0.9630194968750001 0.22720592343749998 0.8898336890625 0.23806825156250003 0.8992627875 0.2695849421875 0.9380797515625 0.2682294234375 0.9484592265625 0.287249084375 0.9746545890625 0.2821817921875 0.9630194968750001 0.22720592343749998
2 0.7166076765625 0.2856552390625 0.7540379875000001 0.28434814375 0.7584240546875 0.2509653625 0.7139171453125 0.248365484375 0.7166076765625 0.2856552390625
2 0.189718878125 0.18221475625 0.200679409375 0.2178289359375 0.23796483125 0.21237280625000002 0.22810117968750002 0.1684121375 0.189718878125 0.18221475625
2 0.2202025140625 0.8166545624999999 0.2489434671875 0.84472643125 0.2783298265625 0.8118558390624999 0.2539902984375 0.7905532375 0.2202025140625 0.8166545624999999
2 0.3746824265625 0.748956428125 0.3596116984375 0.7148678734375 0.29848341093749997 0.7530010109374999 0.31498749375 0.78842316875 0.3746824265625 0.748956428125
2 0.2872509734375 0.3518767890625 0.2707468921875 0.31645463125 0.22949621250000002 0.327586978125 0.2446151484375 0.36305594218750004 0.2872509734375 0.3518767890625
2 0.325979634375 0.506975909375 0.3179373015625 0.47541391875 0.2807001390625 0.48225201718750005 0.2847290125 0.5181098171875 0.325979634375 0.506975909375
2 0.3965399265625 0.7786523265625 0.3836768078125 0.76802445625 0.325272009375 0.8046788328125001 0.33698988124999996 0.8222681015625 0.3965399265625 0.7786523265625
2 0.4878396078125 0.49163179375 0.499510834375 0.507840596875 0.545775334375 0.48130201093749997 0.5412788984375 0.4717671890625 0.4878396078125 0.49163179375
2 0.513216975 0.7413498203125 0.5016423234375 0.7279065171875 0.4568610515625 0.7571621828125 0.4656125203125 0.7693188546874999 0.513216975 0.7413498203125
2 0.5692348125 0.7158558578124999 0.5631569578125 0.7008369484375 0.5096227109375 0.7179375593749999 0.5198589124999999 0.7328096921875 0.5692348125 0.7158558578124999
2 0.6669463140625 0.850898353125 0.6897888156249999 0.8293317734375 0.673864228125 0.8105041906249999 0.6482483625000001 0.8321660546875 0.6669463140625 0.850898353125
2 0.41907349375 0.8277083015625 0.40621042812499997 0.8170819921874999 0.38083451875 0.8456600062499999 0.3894908625 0.8550479984375 0.41907349375 0.8277083015625
2 0.39378191875 0.8188996609375 0.3823522640625 0.8096085140625 0.3568345859375 0.8340373874999999 0.3684060078125 0.847477675 0.39378191875 0.8188996609375
2 0.793304646875 0.6138816281249999 0.7954985156250001 0.59719176875 0.755294896875 0.5985957109375 0.757357565625 0.6179058000000001 0.793304646875 0.6138816281249999