2 0.7544458078125 0.6044727062499999 0.7463515875 0.53855058125 0.6585138359375 0.550728896875 0.664726690625 0.6127008593750001 0.7544458078125 0.6044727062499999
2 0.9294734578125 0.415691303125 0.8624323203125 0.4267108859375 0.8604195578124999 0.47853937812499997 0.9338063078125 0.4737113578125 0.9294734578125 0.415691303125
2 1 0.47964992031250003 0.9969494156250001 0.45480491093750003 0.9683792640625001 0.45970765625 0.971414571875 0.4844282578125 1 0.4809184078125 1 0.47964992031250003
2 0.16183136250000002 0.5071579328125 0.16433579843749999 0.538914425 0.20522459531249998 0.5422578171875 0.1987900796875 0.5012252 0.16183136250000002 0.5071579328125
2 0.9673532828125 0.5309323390625 0.9996053609375 0.5269722828125001 0.9996777296875001 0.5228262625 0.9951027046875 0.49545956406249997 0.9636433140625 0.5007170640624999 0.9673532828125 0.5309323390625
2 0.7655546953125001 0.731487496875 0.7487552046875 0.628770765625 0.6557865265625 0.65113783125 0.67074410625 0.74372540625 0.7655546953125001 0.731487496875
2 0.3213698328125 0.16867489375 0.2873461203125 0.16926637656250001 0.28598989375 0.182580903125 0.3214105046875 0.18360938124999998 0.3213698328125 0.16867489375
2 0.2893119609375 0.14631352656250002 0.28898550312500004 0.15825796875 0.32169193906250004 0.156682184375 0.32142472187500004 0.144761834375 0.2893119609375 0.14631352656250002
2 0.2884791953125 0.1249022921875 0.2914692625 0.1346511875 0.32056973437499997 0.13291365625 0.321998509375 0.12019000312499999 0.2884791953125 0.1249022921875
2 0.2882450265625 0.0986350375 0.2887591921875 0.112579440625 0.321947990625 0.110034525 0.320502315625 0.09826044687499999 0.2882450265625 0.0986350375
2 0.9982499218750001 0.6046253015625 0.9718951562499999 0.6093351015625 0.9703688578125 0.6212773140625 0.9979914843750001 0.6194312453124999 0.9982499218750001 0.6046253015625
2 0.9970538718749999 0.673146978125 0.9837444968750001 0.676608096875 0.9830290890625 0.6878336453125 0.9968432046875 0.6852161515625 0.9970538718749999 0.673146978125
2 0.9964992 0.7049241296875 0.9897163625 0.7057569578125 0.9869315750000001 0.719616834375 0.9962665265625 0.7182539968749999 0.9964992 0.7049241296875