2 0.14309801718749998 0.6806952953125001 0.12211350781250001 0.71483236875 0.1551355421875 0.73008345 0.1757295125 0.6953006937499999 0.14309801718749998 0.6806952953125001
2 0.21937564375 0.51523803125 0.16779040625 0.48950279375 0.13161026874999998 0.5605593 0.1752376 0.5851550390625 0.21937564375 0.51523803125
2 0.1515145078125 0.44620912968750004 0.12097746250000001 0.43370771562500005 0.1051178859375 0.46592535625 0.1365521703125 0.48266660000000006 0.1515145078125 0.44620912968750004
2 0 0.49423974218750005 0.016094298437499998 0.50229398125 0.0343958 0.4746639484375 0.005972054687500001 0.4558680984375 0 0.4639406390625 0 0.49423974218750005
2 1 0.573417453125 0.988853815625 0.563630825 0.9714893578125 0.6000614046875 1 0.617081740625 1 0.573417453125
2 0.9564831437500001 0.43143695 0.9242852125000001 0.411372771875 0.8984766000000001 0.46237978437500005 0.9276774874999999 0.48030588593749995 0.9564831437500001 0.43143695
2 0.565917609375 0.36577761249999996 0.5358032671874999 0.35201761875000004 0.5098652218749999 0.42343502656250004 0.5367918046875 0.4358442734375 0.565917609375 0.36577761249999996
2 0.4629452875 0.6399423671875 0.44927530156250006 0.632267040625 0.40330106875 0.6891076484374999 0.4242420125 0.6994564453125001 0.4629452875 0.6399423671875
2 0.51850670625 0.50198745625 0.48503911874999994 0.485699228125 0.4690982375 0.5173271328125 0.5001872078125 0.5358888375 0.51850670625 0.50198745625
2 0.41664009843749994 0.3189851453125 0.4071950703125 0.33710567343750003 0.44769946718750003 0.3608007109375 0.46131427968749994 0.348885246875 0.41664009843749994 0.3189851453125
2 0.079408790625 0.1336761953125 0.0148502796875 0.20332475468750003 0.04351075 0.2430144328125 0.110552559375 0.1760810640625 0.079408790625 0.1336761953125