2 0.170051128125 0.2781564875 0.123609978125 0.2335232328125 0.0931517234375 0.25558006718750004 0.13979244062500001 0.3016101765625 0.170051128125 0.2781564875
2 0.0919520421875 0.30571431875 0.0765377109375 0.32855449999999997 0.122745396875 0.356033790625 0.12966825937499998 0.3336094328125 0.0919520421875 0.30571431875
2 0.9067595687500001 0.34860795312500004 0.9093998593749999 0.2840543484375 0.8689033765625 0.284360571875 0.8647499796875 0.34250639843749997 0.9067595687500001 0.34860795312500004
2 0.7643700109375 0.8219927203124999 0.7808159484375 0.8937298859375 0.8770390578124999 0.882087596875 0.8718470828125 0.8191014937500001 0.7643700109375 0.8219927203124999
2 0.1880962296875 0.4701430375 0.1313121390625 0.4296347609375 0.11937093437499999 0.441183934375 0.18245203125 0.48981794531249995 0.1880962296875 0.4701430375
2 0.6531366140625 0.0877886515625 0.6354429296874999 0.11969639843749999 0.6747275703125 0.1376788890625 0.6935916375 0.103705359375 0.6531366140625 0.0877886515625
2 0.8288157999999999 0.18454022812499998 0.7512297609374999 0.151236828125 0.739903553125 0.187269578125 0.8154012890625 0.2160389125 0.8288157999999999 0.18454022812499998
2 0.815611753125 0.267907296875 0.782442903125 0.255648875 0.7665025796875 0.285345878125 0.799672971875 0.29760454375 0.815611753125 0.267907296875
2 0.5460345 0.5866541765625 0.5835309203125 0.59819796875 0.5977396734375 0.5528150953125001 0.5581531640625 0.536738534375 0.5460345 0.5866541765625
2 0.6570179078125 0.5243787796875 0.5740217203125 0.49862512187499997 0.5656544546875 0.5337248921875 0.6468457953125 0.5619943734375 0.6570179078125 0.5243787796875
2 0.69557390625 0.030761140625 0.7427649656249999 0.05773491562500001 0.7485755078125 0.0343528875 0.696997103125 0.025580939062500002 0.69557390625 0.030761140625
2 0.719387190625 0.7069741625 0.7514490781250001 0.7116488640624999 0.761560025 0.682020478125 0.725959128125 0.678784871875 0.719387190625 0.7069741625