2 0.7283887984375 0.72356564375 0.680536078125 0.734226890625 0.6969992781250001 0.7854460609375 0.7380459421875 0.7786131109375 0.7283887984375 0.72356564375
2 0.4112166140625 0.37666313749999997 0.44717417968750006 0.3638716046875 0.42048658593750005 0.273229621875 0.389017121875 0.28008463125 0.4112166140625 0.37666313749999997
2 0.49783149375 0.30860010937500004 0.489106334375 0.257027459375 0.45483186406250004 0.2654232984375 0.46673253125 0.3136134265625 0.49783149375 0.30860010937500004
2 0.2505838375 0.1792349375 0.2842074375 0.1721154328125 0.262059746875 0.09407504375 0.23139532499999999 0.10262740781249999 0.2505838375 0.1792349375
2 0.1560404796875 0.2716016125 0.22073493593750002 0.25947066875 0.1984015 0.16530144375 0.1400204484375 0.182041078125 0.1560404796875 0.2716016125
2 0.014790659375000001 0.20280281718749998 0.09389621718749999 0.18650957968749998 0.082543659375 0.12329535625000002 0.0046378921875 0.14183411562499998 0.014790659375000001 0.20280281718749998
2 0.8107713765625 0.0790465859375 0.823217903125 0.07362841249999999 0.8121751109374999 0.0372971328125 0.8007577687499999 0.036904378125 0.8107713765625 0.0790465859375
2 0.851018890625 0.06124331875 0.838795896875 0.02505695 0.8261153609375 0.0290051859375 0.835173290625 0.06378712343750001 0.851018890625 0.06124331875
2 0.874753040625 0.054738304687499996 0.86812650625 0.0202576109375 0.8519932109375 0.0204454796875 0.8617006375 0.060529975 0.874753040625 0.054738304687499996
2 0.6703098 0.0532204796875 0.7035758921874999 0.044650925 0.6962031296875 0.013849535937499999 0.6609790890625 0.0193709234375 0.6703098 0.0532204796875
2 0.5430142046875 0.0688504125 0.55965303125 0.1347057140625 0.5791895515625 0.12811789375 0.5629778703125 0.064305453125 0.5430142046875 0.0688504125
2 0.479649934375 0 0.437832371875 0.0051345515625 0.4439003171875 0.0289758890625 0.51830370625 0.012362690625 0.5136179171874999 0 0.479649934375 0
2 0.43151150156250007 0.6442641578125 0.4631671359375 0.6257196421875 0.44966354218750004 0.603450890625 0.42068390625 0.615980703125 0.43151150156250007 0.6442641578125
2 0.3722151296875 0.5818534953125 0.3374749765625 0.6010727 0.36863354843749996 0.6355338546875 0.39483024218749996 0.614967671875 0.3722151296875 0.5818534953125
2 0.35686340625 0.8328924796875 0.37653400000000004 0.8265888765625 0.35873853906250003 0.779122540625 0.3389863015625 0.783940646875 0.35686340625 0.8328924796875