2 0.9326915546875 0.42314323906249995 0.8849077937500001 0.399610671875 0.8636612124999999 0.45086690625000003 0.9096584343749999 0.4732616765625 0.9326915546875 0.42314323906249995
2 0.9995602 0.45536649531249995 0.9659397328124999 0.432769025 0.9420012375000001 0.48277639843750003 0.9764077125 0.49913664999999996 0.9995602 0.45536649531249995
2 0.75786011875 0.777169690625 0.703460959375 0.7556486875 0.68737485 0.7912396765625 0.738088140625 0.8187021624999999 0.75786011875 0.777169690625
2 0.712531275 0.6238179828125 0.6251691453125 0.5756157578125001 0.59761493125 0.634284465625 0.6811538109375 0.68208531875 0.712531275 0.6238179828125
2 0.663680796875 0.6806396968749999 0.613034078125 0.6583226875 0.600848896875 0.6894424203125 0.6512773015625 0.71271635625 0.663680796875 0.6806396968749999
2 0.769871525 0.71816261875 0.7368915921875 0.701802653125 0.7265201328125 0.7386070140625 0.756864240625 0.7558307484375 0.769871525 0.71816261875
2 0.4483394234375 0.46266242343749997 0.44221723281249997 0.5137389421874999 0.4772154875 0.5214752015624999 0.4815114234375 0.473214921875 0.4483394234375 0.46266242343749997
2 0.38994095156249997 0.453829884375 0.35590058125 0.43860584375 0.34811204687499997 0.496106703125 0.3813679765625 0.5042133062499999 0.38994095156249997 0.453829884375
2 0.49433536718750004 0.13207680156249998 0.45926615625 0.1289066359375 0.45747708906250006 0.1632813375 0.49480791718750006 0.1620235859375 0.49433536718750004 0.13207680156249998
2 0.1888821921875 0.23524480625000002 0.1563953765625 0.22181350156250002 0.1402348109375 0.25135016875 0.1729008140625 0.26808196562500003 0.1888821921875 0.23524480625000002
2 0.8796478609375 0.6259327671875 0.9133199843750001 0.6357719484375 0.9287935296875001 0.591812959375 0.8974983046875 0.5729703453125 0.8796478609375 0.6259327671875
2 0.36986361562500003 0.28236509375 0.38322076875 0.28468556718750004 0.38619564375 0.26159369374999997 0.3768394859375 0.257512259375 0.36986361562500003 0.28236509375
2 0.40766613749999997 0.263403653125 0.3960596515625 0.259497034375 0.393997903125 0.2811807875 0.4025279171875 0.2842237953125 0.40766613749999997 0.263403653125
2 0.4331391546875 0.2634523296875 0.41876140937499995 0.260741775 0.41524374999999997 0.28698409375 0.4243545421875 0.289903653125 0.4331391546875 0.2634523296875
2 0.45202238125000005 0.266722753125 0.43868732499999996 0.2631835515625 0.436749025 0.28544807968749997 0.44623015781250003 0.2901099640625 0.45202238125000005 0.266722753125