2 0.2633296890625 0.7407703125 0.23601718749999998 0.6939093749999999 0.1873296859375 0.725346875 0.2173140625 0.7675375 0.2633296890625 0.7407703125
2 0.034734375 0.5088375 0.0008906249999999999 0.52781875 0.029390624999999997 0.59675 0.07332968749999999 0.5687500015625 0.034734375 0.5088375
2 0.0519531296875 1 0.09084375 0.9854703125000001 0.07095312499999999 0.9127906250000001 0.035020271874999995 0.9221140109375 0.038520290624999995 0.96211940625 0.051953125 1 0.0519531296875 1
2 0.6142375 0.661878125 0.5993937500000001 0.6328125 0.5441765625 0.6494203125 0.56020625 0.6830343765625 0.6142375 0.661878125
2 0.960396875 0.6251015625 0.998753125 0.59485 0.9752406234375 0.52825625 0.9212093749999999 0.5562921859375 0.960396875 0.6251015625
2 0.8000828140625 0.9341437515625 0.825021875 0.9199093749999999 0.7988953140625 0.874234375 0.7733640640624999 0.8872843749999999 0.8000828140625 0.9341437515625
2 0.7567390625 0.9205015624999999 0.7798953125 0.9074515625 0.7516921875 0.8618281250000001 0.7312078140625 0.874234375 0.7567390625 0.9205015624999999
2 0.57505 0.74195625 0.5839562500000001 0.7555984375 0.6884578140625 0.73106875 0.6837062484375 0.7146703125 0.57505 0.74195625
2 0.7110203125 0.6369640624999999 0.7478328125 0.6156109375 0.7356609375 0.5798500015625 0.6914265625 0.6025609375000001 0.7110203125 0.6369640624999999
2 0.9022078125 0.45070781249999997 0.9782093749999999 0.44477656093749995 0.972271875 0.397321875 0.8915218734374999 0.40740625 0.9022078125 0.45070781249999997
2 0.8469906249999999 0.42579374999999997 0.8808343750000001 0.4263875 0.8826140625000001 0.39316875156250003 0.8428328140625 0.39494843749999997 0.8469906249999999 0.42579374999999997
2 0.7644578125 0.500534375 0.7703953125 0.51714375 0.8291765625 0.498903125 0.8173015625 0.4827390625 0.7644578125 0.500534375
2 0.7715828124999999 0.364103125 0.8351140625 0.3611375 0.8297703109375 0.3338515609375 0.7709890625 0.3374109375 0.7715828124999999 0.364103125
2 0.7810828125 0.23241874999999998 0.7603015625 0.2057265625 0.7107234375 0.22581875 0.7270515625 0.261484375 0.7810828125 0.23241874999999998
2 0.7371453109375 0.2769062515625 0.7561453124999999 0.3142765625 0.8318484375 0.28275 0.8101765625 0.249028125 0.7371453109375 0.2769062515625
2 0.1451734375 0.6061203125 0.2081109375 0.57349375 0.1995015625 0.56116875 0.1398296875 0.5924750000000001 0.1451734375 0.6061203125
2 0.081640625 0.46790937499999996 0.0673921875 0.45663906093750006 0.0044531250000000005 0.493415625 0.013359375000000001 0.506909375 0.081640625 0.46790937499999996
2 0 0.4685015625 0.0008906249999999999 0.48095937656250004 0.047796875 0.45545156249999996 0.04096875 0.44286250000000005 0 0.4685015625
2 0.1730796875 0.11556249999999998 0.1517046875 0.06514374843750001 0.11667187500000001 0.07937968906250001 0.1407187515625 0.135978125 0.1730796875 0.11556249999999998
2 0 0.12090156249999999 0.03740625 0.0915015625 0.022859375 0.061584375000000004 0 0.0728546875 0 0.12090156249999999
2 0.42601875 0.2128437515625 0.39751875000000003 0.1653890640625 0.3595171875 0.1831859375 0.388315625 0.2293765625 0.42601875 0.2128437515625
2 0.6409578125000001 0.079971875 0.6783640640625 0.0669234375 0.6593640625 0.029553125000000003 0.6213624984375 0.0479421875 0.6409578125000001 0.079971875
2 0.4551125 0.518328125 0.48064375000000004 0.4975671859375 0.46105 0.4696890625 0.43314375156249996 0.4857046875 0.4551125 0.518328125