2 0.147355525 0.3049933375 0.17800969375 0.308757196875 0.1931046421875 0.2394237546875 0.1653333515625 0.2288353625 0.147355525 0.3049933375
2 0.0808669125 0.286063375 0.1148416859375 0.2920280046875 0.142201971875 0.23975556718750002 0.1081567671875 0.23437734843750002 0.0808669125 0.286063375
2 0.14067916875 0.54944083125 0.15733776093750002 0.5209775921875 0.0942711421875 0.48392174531250004 0.07791971875 0.5169092671875 0.14067916875 0.54944083125
2 0 0.5608816296875 0.026381909375000002 0.5641209218750001 0.0457191796875 0.5138544265625 0.006516681250000001 0.49916894218749996 0 0.5215413375 0 0.5608816296875
2 0.34470358437500004 0.403404115625 0.3146298453125 0.39492585468749997 0.295831790625 0.45542968437500003 0.325030828125 0.462903234375 0.34470358437500004 0.403404115625
2 0.4140967546875 0.203746234375 0.38196405312500004 0.197408 0.36921014531249996 0.256560225 0.40706894687500006 0.2561239265625 0.4140967546875 0.203746234375
2 0.37456687187500004 0.31614310625 0.40410294531249996 0.314384225 0.40194997812500005 0.27344166406250003 0.37256034531250004 0.27312322031249997 0.37456687187500004 0.31614310625
2 0.420753303125 0.11542884687499999 0.40815557187499996 0.11567824062500001 0.395526253125 0.166469265625 0.4110754671875 0.169875565625 0.420753303125 0.11542884687499999
2 0.9523572765624999 0.7615672296875 0.9706526671875 0.739287053125 0.885113640625 0.6662697703125 0.8674893390625 0.6925207046875 0.9523572765624999 0.7615672296875
2 0.33939420937500003 0.8657675171875001 0.307705921875 0.860681840625 0.294006703125 0.9283920265625 0.3319126609375 0.93304629375 0.33939420937500003 0.8657675171875001
2 0.095340365625 0.9528127187500001 0.135425271875 0.9577345265625 0.14888004999999999 0.9401840578125 0.11056228906250001 0.9214213171875001 0.095340365625 0.9528127187500001
2 0.1953556578125 0.7571540437500001 0.23137415 0.6879968578125 0.2015411453125 0.6720705406249999 0.1616631703125 0.7440439921875 0.1953556578125 0.7571540437500001
2 0 0.825218415625 0.0196128078125 0.8309914390625 0.0266238296875 0.8058286203125 0 0.7943454328125 0 0.825218415625
2 0.0869881953125 0.8210187234375 0.0541110046875 0.8109998203125001 0.044742934375 0.838563596875 0.07820587500000001 0.85074815 0.0869881953125 0.8210187234375
2 0.09990881562500001 0.8668726375 0.1132469921875 0.8362070765625 0.1013641546875 0.8257749140625 0.0861774203125 0.858905440625 0.09990881562500001 0.8668726375
2 0.13417636875 0.7729738953124999 0.1846971046875 0.8001128 0.1898501734375 0.7819019359375 0.14297445312499998 0.7549114765625 0.13417636875 0.7729738953124999
2 0.429242796875 0.48975676406249996 0.478780884375 0.5054106203125001 0.49573462968750004 0.47578720468749996 0.44318229374999996 0.4639507078125 0.429242796875 0.48975676406249996
2 0.4560155 0.43741060625 0.44847731875 0.4598151828125 0.477496534375 0.47085590625 0.4848488640625 0.451118875 0.4560155 0.43741060625
2 0.8174266187500001 0.5398125796875 0.8032886265625001 0.542862325 0.8038637859375 0.635656909375 0.821076778125 0.63238494375 0.8174266187500001 0.5398125796875
2 0.8561336265625 0.4877353515625 0.8394108140625001 0.4874766765625 0.8310651312499999 0.6022053875 0.8467380359375 0.603232465625 0.8561336265625 0.4877353515625
2 0.824432778125 0.443762978125 0.8065299578125 0.44335784062499994 0.8045589421875 0.5038356140625 0.8205895640625 0.504308403125 0.824432778125 0.443762978125
2 0.8580126781249999 0.43831472812500005 0.8406266312499999 0.43857282499999994 0.8380862062500001 0.4792382125 0.8540537734375 0.48030147031250003 0.8580126781249999 0.43831472812500005
2 0.867809828125 0.50472244375 0.8850496031249999 0.505642803125 0.883568765625 0.46897023281249994 0.8665612578124999 0.46658129531250003 0.867809828125 0.50472244375
2 0.800691621875 0.135160003125 0.768570915625 0.1336089125 0.76238239375 0.16036824375 0.7969289046875 0.16580486562500002 0.800691621875 0.135160003125
2 0.39869905 0.6020605765625 0.3772310640625 0.6209601625000001 0.4062313984375 0.6430654328125 0.42334503906250004 0.62064015625 0.39869905 0.6020605765625
2 0.1062643046875 0.41061820000000004 0.135893628125 0.4178439046875 0.147920909375 0.39988045156249996 0.1115159984375 0.38733466875 0.1062643046875 0.41061820000000004
2 0.46274746875000006 0.416700090625 0.45535245468749996 0.43792582968750005 0.491034946875 0.44829075312500005 0.49555074687499995 0.427308125 0.46274746875000006 0.416700090625
2 0.52350134375 0.341008684375 0.5115260109374999 0.3556899390625 0.5626982546875 0.3835101984375 0.5715817875 0.36366207031250003 0.52350134375 0.341008684375
2 0.9991310671875 0.5274269625 0.9502535703125 0.4765583140625 0.9094471796875 0.51162949375 0.96511998125 0.5773888375 0.9991310671875 0.5274269625