2 0.53823795 0.7436952421874999 0.5867309765625001 0.7302845578125 0.577695265625 0.678790953125 0.5291871859375 0.6889060359375 0.53823795 0.7436952421874999
2 0.3113068765625 0.955465440625 0.31389670625 0.8159961375 0.2583484359375 0.8160083296874999 0.2555357984375 0.9555089484374999 0.3113068765625 0.955465440625
2 0 0.3843782078125 0.026567175 0.3761068328125 0.0181385046875 0.316133721875 0 0.3226725171875 0 0.3843782078125
2 0.52796370625 0 0.47062645 0.015103403125000001 0.47768847656249996 0.0482872515625 0.55533215 0.033179626562499995 0.5496394109375 0 0.52796370625 0
2 0.6530006562499999 0.47633865468750003 0.6627896046874999 0.5289255671875 0.69556956875 0.5189223765625 0.6843456921875 0.4689354703125 0.6530006562499999 0.47633865468750003
2 0.5292209875 0.6112534359375 0.5837319437499999 0.6107874421874999 0.5781035125 0.5750053515625 0.530052259375 0.5787605890624999 0.5292209875 0.6112534359375
2 0.656663075 0.2719634140625 0.6888550671875 0.262042859375 0.6808634515625 0.2307884125 0.649487178125 0.2393951546875 0.656663075 0.2719634140625
2 0.2210698640625 0.3133957390625 0.261908178125 0.3052579484375 0.252254346875 0.266442503125 0.2146122859375 0.2744308828125 0.2210698640625 0.3133957390625
2 0.375941528125 0.062586853125 0.42436299843749997 0.044389540625 0.419560690625 0.0144856203125 0.370863046875 0.0231283828125 0.375941528125 0.062586853125
2 0.851512540625 0.9542527921874999 0.9062078328125001 0.9465658703125 0.8781594500000001 0.7768663828125 0.82118404375 0.7896720140625 0.851512540625 0.9542527921874999
2 0.9626681140625 0.8447358640625 0.9952732734374999 0.8377551671875001 0.9861833125 0.7730767375 0.9452534203124999 0.7824265687499999 0.9626681140625 0.8447358640625
2 0.1731516265625 0.8045981421875 0.2529817015625 0.7879824906249999 0.253429734375 0.739952715625 0.174223971875 0.7549816609375 0.1731516265625 0.8045981421875