2 0.35137348125 0.42509863125 0.3549316671875 0.36291774375 0.2650299734375 0.3570094328125 0.26271204843749996 0.42338616093750003 0.35137348125 0.42509863125
2 0.14066062343750002 0.46481436406250004 0.06742211718749999 0.4581027265625 0.0626252859375 0.5160862671875 0.13056488125000001 0.515689896875 0.14066062343750002 0.46481436406250004
2 0.031953365625 0.44163454062499996 0.0030163171875 0.4406240375 0.0020987875 0.4668986453125 0.031084149999999998 0.46652561718749996 0.031953365625 0.44163454062499996
2 0.9488075359374999 0.90286013125 0.986142740625 0.9055475609375 0.9871567875 0.8765090109375 0.955262315625 0.8767788875000001 0.9488075359374999 0.90286013125
2 0.9798760203124999 0.991699896875 0.97938131875 0.9800773046875 0.9724589765625 0.979835571875 0.9720398890625 0.9918366765625001 0.9798760203124999 0.991699896875
2 0.797756809375 0.5043754781249999 0.7976931921875 0.545909496875 0.8351249671875 0.545831425 0.8376191765625001 0.5140741265625 0.797756809375 0.5043754781249999
2 0.042177078125 0.426761971875 0.04323949375 0.3963383265625 0.010009750000000001 0.39517791875 0.01028255 0.4270334078125 0.042177078125 0.426761971875
2 0.3697746296875 0.32635254375 0.369485090625 0.23256499375 0.2739273453125 0.2298205921875 0.27445156875 0.333900728125 0.3697746296875 0.32635254375
2 0.9838016140624999 0.9300557859374999 0.947446309375 0.916320825 0.947372621875 0.943950709375 0.977819403125 0.9482455906249999 0.9838016140624999 0.9300557859374999
2 0.6617200000000001 0.8469896984374999 0.6268963656250001 0.8404328765625 0.62460026875 0.8551898578125 0.6582976203124999 0.859928140625 0.6617200000000001 0.8469896984374999
2 0.6224060546875 0.8669845296875 0.6208052265624999 0.878799921875 0.6527653640625 0.882290878125 0.654956328125 0.8705445609375 0.6224060546875 0.8669845296875
2 0.6197962265625 0.89063598125 0.6163946234375001 0.902979471875 0.6502384234374999 0.9035687765624999 0.6488102328124999 0.8934721578125 0.6197962265625 0.89063598125
2 0.614855853125 0.9130178234375 0.61444185625 0.9248730984375 0.6463606046875 0.9295492703124999 0.6480341546874999 0.9156961109375 0.614855853125 0.9130178234375
2 0.0081979703125 0.3024488265625 0.007618309375 0.3190480828125 0.0510184328125 0.318190328125 0.0543941140625 0.306633909375 0.0081979703125 0.3024488265625
2 0.0104818984375 0.2710719203125 0.008421540625 0.2858386984375 0.0361355453125 0.2850257203125 0.03332015 0.272075825 0.0104818984375 0.2710719203125
2 0.0100155203125 0.24019308437500003 0.0095394140625 0.253826959375 0.04983879375 0.249891928125 0.05230145625 0.23891650156250002 0.0100155203125 0.24019308437500003
2 0.011195503125 0.20640274218750002 0.0111168765625 0.21886227656249999 0.048500337500000004 0.2201677359375 0.053419003124999996 0.206914134375 0.011195503125 0.20640274218750002