2 0.027681454687500003 0.161769046875 0.0351716109375 0.1647006203125 0.040787840625 0.14913689218749998 0.029068453124999998 0.1459155890625 0.027681454687500003 0.161769046875
2 0.0303267703125 0.131532953125 0.0410423734375 0.13455473906249998 0.0412847703125 0.120667790625 0.0314437765625 0.11876552343749999 0.0303267703125 0.131532953125
2 0.101387678125 0.18163695468750002 0.08641720625 0.25671993125000003 0.16940686875 0.26528835625 0.184270703125 0.196135671875 0.101387678125 0.18163695468750002
2 0.0215205703125 0.232188284375 0.027742803125 0.233075134375 0.031910796875 0.2154280015625 0.0231189328125 0.2139189109375 0.0215205703125 0.232188284375
2 0.1338628 0 0.1316464296875 0.013084684374999999 0.182556215625 0.0222792703125 0.188790825 0 0.1338628 0
2 0.2275191265625 0 0.220978453125 0.0324420046875 0.2594421140625 0.040231660937500004 0.268666384375 0.0050794796875 0.24327333437499998 0 0.2275191265625 0
2 0.23443632656250002 0.1459894828125 0.2746809390625 0.1538117875 0.27976826875 0.10050651875000001 0.24431432812499998 0.090395596875 0.23443632656250002 0.1459894828125
2 0.44591888749999997 0.260835353125 0.44422105468749995 0.2730513328125 0.4933188015625 0.2839942484375 0.49712921093749995 0.269822653125 0.44591888749999997 0.260835353125
2 0.42875686249999995 0.3083774515625 0.49569701874999994 0.31785184843750003 0.4994867296875 0.3048660109375 0.428422015625 0.29353965937500004 0.42875686249999995 0.3083774515625
2 0.7343980218749999 0.31925078125 0.718044984375 0.3715670984375 0.77129835 0.38258255 0.7835717140625 0.325842796875 0.7343980218749999 0.31925078125
2 0.47563060625000003 0.804044440625 0.45032553125 0.8759168781250001 0.4988607046875 0.8850684515625 0.5231004125000001 0.8231992578125 0.47563060625000003 0.804044440625
2 0.8913863234375 0.7152196625 0.8794888203125 0.7505158359374999 0.9461893234375 0.773630315625 0.9569337109375 0.7364434171875 0.8913863234375 0.7152196625
2 0.6415326984374999 0.84252694375 0.6363583937499999 0.8667043828125 0.674186971875 0.8768567546874999 0.68106919375 0.8568066234374999 0.6415326984374999 0.84252694375
2 0.8647577140625 0.9140383359375001 0.8654679468750001 0.9413017578125 0.8981207859375001 0.941871715625 0.90207613125 0.919396696875 0.8647577140625 0.9140383359375001
2 0.8983399375 0.163752340625 0.8888784046874999 0.2125868390625 0.933402871875 0.21336401718750003 0.93814854375 0.17963232812500002 0.8983399375 0.163752340625
2 0.4218131984375 0.995069459375 0.42884030624999997 0.9841083859375 0.392823765625 0.9722076859375001 0.38512290781249997 0.991859475 0.4218131984375 0.995069459375