2 0.8282510625 0.249469009375 0.8205571359375 0.2052090453125 0.7903390296875 0.2182227828125 0.7936383671875 0.248685465625 0.8282510625 0.249469009375
2 0.7411704609374999 0.096992115625 0.7481876515625 0.0233381171875 0.6926781937500001 0.0145961859375 0.6889888046875 0.0410208484375 0.70852561875 0.0503906859375 0.7092034828125 0.0892253953125 0.7411704609374999 0.096992115625
2 0.7400941000000001 0.2732064890625 0.7351684734374999 0.2288966421875 0.7020609921875 0.2350238171875 0.7027146375 0.2724712375 0.7400941000000001 0.2732064890625
2 0.8453635171875 0.7541722234375 0.800946871875 0.746622815625 0.7974495890625 0.784142690625 0.8335885890625001 0.793224296875 0.8453635171875 0.7541722234375
2 0.22272010937500003 0.760878934375 0.20017286875 0.73768765625 0.16888528593750002 0.7687540562499999 0.19842286874999998 0.795986453125 0.22272010937500003 0.760878934375
2 0.22165491249999997 0.6998538546875 0.25789228125 0.7144814671875 0.29277395156249997 0.6514412218750001 0.25794337343749996 0.638175203125 0.22165491249999997 0.6998538546875
2 0.6501221921875 0.7478677578124999 0.6863338109375 0.76110966875 0.69529200625 0.719332903125 0.6590546374999999 0.704705290625 0.6501221921875 0.7478677578124999
2 0.4931814140625 0.7159237625 0.5292009265625001 0.7180704609374999 0.5340808109374999 0.6805264515625 0.502141171875 0.6741469671875 0.4931814140625 0.7159237625
2 0.186704846875 0.6796529296875 0.20488327499999998 0.6904341875 0.23843074843749998 0.630191090625 0.22714423749999998 0.6179018203125 0.186704846875 0.6796529296875
2 0.5260337484375001 0.4573000828125 0.5162766671875 0.45330882031249997 0.49219574843749997 0.500898840625 0.5089931625 0.5117057671875 0.5260337484375001 0.4573000828125
2 0.2328499390625 0.5484354140625001 0.2454479671875 0.5565386578125 0.2723198671875 0.5102876328125 0.25828921718750003 0.4994324109375 0.2328499390625 0.5484354140625001
2 0.2664700296875 0.49235262031250004 0.2818575046875 0.5017964484374999 0.29613291249999996 0.447440590625 0.28081649375 0.4421570953125 0.2664700296875 0.49235262031250004
2 0.1605304484375 0.3693390359375 0.1808219953125 0.3426245796875 0.1611867859375 0.32770717656250004 0.1408452453125 0.35164708125 0.1605304484375 0.3693390359375
2 0.1512221828125 0.6289394640625 0.1610503484375 0.6370926171875 0.188261125 0.6102558250000001 0.176976178125 0.5979665265625 0.1512221828125 0.6289394640625
2 0.159885628125 0.6495992234375 0.1739130984375 0.6604513765625 0.196973 0.6336901625 0.1870964046875 0.62276243125 0.159885628125 0.6495992234375
2 0.3687867296875 0.24916584687499999 0.38817830781249996 0.2502150765625 0.38747623125 0.20999307812499998 0.3709240640625 0.21305742031250002 0.3687867296875 0.24916584687499999