2 0.007740428125 0.6607891343750001 0.06307456875 0.6680900734375 0.0670406046875 0.5928851515625 0.0038831703125 0.587188259375 0.007740428125 0.6607891343750001
2 0.789858459375 0.2382525671875 0.7925553578125 0.1848992984375 0.7550139421875001 0.1871748140625 0.7519432671875 0.2389213640625 0.789858459375 0.2382525671875
2 0.7550283453125 0.29813006406250003 0.754689975 0.26209635625 0.68296895625 0.25981438749999997 0.690032415625 0.2949929109375 0.7550283453125 0.29813006406250003
2 0.881980090625 0.7873768359375 0.88198415625 0.7595834796875 0.8121101968750001 0.7505696203125 0.8104245562499999 0.7839173749999999 0.881980090625 0.7873768359375
2 0.8045903843750001 0.9450311765625001 0.9116438921875 0.9564774765624999 0.9213335984375 0.9302504718750001 0.8041177875000001 0.9227737953125 0.8045903843750001 0.9450311765625001
2 0.301424175 0.8089420640625 0.304317940625 0.7755305781249999 0.2651119875 0.7768510765625 0.263591615625 0.8090228890625 0.301424175 0.8089420640625
2 0.21640503125000002 0.31179492343750004 0.2199545390625 0.2609187953125 0.1547183640625 0.2509473203125 0.1555217796875 0.3050370953125 0.21640503125000002 0.31179492343750004
2 0.8394064328124999 0.18044353125 0.8430143734375 0.13982852343750002 0.7973521 0.1379474421875 0.795923678125 0.17373126562500002 0.8394064328124999 0.18044353125
2 0.6214475546875 0.1977908421875 0.619395346875 0.18035113125 0.5474964625000001 0.1772015921875 0.5464437296875 0.1932471703125 0.6214475546875 0.1977908421875
2 0.6639025703125 0.092203115625 0.6627758203125 0.07672220625000001 0.6176122015625001 0.07130423125 0.6173113781249999 0.086254734375 0.6639025703125 0.092203115625
2 0.8362842640625001 0.8391302421875 0.8932138875 0.844133253125 0.8903441890625 0.8047458656250001 0.8373695203124999 0.8014994328125 0.8362842640625001 0.8391302421875
2 0.34553823281249996 0.5548493671875 0.384466975 0.555523765625 0.3770134875 0.4633140625 0.342888203125 0.466913834375 0.34553823281249996 0.5548493671875
2 0.3921436109375 0.6717545453125 0.3913562359375 0.63037191875 0.3153463109375 0.6201769765625 0.3148674375 0.66629193125 0.3921436109375 0.6717545453125
2 0.17594390937499998 0.6509645984375 0.1772988328125 0.6092818890625 0.130862225 0.6086442062499999 0.1285259421875 0.6508990296875 0.17594390937499998 0.6509645984375
2 0.0111508796875 0.7258644140625 0.02176748125 0.727057290625 0.0260310484375 0.68605475625 0.0090619984375 0.686006190625 0.0111508796875 0.7258644140625