2 0.7376489312500001 0.47168315781250003 0.7998408140625 0.46733427812499995 0.8035266296874999 0.43492635 0.738841278125 0.43766398906250004 0.7376489312500001 0.47168315781250003
2 0.7770832999999999 0.3802157953125 0.85221079375 0.3821079 0.847879003125 0.3371615203125 0.773632396875 0.33937735 0.7770832999999999 0.3802157953125
2 1 0.48253961562500003 0.9955555703125001 0.4189813078125 0.90363985 0.41959138593749995 0.9003373625 0.5936692390625 0.992922225 0.5882251640625 1 0.530581309375 1 0.48253961562500003
2 0.2517082 0.502090678125 0.331959228125 0.50064694375 0.3326850828125 0.468445996875 0.2486715859375 0.46717682812500005 0.2517082 0.502090678125
2 0.2499558671875 0.4855429171875 0.25098254375 0.44915453593750004 0.180331178125 0.451714159375 0.17769482187500002 0.490595903125 0.2499558671875 0.4855429171875
2 0.3882927125 0.3954955515625 0.4661346671875 0.3936250765625 0.46490267812499997 0.2823775234375 0.41976323750000005 0.2837468125 0.3882927125 0.3954955515625
2 0.253275721875 0.098919540625 0.31241090625 0.10192837187499999 0.310459225 0.048482759375000004 0.25520920625 0.049963853125 0.253275721875 0.098919540625
2 0.0385166203125 0.1557259953125 0.073571153125 0.154900840625 0.0796355703125 0.1182056078125 0.04289404375 0.1200747328125 0.0385166203125 0.1557259953125
2 0.1856437125 0.3489400984375 0.1832268984375 0.382449690625 0.238717578125 0.38441019375 0.23899390937499998 0.34580312343749997 0.1856437125 0.3489400984375
2 0.757752190625 0.0278930765625 0.757366171875 0.038665442187499996 0.8145788625 0.03969418125 0.8146964515624999 0.034884953125 0.757752190625 0.0278930765625
2 0.6147218249999999 0.23737015625 0.61756514375 0.26098559374999997 0.667401484375 0.25869109687499997 0.666970359375 0.23550218437499998 0.6147218249999999 0.23737015625