2 0.751979296875 0.9541090171875 0.7568555921875 0.9955927328125 0.7886741828125 0.9950373375 0.785061140625 0.9466023921875 0.751979296875 0.9541090171875
2 0.718992590625 0.9671554515624999 0.7576820640624999 0.963707828125 0.7459621703125 0.9265004515624999 0.711422065625 0.9298756484374999 0.718992590625 0.9671554515624999
2 0.7865825359375 0.716561115625 0.8038375234374999 0.7536718765625 0.823084 0.7464083109375 0.81274824375 0.7091752109375 0.7865825359375 0.716561115625
2 0.774499959375 0.6585756546875 0.7864132749999999 0.7068641546875 0.8126031703125 0.7008639765625 0.7979457156249999 0.654009525 0.774499959375 0.6585756546875
2 0.28721800625 0.33314127031249996 0.29393633750000003 0.40092184218750004 0.3601983375 0.39145146875000003 0.3408338203125 0.3128086984375 0.28721800625 0.33314127031249996
2 0.28424400625 0.162760971875 0.2908656140625 0.22500020156249997 0.33098762812500004 0.22429986875000002 0.32973029062500003 0.1522670921875 0.28424400625 0.162760971875
2 0.70369938125 0.617350328125 0.6925344109375 0.62348361875 0.6982773265625 0.658123040625 0.714985725 0.6521914734375 0.70369938125 0.617350328125
2 0.7256014921875 0.6145942265625 0.7143950703125 0.618352878125 0.72381024375 0.64787899375 0.7389084984375 0.6413801296874999 0.7256014921875 0.6145942265625
2 0.6743213984375 0.531756259375 0.660795275 0.5385246031250001 0.66729555 0.571072365625 0.6824456953125 0.5666510359375 0.6743213984375 0.531756259375
2 0.710372909375 0.557849796875 0.70153220625 0.5271244078125 0.6867565890625 0.5303515203125 0.694463346875 0.5640659046875001 0.710372909375 0.557849796875
2 0.72752304375 0.5207323328125 0.7128199640624999 0.5281150609374999 0.7204246609375 0.555892821875 0.736465215625 0.5523467109375 0.72752304375 0.5207323328125
2 0.750570996875 0.51557930625 0.7381270062499999 0.51639035625 0.7446583703125 0.550719096875 0.7631004578125 0.5492095078125 0.750570996875 0.51557930625
2 0.7825041078125 0.509677346875 0.766490921875 0.509956859375 0.7718469171875 0.5449015187499999 0.7931841671875001 0.5397767875 0.7825041078125 0.509677346875
2 0.8055624218749999 0.5051179796875 0.7883930046875001 0.50719919375 0.8019591359374999 0.5366544203125 0.814352875 0.5328750421875 0.8055624218749999 0.5051179796875