2 0.8458700359375 0.1738894703125 0.8639969203125 0.0712568734375 0.81041084375 0.0678794578125 0.7951780375 0.16405560937500002 0.8458700359375 0.1738894703125
2 0.7758710359375 0.5589629171875 0.7474504468750001 0.541236215625 0.71371934375 0.6290737453124999 0.7421763171875 0.6389896671875 0.7758710359375 0.5589629171875
2 0.720511284375 0.5336631406250001 0.675952078125 0.5148832062500001 0.64749455 0.60355440625 0.6886548453125 0.616686221875 0.720511284375 0.5336631406250001
2 0.961862265625 0.539427215625 0.9548410234375 0.585505528125 0.9752534765625 0.5893396937500001 0.98052720625 0.5408805734375 0.961862265625 0.539427215625
2 0.95491990625 0.6077606140625 0.9574483484374999 0.6069587765625 0.939008578125 0.605841659375 0.9260912453125 0.64948324375 0.9483543593749999 0.653009375 0.95491990625 0.6077606140625
2 0.9753697499999999 0.6948601375 0.9535122625 0.6886930734375001 0.9453953046875 0.747522590625 0.9623211015625 0.7544130124999999 0.9753697499999999 0.6948601375
2 0.9292051156250001 0.7569829218749999 0.907277359375 0.7493018484375 0.890373059375 0.8067395875000001 0.9089931359375001 0.8181048343749999 0.9292051156250001 0.7569829218749999
2 0.9607371375 0.7682891890625 0.9458163328125 0.7638219390625001 0.93125625 0.8216309640624999 0.9489820953124999 0.8310511249999999 0.9607371375 0.7682891890625
2 0.9279525078124999 0.994240821875 0.9352905046875 0.947910521875 0.9254743187500001 0.9415481625 0.92433236875 0.9449726203125 0.90691366875 0.9867005390625 0.9279525078124999 0.994240821875
2 0.5385087640624999 1 0.5402218421875 0.9839281671875 0.518718015625 0.9805222953125 0.515193665625 1 0.5385087640624999 1
2 0.5864169875 0.8514755296875001 0.5699372421875 0.8467629484374999 0.55786245625 0.923000140625 0.57065890625 0.92562805 0.5864169875 0.8514755296875001
2 0.5489181000000001 0.8437328359375 0.53293438125 0.8415018406250001 0.5193872234375 0.9042820875 0.5350199046874999 0.9079603640625 0.5489181000000001 0.8437328359375
2 0.5159815640625001 0.858354190625 0.49715235468749996 0.855071359375 0.4903716546875 0.8978830203125 0.5099845468749999 0.8991843625 0.5159815640625001 0.858354190625
2 0.5944585499999999 0.7210970828125001 0.58118396875 0.7150855296875 0.571386728125 0.746598696875 0.5835053984374999 0.7497204078124999 0.5944585499999999 0.7210970828125001