2 0.5053568390625001 0.6577452046875 0.5792154046875 0.6503023578125 0.577971015625 0.6152428734375001 0.5011918390625001 0.620756240625 0.5053568390625001 0.6577452046875
2 0.43654242656250003 0.7274312375 0.4724578046875 0.721380778125 0.46791342187499996 0.6460137625 0.43049909062499997 0.64857069375 0.43654242656250003 0.7274312375
2 0.41399417187500004 0.7845708796875 0.4249923796875 0.8584089703125001 0.4385224859375 0.8559130640625 0.4298961015625 0.7819522359375 0.41399417187500004 0.7845708796875
2 0.9079210968750001 0.847386515625 0.9405654015625 0.8355555812500001 0.9199631828125 0.78246261875 0.8896892624999999 0.7932774796875 0.9079210968750001 0.847386515625
2 0.712002084375 0.3052064609375 0.7472328625 0.2974081859375 0.744187290625 0.21660527968749999 0.703854640625 0.221694978125 0.712002084375 0.3052064609375
2 0.9280743062499999 0.1551753140625 0.9307813625 0.19551392031249998 0.9653585328125001 0.1865592078125 0.9634605374999999 0.1503432828125 0.9280743062499999 0.1551753140625
2 0.45722735937500003 0.2947463171875 0.50845173125 0.2861082890625 0.506116415625 0.2528928015625 0.455687628125 0.26238098125 0.45722735937500003 0.2947463171875
2 0.28270495 0.24019284999999999 0.3304060609375 0.2323371640625 0.3256398921875 0.1980583765625 0.276257178125 0.203921215625 0.28270495 0.24019284999999999
2 0.28811790312499996 0.0714376578125 0.2801883921875 0.0108336640625 0.24523948125 0.012665259374999998 0.25020586875 0.0734245453125 0.28811790312499996 0.0714376578125
2 0.4965069546875 0 0.437274078125 0.004685259375 0.4405139 0.040829296875 0.5236613328125 0.0323035125 0.515722690625 0 0.4965069546875 0
2 0.09027958281250001 0.2633766390625 0.12822113125 0.2619827703125 0.12510953281249998 0.21392507031250002 0.08466447031249999 0.2193179421875 0.09027958281250001 0.2633766390625
2 0.146579184375 0.317574734375 0.14969256875 0.35432152499999997 0.21426020937499998 0.3509376796875 0.2156367125 0.3091928046875 0.146579184375 0.317574734375
2 0.036105603125 0.45373839374999997 0.039218906250000005 0.4904836265625 0.07357488125 0.48868310625 0.0684058140625 0.44668670468749994 0.036105603125 0.45373839374999997
2 0.8121319953125001 0.6857203593750001 0.809926496875 0.620947015625 0.793339884375 0.6218162828125 0.799256975 0.6893710640624999 0.8121319953125001 0.6857203593750001