2 0.36298125 0.065034375 0.2493765625 0.05257968750000001 0.2452203125 0.10654531249999999 0.3505125 0.1203828125 0.36298125 0.065034375
2 0.2576890625 0.135603125 0.22166875 0.135603125 0.214740625 0.1840328125 0.252146875 0.19095 0.2576890625 0.135603125
2 0.320034375 0.1951015625 0.2327515625 0.1881828125 0.227209375 0.22969374999999997 0.3158765625 0.23661249999999998 0.320034375 0.1951015625
2 0 0.5534796875 0.054031249999999996 0.5534796875 0.0581875 0.5092015625 0 0.5008984375 0 0.5534796875
2 0.198115625 0.4884453125 0.160709375 0.48014375 0.15239687500000001 0.5092015625 0.1911875 0.5119687500000001 0.198115625 0.4884453125
2 0.3006375 0.460771875 0.2576890625 0.4593890625 0.2563046875 0.5188875000000001 0.2923234375 0.5285734375 0.3006375 0.460771875
2 0.45580625 0.503665625 0.3602109375 0.4925984375 0.3505125 0.5853046875000001 0.44887812499999996 0.6032921875 0.45580625 0.503665625
2 0.19673125 0.9395312499999999 0.2092 0.850975 0.11914687500000001 0.8495921875000001 0.116375 0.9326140625000001 0.19673125 0.9395312499999999
2 0.6913265625 0.47322499999999995 0.5624828125 0.460771875 0.54724375 0.532725 0.6788578125 0.5507125 0.6913265625 0.47322499999999995
2 0.807703125 0.52580625 0.7453593749999999 0.5175046875 0.74674375 0.5507125 0.8021609375000001 0.5562484375000001 0.807703125 0.52580625
2 0.803546875 0.5728515625 0.7398171875 0.5659328125 0.732890625 0.5922234375000001 0.8021609375000001 0.601909375 0.803546875 0.5728515625
2 0.9684125 0.69185 0.9767250000000001 0.594990625 0.9213078124999999 0.5866890625 0.907453125 0.6904656250000001 0.9684125 0.69185
2 0.9601000000000001 0.49121249999999994 0.9684125 0.43586562500000003 0.9129953125 0.428946875 0.9019109375 0.481528125 0.9601000000000001 0.49121249999999994
2 0.8589640624999999 0.36114531250000004 0.8603484375000001 0.3113328125 0.799390625 0.30441406249999997 0.8021609375000001 0.36114531250000004 0.8589640624999999 0.36114531250000004
2 0.8063171875 0.38466875 0.7356609375 0.3819015625 0.7273484375 0.4192609375 0.811859375 0.42202812500000003 0.8063171875 0.38466875
2 0.5015234375000001 0.3749828125 0.473815625 0.3749828125 0.4710453125 0.40957499999999997 0.49459687499999994 0.4261796875 0.5015234375000001 0.3749828125
2 0.4516484375 0.588071875 0.4765859375 0.594990625 0.486284375 0.5617828125 0.453034375 0.5520953125 0.4516484375 0.588071875
2 0.4502625 0.5396421874999999 0.4835140625 0.5479453125 0.48489843749999995 0.5119687500000001 0.45580625 0.506434375 0.4502625 0.5396421874999999
2 0.43255 0.46090937500000007 0.4907375 0.46268906249999997 0.49311249999999995 0.43658906249999996 0.4456125 0.43184374999999997 0.43255 0.46090937500000007
2 0.43255 0.43065781249999996 0.48598749999999996 0.4336234375 0.48539374999999996 0.4152359375 0.44264374999999995 0.4110828125 0.43255 0.43065781249999996
2 0.46223749999999997 0.5036171875 0.48539374999999996 0.5036171875 0.491925 0.4715859375 0.46580000000000005 0.467434375 0.46223749999999997 0.5036171875
2 0.4669875 0.49056718750000006 0.46401875 0.470853125 0.4129546875 0.46209531249999997 0.4064234375 0.48404375 0.4669875 0.49056718750000006