2 0.7753495499999999 0.54036340625 0.7598982640624999 0.50733165625 0.685994225 0.5569205046875 0.70011928125 0.5872720359375 0.7753495499999999 0.54036340625
2 0.7400805046875 0.44673105625 0.6486836375 0.51111668125 0.66456425 0.5392680609375 0.7581270546875001 0.484762115625 0.7400805046875 0.44673105625
2 0.7158156109375 0.44155380624999996 0.7004984875 0.42834670625 0.6279182515625 0.47111163906250003 0.6411409109374999 0.4900624109375 0.7158156109375 0.44155380624999996
2 0.7743950374999999 0.3673340078125 0.7457583078125001 0.3838958078125 0.7621967062499999 0.41556891250000005 0.796204278125 0.39875760625 0.7743950374999999 0.3673340078125
2 0.6843449265625 0.40985855937500004 0.6720758375 0.3817363234375 0.5955406953125 0.42799735781250003 0.6190225796875 0.4604928046875 0.6843449265625 0.40985855937500004
2 0.14056926875 0.696222871875 0.24245831406249999 0.6259673890624999 0.214836765625 0.5768239390625001 0.108506665625 0.6494138328125 0.14056926875 0.696222871875
2 0.1214197671875 0.6740011765625 0.0963921875 0.629858825 0.055814740625000005 0.6469402750000001 0.0836497484375 0.697421490625 0.1214197671875 0.6740011765625
2 0 0.45902399843749997 0.02017595 0.444698921875 0 0.403241590625 0 0.45902399843749997
2 0.3679639515625 0.617514284375 0.3421992546875 0.5801045078125 0.2724015921875 0.6290413859374999 0.3022931265625 0.67733489375 0.3679639515625 0.617514284375
2 0.3346052609375 0.6384324578125 0.34608489375 0.6919344078125 0.3904352640625 0.67589115 0.38177005625 0.626874459375 0.3346052609375 0.6384324578125
2 0.53459330625 0.5081417781249999 0.5251632890625 0.4789671453125 0.476489040625 0.5018602015625 0.49364703906249996 0.5380766718750001 0.53459330625 0.5081417781249999
2 0.61460625 0.6337717109375001 0.606786171875 0.6109563312499999 0.538417546875 0.64805041875 0.54937238125 0.6735680562499999 0.61460625 0.6337717109375001
2 0.540030959375 0.7550228453125001 0.5089026640625 0.72928488125 0.4830920359375 0.7542011890625 0.5054720359375 0.7797396062499999 0.540030959375 0.7550228453125001
2 0.399650828125 0.8897022 0.4284384796875 0.8665022515624999 0.396561175 0.8246486734375 0.3648829703125 0.8504737484374999 0.399650828125 0.8897022
2 0.46740753125 0.9493258453125 0.4934136609375 0.9199506187500001 0.459631903125 0.88506038125 0.4275331875 0.9063326875 0.46740753125 0.9493258453125
2 0.523549728125 0.9963566734375 0.557708221875 0.9729072171875 0.5244389015625 0.9469356828125 0.50260581875 0.96660105625 0.523549728125 0.9963566734375
2 0.7253265734375 0.9229062734375001 0.699776784375 0.8830578546875 0.67017561875 0.90491699375 0.6976191625 0.945335559375 0.7253265734375 0.9229062734375001
2 0.7084479671875 0.9719552312499999 0.753017403125 0.9648961265624999 0.7245605562499999 0.9332519140625 0.690668828125 0.9602834265625001 0.7084479671875 0.9719552312499999
2 0.9092659453125 0.9190293984375 0.8913122765624999 0.8815847781249999 0.8427024875000001 0.918169125 0.8615087953125 0.9477127781249999 0.9092659453125 0.9190293984375
2 0.9926059468749999 0.910039278125 0.9726202546874999 0.8825380828125 0.9441857406249999 0.89848885 0.959678371875 0.9260783781249999 0.9926059468749999 0.910039278125
2 0.6735602125 0.208923378125 0.7025044874999999 0.19050783124999998 0.68773276875 0.1579711828125 0.6601029703125 0.1752072015625 0.6735602125 0.208923378125
2 0.74520305625 0.08813511406249999 0.7114103921875 0.102507778125 0.7274770140625 0.1318335765625 0.7574084046875 0.1120593859375 0.74520305625 0.08813511406249999
2 0.4825687125 0.0696013703125 0.468383434375 0.0369718375 0.42381876093750004 0.061140850000000004 0.44128005468750003 0.09357898125 0.4825687125 0.0696013703125