2 0.0112148671875 0.8298793281249999 0.017643718750000002 0.833496578125 0.028090645312500002 0.710482040625 0.006993971875 0.7090086953125 0.0112148671875 0.8298793281249999
2 0.41215621718750006 0.196089378125 0.3050364125 0.1525991921875 0.28983514375 0.20768915937500002 0.3962929140625 0.24908778437499998 0.41215621718750006 0.196089378125
2 0.4243801453125 0.161341171875 0.44964141562500004 0.045244046875 0.3722421359375 0.010595778125 0.3389816078125 0.12738621562500002 0.4243801453125 0.161341171875
2 0.5750195609375 0.2788443390625 0.589396459375 0.21583252812499998 0.47488485625 0.21549803750000002 0.46736065781249997 0.2648961203125 0.5750195609375 0.2788443390625
2 0.5559477765625 0.1353365078125 0.44650069375 0.1300959078125 0.445571053125 0.1833549828125 0.5559007593749999 0.1873607984375 0.5559477765625 0.1353365078125
2 0.5515127453125 0.37527377500000003 0.547632378125 0.43902357500000005 0.583530815625 0.44381331875 0.5929931703125 0.3773839671875 0.5515127453125 0.37527377500000003
2 0.4971469125 0.3979096578125 0.5053219375 0.325908553125 0.461123175 0.3209754890625 0.459864309375 0.3930957546875 0.4971469125 0.3979096578125
2 0.2027975375 0.162171025 0.180346328125 0.22480436093749998 0.22748094531250002 0.24346575312500002 0.2549613375 0.1770555484375 0.2027975375 0.162171025
2 0.063441940625 0.1246582203125 0.006959709375 0.0969151171875 0.0039819750000000004 0.2675094453125 0.005690853125 0.2722978109375 0.063441940625 0.1246582203125
2 0.068225128125 0.2585245859375 0.0020210046875 0.37985326875 0.1469681515625 0.45165169374999997 0.20490676093750002 0.31323396875 0.068225128125 0.2585245859375
2 0.222623796875 0.2499210296875 0.13902788125 0.2127876734375 0.1144442359375 0.2762761125 0.199038696875 0.3095622484375 0.222623796875 0.2499210296875
2 0.1413905953125 0.21342275625 0.173832684375 0.22409682343749998 0.203650584375 0.14732114999999998 0.17035878124999998 0.1309829515625 0.1413905953125 0.21342275625