2 0.9015967625 0.8267510828125 0.8150039296875 0.8504859390625 0.8188562046874999 0.8819374671875 0.915409934375 0.8601450734375 0.9015967625 0.8267510828125
2 1 0.4885181078125 0.9508832046875 0.5053594875 0.9629030859375 0.5669219046875 0.9965410078125 0.5591140015625 1 0.519917028125 1 0.4885181078125
2 0.7699024750000001 0.5191737765625 0.8355697046874999 0.5015978375000001 0.8256003937499999 0.4659228296875 0.7543938359375 0.48590166406249996 0.7699024750000001 0.5191737765625
2 0.569629234375 0.8867877249999999 0.5358494781250001 0.901744965625 0.53945210625 0.93555676875 0.5803168875 0.9252248265624999 0.569629234375 0.8867877249999999
2 0.8641097156249999 0.0598140703125 0.8169471421875001 0.0715736578125 0.8241836328125001 0.110543559375 0.8765113640625 0.09843131875 0.8641097156249999 0.0598140703125
2 0.691852765625 0.064395915625 0.656271146875 0.0737905890625 0.6685391234375 0.13299256718750002 0.7001416375 0.125566184375 0.691852765625 0.064395915625
2 0.6589864703125 0.3260202203125 0.627130921875 0.33401545625 0.6313240453125 0.367889321875 0.6622004734375 0.35889564375 0.6589864703125 0.3260202203125
2 0.26797383125 0.527912065625 0.20450943124999998 0.5415403875 0.2187678640625 0.6385622953125 0.2848375421875 0.621925759375 0.26797383125 0.527912065625
2 0.24019768125000002 0.7864892421875 0.22293608437499998 0.791839221875 0.24538814687500002 0.8789775171875001 0.2637980140625 0.8731512046875001 0.24019768125000002 0.7864892421875
2 0.0333907828125 0.8984855640625 0.069593103125 0.8945308843750001 0.056952353125 0.8275300281250001 0.0187045953125 0.839331071875 0.0333907828125 0.8984855640625
2 0.3647375765625 0.8557004156250001 0.3001892765625 0.8739909796875001 0.3007181015625 0.8859854 0.37284270625000004 0.8738643234374999 0.3647375765625 0.8557004156250001
2 0.11692048749999999 0.5066641062499999 0.1238421109375 0.46918071250000004 0.0307258578125 0.4528265734375 0.026611001562499997 0.49179744062499997 0.11692048749999999 0.5066641062499999
2 0.42107833906250003 0.6204242 0.40138722343750005 0.5013369812499999 0.37574074999999996 0.5069997171875 0.3983047484375 0.623103703125 0.42107833906250003 0.6204242
2 0.53929365625 0.290156196875 0.5042389171874999 0.3002032671875 0.5097371640625 0.333020265625 0.5414699046875 0.3247136109375 0.53929365625 0.290156196875