2 0.20927333906249998 0.0333653484375 0.1726449171875 0.1253212609375 0.20310659687500002 0.134046209375 0.24009534062500001 0.052232428124999994 0.20927333906249998 0.0333653484375
2 0.5063160124999999 0.032327125 0.56524016875 0.053829507812499996 0.5909724046875 0.0052831359375 0.5192899171875001 0.00032476875 0.5063160124999999 0.032327125
2 0.553720725 0.25094364062499996 0.5845927468750001 0.1837391296875 0.5509165015625 0.16831175781250002 0.523284334375 0.230421034375 0.553720725 0.25094364062499996
2 0.092574725 0.354152128125 0.0759773265625 0.392897525 0.108809275 0.4017451296875 0.1288666859375 0.3707210859375 0.092574725 0.354152128125
2 0.9555240578124999 0.190943296875 0.9353750796875 0.240732015625 0.9727331593749999 0.2539756484375 0.9917258203125 0.20923332968750002 0.9555240578124999 0.190943296875
2 0.9011329640625 0.360896790625 0.8888542890625001 0.390948484375 0.945408259375 0.4123266515625 0.9602534609375001 0.378652753125 0.9011329640625 0.360896790625
2 0.6647408718750001 0.36187006875 0.6510277828125 0.39095943437499997 0.68382865625 0.400399975 0.6967087640625 0.37018735 0.6647408718750001 0.36187006875
2 0.345916525 0.6934400593750001 0.3191492375 0.7560937828125 0.412746134375 0.785354240625 0.43613468906249997 0.7248031328125 0.345916525 0.6934400593750001
2 0.094492775 0.6749202390625 0.0858582546875 0.6921920140625 0.1684114578125 0.7279990859375001 0.176395878125 0.711786928125 0.094492775 0.6749202390625
2 0.0895554671875 0.922286784375 0.1071944875 0.8863560109374999 0.042995971875 0.8633896453125001 0.0334266921875 0.8985276078125001 0.0895554671875 0.922286784375
2 0.1108467828125 0.5671065109375 0.0875921640625 0.6364469875000001 0.0993561875 0.6388456437500001 0.127519140625 0.5779533140625001 0.1108467828125 0.5671065109375
2 0.43404721718749995 0.9688439578124999 0.47318199375000003 0.9708761484374999 0.4715957921875 0.8763479609375 0.4334911015625 0.8773206734375 0.43404721718749995 0.9688439578124999
2 0.36250326718750003 0.5811855515625 0.47364803125000005 0.621634415625 0.4832530421875 0.5971895390624999 0.3687123546875 0.5591115078125 0.36250326718750003 0.5811855515625
2 0.9446526984375 0.05232968125 0.9592517624999999 0.0233821921875 0.9189320953125 0.021269128125 0.9108212421875 0.039863871875 0.9446526984375 0.05232968125
2 0.6796156453125 0.486461490625 0.666447165625 0.5165041031250001 0.698000015625 0.5270683671875 0.713407159375 0.49401691718749996 0.6796156453125 0.486461490625