2 0.0797943015625 0.8341844843749999 0.113251084375 0.8398176812499999 0.1167122375 0.7775232859375001 0.0824578625 0.768611609375 0.0797943015625 0.8341844843749999
2 0.025211846875 0.6494365640625 0.0832290296875 0.6563892250000001 0.0878271046875 0.6309343453125 0.029257710937499997 0.621596684375 0.025211846875 0.6494365640625
2 0.1598998171875 0.5772605765625001 0.19731549843750001 0.5782105890625 0.2024923046875 0.519510746875 0.163420803125 0.5146718671875 0.1598998171875 0.5772605765625001
2 0.194033015625 0.7114720359375 0.23233663437500002 0.7130313890625 0.22996367968750003 0.6791410625000001 0.199673740625 0.6809861500000001 0.194033015625 0.7114720359375
2 0.5049057828125 0.5622029046875 0.54217716875 0.5681964796875 0.5466375265625001 0.5166102171875 0.51417293125 0.5071359390625 0.5049057828125 0.5622029046875
2 0.10645763906250001 0.32602242812500004 0.141600109375 0.33732497031249997 0.1499212515625 0.30243363125 0.11218214374999999 0.2893042421875 0.10645763906250001 0.32602242812500004
2 0.1522395125 0.27159439375 0.1635999265625 0.23259922031250002 0.12584889375 0.22006346406250002 0.116934090625 0.2549444421875 0.1522395125 0.27159439375
2 0.5754410671875 0.259978509375 0.6017250578125 0.283597075 0.6210883859375 0.2619629671875 0.5953638453125001 0.24013568749999997 0.5754410671875 0.259978509375
2 0.9398023125 0.9017524218749999 0.9741130546875001 0.9059127984374999 0.97864595 0.85017091875 0.9461072296875 0.8448537921874999 0.9398023125 0.9017524218749999
2 0.9764134328124999 0.6381293484375 0.9941319875 0.6434878328125 0.9972943125 0.5880173875 0.9838907484374999 0.5836281078125001 0.9764134328124999 0.6381293484375
2 0.2148624234375 0.9324489015624999 0.255692615625 0.9385061609375001 0.2621203828125 0.9101124531250001 0.2196558203125 0.8957144625 0.2148624234375 0.9324489015624999
2 0.516275184375 0.794592971875 0.5310699375000001 0.7966342984375 0.54158501875 0.7380260734374999 0.5220560109375 0.7353098328125001 0.516275184375 0.794592971875