2 0.8142608499999999 0.44110666875 0.8065904390625 0.52460859375 0.8832140171875 0.5427312578125 0.8951624765625 0.45581405625000004 0.8142608499999999 0.44110666875
2 0.821099253125 0.3406435015625 0.774046840625 0.3333547671875 0.7603489437500001 0.43625346406250004 0.8098967921875 0.4468953921875 0.821099253125 0.3406435015625
2 0.6727155015624999 0.3024870515625 0.638585290625 0.2983246390625 0.6319449828125 0.36938618437500004 0.6637263250000001 0.37822103125 0.6727155015624999 0.3024870515625
2 0.9310089687499999 0.2045667125 0.8716757421875 0.19239484843750002 0.8656288234374999 0.2634771171875 0.924077496875 0.2744298671875 0.9310089687499999 0.2045667125
2 0.9525958125 0.045799929687500004 0.9179766859375 0.040729274999999995 0.9095769359375 0.11113526874999999 0.9510421625 0.1149597125 0.9525958125 0.045799929687500004
2 0.7191637656250001 0.069730346875 0.665847925 0.062224453125 0.664079 0.1298930015625 0.713177003125 0.136358875 0.7191637656250001 0.069730346875
2 0.622839875 0.1706332828125 0.5694814234375001 0.1669891921875 0.5679197671875 0.2287222984375 0.6193115078125 0.2376462796875 0.622839875 0.1706332828125
2 0.4937749109375 0.2077156328125 0.49723778906250005 0.1724853375 0.46383019687499993 0.1632997703125 0.4582451296875 0.20409845781249997 0.4937749109375 0.2077156328125
2 0.5399530875 0.0596104453125 0.49897608125000004 0.058773607812499996 0.49940175 0.11463655625 0.5337670921875 0.11761739062500001 0.5399530875 0.0596104453125
2 0.3208071640625 0.29376281249999997 0.31535955625 0.3476383265625 0.3497647234375 0.34943389375 0.3492354453125 0.29653788593749997 0.3208071640625 0.29376281249999997
2 0.7288894328125 0.7099331984374999 0.694576071875 0.7030908874999999 0.691786196875 0.765969325 0.7296273671875 0.7714495515625 0.7288894328125 0.7099331984374999
2 0.60537106875 0.9091031734374999 0.6024097203125 0.9428657046875 0.6291184390625 0.9437983921875001 0.6285815671874999 0.9081329296874999 0.60537106875 0.9091031734374999
2 0.3495974765625 0.9328490828125 0.3482430359375 0.9886483046875 0.387834340625 0.9951402265624999 0.39110414375 0.9354867499999999 0.3495974765625 0.9328490828125
2 0.22306739062499997 0.4038266046875 0.21936765781249998 0.4417205703125 0.2352487734375 0.446433934375 0.236064509375 0.4060612484375 0.22306739062499997 0.4038266046875
2 0.2670579375 0.40952157031249997 0.25210978281249996 0.4060290109375 0.2496382671875 0.44277764375000006 0.2630406640625 0.4503750078125 0.2670579375 0.40952157031249997
2 0.200509425 0.028745228125 0.2004207140625 0.028732912500000003 0.1826421625 0.0306015125 0.1773666265625 0.06180300625 0.1950072421875 0.0671703640625 0.200509425 0.028745228125
2 0.39172738749999997 0.846094671875 0.3931442875 0.80901215625 0.358145784375 0.8071943062500001 0.355162153125 0.8415501703125001 0.39172738749999997 0.846094671875