2 0.7213676296875 0.0822836578125 0.7395204875 0.11757461875 0.7747684890625 0.099398371875 0.7554270796875 0.0585203390625 0.7213676296875 0.0822836578125
2 0.8713945046875 0.26635196250000004 0.8266099015625 0.28003796406250003 0.8510004078125 0.334953884375 0.886198534375 0.3181611125 0.8713945046875 0.26635196250000004
2 0.63140528125 0.041713053124999996 0.5974425125 0.0627077453125 0.6236985125000001 0.1038256765625 0.6577564031249999 0.0800623046875 0.63140528125 0.041713053124999996
2 0.429953465625 0.49769306875 0.46988239062500003 0.46443036875 0.4429978734375 0.44131084062500003 0.410275146875 0.46650762031250004 0.429953465625 0.49769306875
2 0.41581608281250004 0.743954384375 0.3933707015625 0.7126723078125 0.34895427031250004 0.7554826515624999 0.3756454234375 0.784139428125 0.41581608281250004 0.743954384375
2 0.8492201984375001 0.8616735546875001 0.8717139484375 0.8915705390625 0.8999990999999999 0.8745363625 0.874693040625 0.8459279531250001 0.8492201984375001 0.8616735546875001
2 0.183399271875 0.342137440625 0.206298415625 0.32075795937499996 0.185188253125 0.2909077296875 0.16677655625 0.3027411296875 0.183399271875 0.342137440625
2 0.77989368125 0.7455786859375 0.7488913953125 0.761131196875 0.768811503125 0.7853927406250001 0.7998153484375 0.7698402843750001 0.77989368125 0.7455786859375
2 0.3884686140625 0.89271715625 0.3701052875 0.9031654625 0.382192128125 0.9534945078125 0.3974031703125 0.9540256906250001 0.3884686140625 0.89271715625
2 0.272337128125 0.5310032546875 0.2788632640625 0.542322284375 0.3154464828125 0.52557788125 0.302295859375 0.5057115171875 0.272337128125 0.5310032546875
2 0.2562260234375 0.5165790734375 0.2682364078125 0.529474834375 0.30816533437500004 0.496212134375 0.29887213749999997 0.484796478125 0.2562260234375 0.5165790734375
2 0.23390702812500003 0.5213452421875 0.2933411328125 0.48460333125000005 0.281329184375 0.4717075125 0.22456546249999998 0.511314678125 0.23390702812500003 0.5213452421875