2 0.10745827187500001 0.30009457031250003 0.1526157765625 0.3265781015625 0.1730797828125 0.2961877 0.1254310265625 0.27508283906250003 0.10745827187500001 0.30009457031250003
2 0.0033744734375 0.49070730625000003 0.053902242187500005 0.5172504421874999 0.082787246875 0.4669582671875 0.03254964375 0.44762926875 0.0033744734375 0.49070730625000003
2 0.1113634703125 0.40944967343750005 0.156955325 0.4323957078125 0.17821510000000002 0.39552428906250003 0.1323575203125 0.3719474171875 0.1113634703125 0.40944967343750005
2 0.36589268124999996 0.63871066875 0.41171940312500005 0.6694622609375 0.4496431515625 0.61369960625 0.4052093859375 0.5876040421875001 0.36589268124999996 0.63871066875
2 0.507147446875 0.5980267312499999 0.53859903125 0.6144508875 0.5628551578125001 0.567779396875 0.5335614703125 0.549524890625 0.507147446875 0.5980267312499999
2 0.3283715640625 0.9248332109374999 0.30357720312500003 0.9612722093749999 0.34820748749999997 0.9823055546875 0.368528134375 0.9530955406249999 0.3283715640625 0.9248332109374999
2 0.5962668953125 0.50009519375 0.6292573765625 0.513717259375 0.64559013125 0.478035503125 0.6127086203125 0.45964114531250005 0.5962668953125 0.50009519375
2 0.141363546875 0.257597315625 0.17354762343750002 0.27291499375 0.2159448953125 0.20992490312499998 0.1839613484375 0.192538115625 0.141363546875 0.257597315625
2 0.9717803765624999 0.75019328125 0.9494595671875 0.7289081515625 0.9312775859375 0.7601753859375 0.9566132734374999 0.782728009375 0.9717803765624999 0.75019328125
2 0.8627577953125 0.0721921140625 0.8807470000000001 0.042994940625 0.8212221453125 0.035686207812499995 0.8123128296875001 0.049846609375 0.8627577953125 0.0721921140625
2 0.4350334203125 0.23622738124999998 0.4619801453125 0.24551811406250001 0.47180595625 0.2287783015625 0.4405265171875 0.21237528125 0.4350334203125 0.23622738124999998
2 0.42050811406250005 0.25717583906249997 0.45349859375 0.2707979046875 0.4574358140625 0.253335065625 0.42400227968750004 0.23846218281249998 0.42050811406250005 0.25717583906249997