2 0.7525588375 1 0.7432106734375 0.97343235625 0.712191259375 0.979126959375 0.717333084375 1 0.7525588375 1
2 0.6772772765624999 1 0.67504844375 0.98060960625 0.6092253546874999 0.9830885531250001 0.6149180484375 1 0.6772772765624999 1
2 0.4674870234375 0.844824628125 0.47334794999999996 0.8031219640625 0.398801640625 0.795996528125 0.3975049953125 0.84105930625 0.4674870234375 0.844824628125
2 0.42424249375 0.3462004515625 0.4597651046875 0.26665448125 0.203511621875 0.178692665625 0.1776091625 0.2554882328125 0.42424249375 0.3462004515625
2 0.0463050625 0.4670481203125 0.0940082140625 0.4800164484375 0.1005340203125 0.457474034375 0.054869184375000005 0.43597511562499996 0.0463050625 0.4670481203125
2 0.12602875 0.019240164062500002 0.11416964999999998 0.085703703125 0.18120846562499998 0.098476759375 0.19469243593750002 0.038369973437499996 0.12602875 0.019240164062500002
2 0.3239469609375 0.1101573578125 0.42695359843749997 0.1327946640625 0.4376271015625 0.0658079046875 0.3336466734375 0.0411403125 0.3239469609375 0.1101573578125
2 0.9426876296875 0.7367012703125 0.9448889749999999 0.7777792828125001 0.96559439375 0.776785625 0.9720607234375 0.73077529375 0.9426876296875 0.7367012703125
2 0.93370111875 0.409415465625 0.9151127328124999 0.4311935296875 0.9523150265625 0.4531787984375 0.9679961953125 0.42522035625 0.93370111875 0.409415465625
2 1 0.2091276828125 0.982796646875 0.199454921875 0.9749974703125 0.215126690625 1 0.22886238125 1 0.2091276828125
2 1 0.24498253281250001 0.9795474625 0.23253244374999998 0.9709534046874999 0.243901715625 1 0.2635284953125 1 0.24498253281250001
2 1 0.277818446875 0.970207596875 0.2591667890625 0.96180796875 0.269163828125 1 0.2954492390625 1 0.277818446875
2 0.510342978125 0.166590053125 0.521247528125 0.1387807859375 0.436739953125 0.11293053281250001 0.43445345468749996 0.1391581828125 0.510342978125 0.166590053125