2 0.8317948140625001 0.0875981203125 0.8359627812499999 0.12089468125 0.87341511875 0.118580775 0.871032321875 0.0849856359375 0.8317948140625001 0.0875981203125
2 0.7619829375 0.004496765625 0.760370953125 0.028805146875 0.791834909375 0.0293543515625 0.790478596875 0.0049941593749999996 0.7619829375 0.004496765625
2 0.205040921875 0.067758296875 0.20662520624999997 0.0790579796875 0.2737501328125 0.07785741406249999 0.2683541828125 0.06379078593750001 0.205040921875 0.067758296875
2 0.8688704296875001 0.3789458015625 0.869319153125 0.3872595875 0.9344664343750001 0.3972949671875 0.9344785203124999 0.3796815578125 0.8688704296875001 0.3789458015625
2 0.842893096875 0.5404529703125001 0.7810059765624999 0.5476802421875 0.78661488125 0.600578375 0.8472939578125 0.5945176984375 0.842893096875 0.5404529703125001
2 0.4701613390625 0.4947925125 0.37459094843749996 0.492530484375 0.3775214015625 0.5287715234375 0.470154553125 0.5292023234375 0.4701613390625 0.4947925125
2 0.9952435484375 0.776860359375 0.9949845640625 0.7406659515625 0.9533145171875 0.7464645921875 0.959472575 0.7849122953125 0.9952435484375 0.776860359375
2 0.8732636546875 0.7397274234375 0.8851300609375 0.7743444796875 0.9471796640625 0.7576295375 0.9328765078125001 0.7266189390625 0.8732636546875 0.7397274234375
2 0.6230813734375 0.7496001437500001 0.6320638875 0.7794192640625 0.67137999375 0.7723934171875 0.6627461828125 0.7396971328124999 0.6230813734375 0.7496001437500001
2 0.6381664875 0.87207581875 0.6619200249999999 0.9401226140625001 0.7676292734375 0.9057778890625 0.744620334375 0.8461047390624999 0.6381664875 0.87207581875
2 0.1028898578125 0.952908765625 0.0952396265625 0.914805384375 0.045779523437500004 0.92462180625 0.0548913171875 0.9639555703125 0.1028898578125 0.952908765625
2 0.29331886875 0.657820078125 0.29065080625 0.6405677625 0.232244415625 0.6526002625 0.23823792500000002 0.6664538484375 0.29331886875 0.657820078125
2 0.0015909781250000002 0.47593383593749994 0.0009284125 0.513892115625 0.0256453484375 0.5131374328125 0.019733590625 0.47758978281250003 0.0015909781250000002 0.47593383593749994
2 0.27987459375 0.47545141874999997 0.28123788125 0.465390865625 0.2041330296875 0.4598928015625 0.20234756250000002 0.4772189671875 0.27987459375 0.47545141874999997
2 0.03724658125 0.699030715625 0.0360938984375 0.7310467234375 0.0700049484375 0.7274864484375 0.0666430171875 0.69904375625 0.03724658125 0.699030715625
2 0.06258045625 0.6425189328124999 0.022139095312500003 0.6459683468749999 0.0309544140625 0.68527661875 0.067312584375 0.6776053015625 0.06258045625 0.6425189328124999
2 0.3094619234375 0.7536179671875 0.21070740625 0.7637585078125 0.217944278125 0.8084431765625 0.3176628578125 0.794103196875 0.3094619234375 0.7536179671875
2 0.867515009375 0.6607244375 0.86548716875 0.674925584375 0.8990478312500001 0.6744284109375001 0.901374328125 0.6601277734375001 0.867515009375 0.6607244375
2 0.23538624062500002 0.914879415625 0.2386686875 0.9309547765625 0.33095663124999997 0.91714144375 0.3285313984375 0.9028985109375001 0.23538624062500002 0.914879415625