2 0.59375 0.2375 0.04375 0.065625
2 0.278499796875 0.8952056515625 0.27062494375 0.9429393078125001 0.399701084375 0.9650745734375 0.4109932984375 0.9119875515625001 0.278499796875 0.8952056515625
2 0.576954715625 0.9908469312499999 0.6375513390624999 0.9986440296874999 0.6508516546875 0.9400539531250001 0.5820752125 0.9285408500000001 0.576954715625 0.9908469312499999
2 0.7455514671875 0.8000373156249999 0.7355270968750001 0.881825025 0.8634860765625 0.9009866000000001 0.8697180781249999 0.814517459375 0.7455514671875 0.8000373156249999
2 0.473527975 0.480078475 0.46588344218750005 0.566399153125 0.502910859375 0.56743461875 0.511374071875 0.4869125328125 0.473527975 0.480078475
2 0.271304584375 0.5288088875 0.2548139546875 0.6313405765625 0.278533178125 0.6366898390625 0.291081584375 0.5308875343749999 0.271304584375 0.5288088875
2 0.3047026203125 0.6322996796875 0.30803352031250003 0.5326692546875 0.2954676421875 0.5299203921875 0.28180363124999996 0.6327491703125 0.3047026203125 0.6322996796875
2 0.005708640625 0.4194820234375 0.0043762484375 0.459334503125 0.03277845625 0.460891559375 0.0352264546875 0.42401260625 0.005708640625 0.4194820234375
2 0.0413433734375 0.080440184375 0.07903928906249999 0.08868816406249999 0.0823780671875 0.0433340203125 0.0462431453125 0.033821971875 0.0413433734375 0.080440184375
2 0.7214414734375 0.2004827125 0.7357969484375 0.24055591875000001 0.7841968828125 0.228503753125 0.775936925 0.1847868046875 0.7214414734375 0.2004827125
2 0.7606396546874999 0.30315498750000003 0.765476759375 0.3250869984375 0.7999744843750001 0.32300031093750003 0.8001190093749999 0.294449640625 0.7606396546874999 0.30315498750000003
2 0.26991670624999997 0.8171480546875 0.340922321875 0.8206062953125001 0.346834153125 0.7420564453125 0.277537278125 0.7329238578124999 0.26991670624999997 0.8171480546875
2 0.34760971875 0.8185361656250001 0.3674123484375 0.8218508234374999 0.36888129375 0.7844212015625 0.351459925 0.7801250765625001 0.34760971875 0.8185361656250001
2 0.324782721875 0.1661308375 0.4154379125 0.173194015625 0.423005865625 0.11114517187499999 0.3253820125 0.10766224531249999 0.324782721875 0.1661308375
2 0.657661465625 0.761478140625 0.7798067796875 0.7740081937500001 0.79572788125 0.6518422265625 0.6737541203124999 0.639638140625 0.657661465625 0.761478140625
2 0.8116466328125 0.3867351546875 0.8280486453125 0.385378134375 0.8256673796875 0.3493930328125 0.8063231343749999 0.3516725578125 0.8116466328125 0.3867351546875