2 0.89593630625 0.563070840625 0.873700790625 0.5631559890625 0.858574621875 0.6359057171875 0.8850104249999999 0.637987125 0.89593630625 0.563070840625
2 0.6625020140625 0.5429307140625 0.601569359375 0.5332799296874999 0.591981815625 0.578651203125 0.6533993406249999 0.58777763125 0.6625020140625 0.5429307140625
2 0.6687601703125 0.4465354203125 0.655442565625 0.43961690937500003 0.639573578125 0.5170566125 0.6546464484375 0.5230508281249999 0.6687601703125 0.4465354203125
2 0.6449250484375 0.4415580046875 0.6315421578125 0.4388372109375 0.61925400625 0.5126360062499999 0.634536115625 0.5135535765625 0.6449250484375 0.4415580046875
2 0.6132390578125 0.368607771875 0.583043609375 0.373443703125 0.58447389375 0.40613398125 0.6114413328125 0.40349038437500007 0.6132390578125 0.368607771875
2 0.48498931093750003 0.30621442656250003 0.45042330625 0.300739709375 0.43812636875 0.3859605671875 0.47151152500000004 0.38854307499999996 0.48498931093750003 0.30621442656250003
2 0.48091026093749994 0.22200835625 0.4217936671875 0.21985902031250001 0.404520203125 0.294070521875 0.4692637484375 0.303122590625 0.48091026093749994 0.22200835625
2 0.41781514375000006 0.074349871875 0.3717169078125 0.0658463265625 0.3538114953125 0.144766946875 0.40558564375 0.15086471875000002 0.41781514375000006 0.074349871875
2 0.5079021625 0.00986745 0.4698221453125 0.0038361687499999996 0.461612303125 0.063252125 0.5022972765625 0.0633839046875 0.5079021625 0.00986745
2 0.6704743640624999 0.1702758 0.6337516937500001 0.16325561875 0.62520646875 0.21991485625 0.6586576281250001 0.229721634375 0.6704743640624999 0.1702758
2 0.2965826015625 0.1837964546875 0.22772769531249998 0.17108745625 0.212237240625 0.23476063749999998 0.2851964734375 0.2400041578125 0.2965826015625 0.1837964546875
2 0.23622164375 0.098491171875 0.2212976734375 0.09792931875000001 0.20842283906249998 0.1716367734375 0.22706222656250002 0.1748895390625 0.23622164375 0.098491171875
2 0.2128163375 0.0983910421875 0.199340565625 0.096256690625 0.18597241874999998 0.1692832796875 0.1988092796875 0.1713164375 0.2128163375 0.0983910421875
2 0.189067096875 0.1042479515625 0.1758702171875 0.1003527359375 0.1620444109375 0.164892303125 0.17624454843749998 0.1659390828125 0.189067096875 0.1042479515625
2 0.17940696875 0.3624168234375 0.1850439296875 0.3230309203125 0.138684603125 0.317793934375 0.131393034375 0.3584174890625 0.17940696875 0.3624168234375
2 0.0749635875 0.7943349703125 0.08711025624999999 0.751773628125 0.0514083734375 0.7494253359374999 0.042033334374999995 0.7861135765625 0.0749635875 0.7943349703125
2 0 0.9270403421875001 0.0245036515625 0.9309213390625001 0.0341376375 0.8852568453125 0 0.88537456875 0 0.9270403421875001
2 0.11737670625 0.1890774953125 0.064582753125 0.1849238125 0.054537871875 0.21790063437499999 0.10655954062499999 0.22704020156250002 0.11737670625 0.1890774953125
2 0.6192543078125 0.31545688906249997 0.6048788484375 0.322798459375 0.6183955765625 0.35499843750000004 0.63150089375 0.35076203125 0.6192543078125 0.31545688906249997