2 0.2544200984375 0.48438744375000004 0.25577338437499997 0.5346824578125 0.3108147515625 0.527318934375 0.3063054640625 0.4779730625 0.2544200984375 0.48438744375000004
2 0.252222728125 0.7703597953125 0.11960476406250001 0.8136133390625 0.1358690421875 0.866960209375 0.268451809375 0.823484434375 0.252222728125 0.7703597953125
2 0.7568979875 0.9165232046874999 0.7567285140625 0.9496228546875001 0.815144534375 0.9388851875 0.8167148624999999 0.9070491437499999 0.7568979875 0.9165232046874999
2 0.9691373343749999 0.30564289375000003 0.9302449875000001 0.310600534375 0.9384983078125 0.3892685890625 0.9722969171875 0.3863200203125 0.9691373343749999 0.30564289375000003
2 1 0.8793697999999999 0.9568755546875 0.884849871875 0.9576428 0.899182871875 1 0.8947235593749999 1 0.8793697999999999
2 0.4247432671875 0.3527805421875 0.47789439375000003 0.34676683750000004 0.4758096921875 0.314626946875 0.42472543281249997 0.318508259375 0.4247432671875 0.3527805421875
2 0.3695725921875 0.4523178578125 0.3850644203125 0.5045831875 0.41589444531249997 0.49428824843749997 0.40543676875 0.44723868125 0.3695725921875 0.4523178578125
2 0.67234366875 0.24982506718750003 0.6722686203125 0.28351091093749997 0.7055118328125001 0.28085121874999996 0.7045689671875001 0.2483295703125 0.67234366875 0.24982506718750003
2 0.7558440625 0.6707512765625 0.7600018203125 0.7121844078125 0.7991521125000001 0.7069676015625 0.7957859640625 0.6686347421875001 0.7558440625 0.6707512765625
2 0.9578165671875001 0.4391244171875 0.9545714593750001 0.4907504796875 0.9937905859375 0.4840705140625 0.9878178875 0.43497382656249994 0.9578165671875001 0.4391244171875
2 0 0.2923831609375 0.1290801484375 0.277542071875 0.12466823906249999 0.2193122171875 0 0.2359793984375 0 0.2923831609375
2 0.0321992359375 0.1251178671875 0.0350563890625 0.15833929375 0.0997346265625 0.156775575 0.09670917343749999 0.11490049531249999 0.0321992359375 0.1251178671875
2 0.2968221359375 0.8204227062499999 0.30427256406250003 0.9016225312499999 0.3514075171875 0.8860905890625 0.342622246875 0.805951703125 0.2968221359375 0.8204227062499999