2 0.9303796875 0.8529281265625 0.9593021140625 0.8245439109375001 0.9667561234375001 0.7715058765625 0.9452281250000001 0.7579265625 0.8953796890625 0.8158171859375001 0.9303796875 0.8529281265625
2 0.72904375 0.8725218734375 0.7141953125 0.901021875 0.7617078125 0.925959375 0.7801203125 0.8944906250000001 0.72904375 0.8725218734375
2 0.5015734375 0.6445203125 0.5300828125 0.6284890625 0.517015625 0.5970203125 0.4848 0.6109718749999999 0.5015734375 0.6445203125
2 0.5942249984375 0.6759890625 0.6185750015625 0.6540203124999999 0.5924421875 0.6231453124999999 0.5605031265625 0.6412546875 0.5942249984375 0.6759890625
2 0.6357984375 0.3707999984375 0.6660890625 0.40761250000000004 0.6951890625 0.38861249999999997 0.6638171875000001 0.344675 0.6357984375 0.3707999984375
2 0.7379515624999999 0.3797062484375 0.7807125015625 0.3428921875 0.7611140640625 0.3173609375 0.7163640625000001 0.3535796875 0.7379515624999999 0.3797062484375
2 0.23371875000000003 0.4289875 0.2640078140625 0.44739375 0.27885468750000003 0.42126875 0.2505640640625 0.400784375 0.23371875000000003 0.4289875
2 0.0697984375 0.2936109375 0.0988984390625 0.3108296875 0.1179046890625 0.2882671875 0.0920328125 0.2671890625 0.0697984375 0.2936109375
2 0.044259375000000004 0.9016140625 0.070984375 0.915271875 0.09711875 0.883803125 0.0670953140625 0.8630218734374999 0.044259375000000004 0.9016140625
2 0.33884218593750004 0.0893609375 0.3756640625 0.051359375 0.3513125015625 0.025234374999999996 0.31379999999999997 0.062343749999999996 0.33884218593750004 0.0893609375
2 0.3453734375 0.1463609375 0.3744765625 0.1214234375 0.3530953125 0.0988609375 0.32626875 0.12825 0.3453734375 0.1463609375
2 0.2432203125 0.1986109359375 0.2758859375 0.21642343749999998 0.2954843734375 0.1843609375 0.2612515625 0.1656578125 0.2432203125 0.1986109359375
2 0.8591109375 0.4188921859375 0.8911828140625 0.39276875 0.8561406249999999 0.35714375 0.8276328124999999 0.38148593750000004 0.8591109375 0.4188921859375
2 0.7712109375 0.9987531265625 0.8644562499999999 0.998753125 0.8650499999999999 0.9960218734374999 0.7914046875 0.958615625 0.7712109375 0.9987531265625
2 0.45643593750000006 0.9443656265625 0.48256875 0.9229906250000001 0.46237500000000004 0.8998343734375001 0.43581562500000004 0.9244749999999999 0.45643593750000006 0.9443656265625
2 0.5799703125 0.34051718750000004 0.5461171874999999 0.3025171859375 0.5311125 0.3081578125 0.565121875 0.3535796875 0.5799703125 0.34051718750000004
2 0.49563437343750005 0.3791125 0.5211734375 0.3488296875 0.5003859375 0.32151718749999997 0.47589375 0.3491265625 0.49563437343750005 0.3791125
2 0.2058046875 0.38505 0.223621875 0.3927687515625 0.23609375 0.3690171875 0.22028281249999998 0.3598140609375 0.2058046875 0.38505
2 0.245003125 0.38148593750000004 0.2319359375 0.373175 0.19570781406249999 0.41532968906249995 0.21115 0.42601875 0.245003125 0.38148593750000004