2 0.40754391874999996 0.6383904984375001 0.3462601515625 0.627280890625 0.32943962031249996 0.715792428125 0.3950391015625 0.7261823656249999 0.40754391874999996 0.6383904984375001
2 0.4212841796875 0.852372865625 0.40569704062499995 0.9242475203125 0.46266379375 0.9360750124999999 0.4705501296875 0.8685935234375 0.4212841796875 0.852372865625
2 0.3850290515625 0.9574449250000001 0.380499540625 0.9860431328124999 0.406466484375 0.9901558921875001 0.409628665625 0.9613411203125001 0.3850290515625 0.9574449250000001
2 0.933072046875 0.0623593109375 0.929452953125 0.0940489375 0.9545531531250001 0.1036341078125 0.9617705671874999 0.06690470937500001 0.933072046875 0.0623593109375
2 0.540630290625 0.2049958625 0.5818469687500001 0.2101207296875 0.5863312640625 0.1729584484375 0.555114646875 0.166612590625 0.540630290625 0.2049958625
2 0.371513296875 0.945484909375 0.341445903125 0.9407227031250001 0.3362444578125 0.9735633390625 0.3678957453125 0.9771747796874999 0.371513296875 0.945484909375
2 0.3117764046875 0.6080923890625 0.218652646875 0.5969499421875 0.2042831421875 0.69146095625 0.30765136718749997 0.7036248171875 0.3117764046875 0.6080923890625
2 1 0.0788935828125 0.9858108 0.0722151875 0.9677476203125 0.1066256328125 0.9951625765625 0.1100660078125 1 0.0920493234375 1 0.0788935828125
2 0.8641120000000001 0.38177284375 0.8533601187500001 0.41553783125 0.8677272796875 0.41961523749999996 0.8765369171874999 0.3867465125 0.8641120000000001 0.38177284375
2 0.879166628125 0.42323050625 0.8906988578125 0.42625933437499997 0.8980587546875001 0.3949628640625 0.8866670031250001 0.3913567171875 0.879166628125 0.42323050625
2 0.9023237265624999 0.428703265625 0.9141606609374999 0.43358380781249994 0.9188700937500001 0.4000640921875 0.90867468125 0.40025116875 0.9023237265624999 0.428703265625
2 0.9239366578125001 0.4363344765625 0.9356531109375 0.43819017968749996 0.9441843453125 0.40707923125 0.9306384 0.40372987968749996 0.9239366578125001 0.4363344765625
2 0.2439857515625 0.96406078125 0.2603906375 0.966659059375 0.264828421875 0.9234779 0.25376953593749996 0.9187190078125 0.2439857515625 0.96406078125
2 0.213121065625 0.9579699937499999 0.2275266796875 0.9618146109374999 0.23009724843749998 0.9342081046875 0.21690077031250002 0.93542431875 0.213121065625 0.9579699937499999
2 0.18241555781250002 0.9546697109375 0.1958897875 0.9568038203125001 0.1968953453125 0.916325265625 0.18630185 0.9125433921875 0.18241555781250002 0.9546697109375
2 0.1490208890625 0.9493805156249999 0.16137796875 0.95097699375 0.16722959531249998 0.9140312765624999 0.15467421718750002 0.9075340671875001 0.1490208890625 0.9493805156249999