2 0.288725409375 0.3170059953125 0.26631326093749996 0.26735804218750003 0.22018899687500001 0.2916012234375 0.233555409375 0.3353207859375 0.288725409375 0.3170059953125
2 0.182662575 1 0.167225065625 0.9655144281249999 0.13841104531249998 0.9801191796875001 0.146000678125 1 0.182662575 1
2 0.48391002656250004 0.9222972593750001 0.45641977031250003 0.865509528125 0.3583929203125 0.8998255015625001 0.3807784078125 0.9683154921874999 0.48391002656250004 0.9222972593750001
2 0.5413227109375 0.9728353125 0.546825040625 0.9978326296875 0.593646140625 0.992911534375 0.6096311421875 0.988024428125 0.5923343156249999 0.945648659375 0.5413227109375 0.9728353125
2 0.6497255640625 0.3051511375 0.6111911 0.216969075 0.5619066359375 0.24507531875000002 0.5993341859375 0.32490185 0.6497255640625 0.3051511375
2 0.6729479140625 0.49942380937499997 0.6267711234375 0.419373659375 0.6077317828125001 0.4280914625 0.6485088046875 0.5141386453125001 0.6729479140625 0.49942380937499997
2 0.7053273421874999 0.4822813765625 0.658258534375 0.3851193171875 0.6388139859375 0.3925117421875 0.68882705625 0.49456906875 0.7053273421874999 0.4822813765625
2 0.7261490953124999 0.43680011875 0.6949041593749999 0.3724663640625 0.6758648171875 0.3811841671875 0.7124037999999999 0.443899371875 0.7261490953124999 0.43680011875
2 0.8700544125 0.5478162140625 0.8463198765625 0.4985725578125 0.828198171875 0.50556218125 0.8559043640624999 0.55359158125 0.8700544125 0.5478162140625
2 0.8438881625000001 0.5616114578125 0.8157767625 0.51225668125 0.802031921875 0.5193574265625001 0.82841423125 0.5677915796875 0.8438881625000001 0.5616114578125
2 0.7275772375 0.7159667609375 0.6727039453125 0.598012365625 0.650505903125 0.6105927734375001 0.7040553125 0.7289519234374999 0.7275772375 0.7159667609375
2 0.29249644375 1 0.2629006671875 0.9334695046875 0.2481401265625 0.9460553218750001 0.2763241421875 1 0.29249644375 1
2 0.22683861093750002 0.95753325 0.240276975 0.9832269453125001 0.2517151765625 0.9760046593749999 0.23365825468749998 0.947378478125 0.22683861093750002 0.95753325
2 0.7519396 0.7131750375 0.7705326875 0.7050070421875 0.752695921875 0.6750701578125 0.735619471875 0.6827744703125 0.7519396 0.7131750375