2 0.5352694312499999 0.291793446875 0.5949223109374999 0.3396455546875 0.65159694375 0.25035182031250003 0.5965089406249999 0.207013028125 0.5352694312499999 0.291793446875
2 0.810324446875 0.0965724703125 0.7707875171875 0.1381613234375 0.8078682828125 0.1683316046875 0.8520065265625 0.1279650578125 0.810324446875 0.0965724703125
2 0.8811938203125 0.21274661875 0.8599833953125 0.2425151625 0.8827817937500001 0.25903283906249996 0.9042910734375 0.23239445625 0.8811938203125 0.21274661875
2 0.6473718703125 0.808864909375 0.6126933421875 0.85190113125 0.6599272046875 0.885857971875 0.69682809375 0.842271628125 0.6473718703125 0.808864909375
2 0.532373775 0.9601661312499999 0.561583721875 0.9779284953125 0.6094740265625 0.9213710265625 0.5791777406249999 0.8967503718750001 0.532373775 0.9601661312499999
2 0.179266753125 0.035267453125 0.083536325 0.022098335937499998 0.0620318546875 0.13272925156249998 0.1464218390625 0.15600775 0.179266753125 0.035267453125
2 0.4292000734375 0.043968401562499995 0.47380868749999994 0.06653696249999999 0.50006004375 0.03417321875 0.4511452546875 0.0119757578125 0.4292000734375 0.043968401562499995
2 0.30980165937500004 0.2303542953125 0.29300384375 0.259204175 0.323379178125 0.277194659375 0.34056501093749997 0.24790447968749998 0.30980165937500004 0.2303542953125
2 0.06376428281249999 0.3338598390625 0.0262659 0.31672913281250004 0.013702320312499999 0.3813631484375 0.020987832812500003 0.382779309375 0.06376428281249999 0.3338598390625
2 0.45229480625 0.8742484171875 0.41957304375 0.924340771875 0.4742875203125 0.96337769375 0.516189184375 0.918950403125 0.45229480625 0.8742484171875
2 0.705648353125 0.5043825749999999 0.7344072625 0.5244735375 0.7737185656250001 0.4747101953125 0.7414474703125 0.450913809375 0.705648353125 0.5043825749999999
2 0.21709848593749997 0.158038615625 0.184907171875 0.1353958359375 0.1549375671875 0.18221251875 0.1846185984375 0.20067131875 0.21709848593749997 0.158038615625