2 0.877825490625 0.8539691078124999 0.789787934375 0.8716057359375 0.791436875 0.9032493718750001 0.8892755671874999 0.8882453109374999 0.877825490625 0.8539691078124999
2 1 0.5233131453125 0.9494110156250001 0.5367984546875 0.9571072421875 0.5990493734375 0.991207875 0.593606953125 1 0.538364534375 1 0.5233131453125
2 0.767907509375 0.537954515625 0.8346408140625 0.5250021046875 0.8271843515624999 0.48871857656250006 0.7547575953125001 0.5036816234375 0.767907509375 0.537954515625
2 0.5424786734375 0.8907026203124999 0.5077378375 0.90326706875 0.5089730984374999 0.9372478125000001 0.5504590546875 0.9297916234375 0.5424786734375 0.8907026203124999
2 0.8939285796875 0.08628535000000001 0.8460605859375001 0.0947263984375 0.8505610453125 0.13410616250000001 0.9036062156250001 0.125673625 0.8939285796875 0.08628535000000001
2 0.7217716265624999 0.0788399984375 0.6856213437500001 0.0857297359375 0.693729715625 0.14564327500000002 0.725773284375 0.1404394625 0.7217716265624999 0.0788399984375
2 0.670735403125 0.3375343609375 0.6383997328125 0.34328799062500004 0.640219721875 0.3773718390625 0.671648303125 0.3705539015625 0.670735403125 0.3375343609375
2 0.26659198906250003 0.5116587453125 0.202331521875 0.5208268171875 0.2097873140625 0.6186070031249999 0.27685655625 0.6066197796874999 0.26659198906250003 0.5116587453125
2 0.22084606875 0.7676684765624999 0.20325332343750002 0.7718013140625 0.2195722328125 0.860293521875 0.2383436765625 0.8557656093749999 0.22084606875 0.7676684765624999
2 0 0.8265714578125 0.0067304703125 0.864965859375 0.0431204703125 0.8635461609374999 0.0351842546875 0.795826740625 0 0.8040449296875 0 0.8265714578125
2 0.3402546609375 0.8453985171875 0.27458771249999997 0.8591418640624999 0.2742785625 0.8711439562500001 0.3470729984375 0.8640835656249999 0.3402546609375 0.8453985171875
2 0.117388784375 0.47992559687499997 0.12690825625 0.44301633906250004 0.0351596375 0.4202065765625 0.028336334375 0.45879547499999995 0.117388784375 0.47992559687499997
2 0.412870221875 0.6146255546875 0.401534175 0.4944548453125 0.3755551640625 0.49831477812499997 0.38996519375 0.6157099265625 0.412870221875 0.6146255546875
2 0.5538359015625 0.2934083515625 0.51816570625 0.3009856546875 0.5213613625 0.33410625 0.553596246875 0.32803339375 0.5538359015625 0.2934083515625