2 0.4283493796875 0.6352705000000001 0.477296775 0.6187987546875 0.45800716250000006 0.5504331734375 0.406617746875 0.5667326015625 0.4283493796875 0.6352705000000001
2 0.42757672343750003 0.4496582390625 0.43737632031249996 0.484718896875 0.4803469140625 0.47368163750000003 0.4724977984375 0.4411345328125 0.42757672343750003 0.4496582390625
2 0.6919452546875 0.4000283875 0.7066957953124999 0.4529094265625 0.772317071875 0.42672124218749996 0.752448434375 0.37729709375 0.6919452546875 0.4000283875
2 0.54149194375 0.0972767265625 0.5573088390625001 0.14936682968749998 0.64812554375 0.11219285781249999 0.63563671875 0.0601711921875 0.54149194375 0.0972767265625
2 0.3336772578125 0.077833609375 0.338110915625 0.1132359296875 0.385105925 0.1079259109375 0.384342528125 0.0676941375 0.3336772578125 0.077833609375
2 0.465881346875 0 0.4803401296875 0.061621126562499996 0.5869472765625 0.037065626562499995 0.57911951875 0.001304871875 0.5043634203125 0 0.465881346875 0
2 0.8677986421874999 0.14588069374999998 0.9409133921875 0.12115887031250001 0.933551525 0.07940763906250001 0.853836996875 0.11457005468749999 0.8677986421874999 0.14588069374999998
2 0.84387120625 0.0204392875 0.852501071875 0.055704610937499996 0.876794803125 0.044742953125 0.8699778312499999 0.014630165625 0.84387120625 0.0204392875
2 0.7971553124999999 0.0974272859375 0.8040645 0.126362421875 0.8398429171874999 0.1172771640625 0.829075071875 0.0869741078125 0.7971553124999999 0.0974272859375
2 0.1455012265625 0.41255298749999997 0.1508981359375 0.446579640625 0.257160975 0.4388774671875 0.2604181953125 0.4043513890625 0.1455012265625 0.41255298749999997
2 0.7470697015625001 0.8938759703124999 0.75422106875 0.9275948515625 0.78803679375 0.9159267984374999 0.78273820625 0.88758665 0.7470697015625001 0.8938759703124999
2 0.161134553125 0.983322053125 0.2136906234375 0.9668184984374999 0.204545621875 0.9388805078125 0.159038278125 0.9475075890625 0.161134553125 0.983322053125
2 0.1335474828125 0.6148822578125 0.1363612890625 0.6855484734374999 0.15301309375 0.6842369921875 0.1507797890625 0.61003341875 0.1335474828125 0.6148822578125
2 0.047280878124999995 0.6487883421875 0.047105909375 0.6819887390625 0.08315545625000001 0.6829893140625 0.0826065640625 0.647384334375 0.047280878124999995 0.6487883421875
2 0.0517020796875 0.4447711296875 0.0493929 0.5000605218749999 0.089063878125 0.501074634375 0.08379326718749999 0.4421287203125 0.0517020796875 0.4447711296875
2 0.174560328125 0.10890635156249999 0.171676153125 0.051518140625 0.080445853125 0.06753151874999999 0.081947596875 0.1016928578125 0.174560328125 0.10890635156249999