2 0.6691502593750001 0.1287266359375 0.7750223484375 0.12041866718750001 0.7736961375 0.066309478125 0.6595953125 0.0728014875 0.6691502593750001 0.1287266359375
2 0.7636878796875 0.204345171875 0.8014048812500001 0.1993951578125 0.797020865625 0.1506692515625 0.7610499171875 0.14878409374999998 0.7636878796875 0.204345171875
2 0.697655740625 0.246609740625 0.7865635109375 0.24434095312499998 0.7832014328125 0.20259685 0.6956761390625 0.20493808750000003 0.697655740625 0.246609740625
2 0.9425586546875 0.576746596875 0.9965158562499999 0.5795743734375 0.999267746875 0.5270651843749999 0.9407254375 0.53231163125 0.9425586546875 0.576746596875
2 0.8077628875 0.5281143453125 0.8466451749999999 0.5273810937500001 0.839864834375 0.4979280609375 0.8020753781250001 0.5042605546875001 0.8077628875 0.5281143453125
2 0.7058965296874999 0.5394032296875 0.7423728421875 0.53161564375 0.7441042703125 0.47212629375 0.7011423234375 0.47125946250000006 0.7058965296874999 0.5394032296875
2 0.5456459171875 0.605826140625 0.6448181296875 0.5930113515625 0.6399848546875 0.4999245765625 0.5439413390625 0.5059735234375 0.5456459171875 0.605826140625
2 0.8604579859375001 0.9520985609375 0.8620349390625 0.8690453953124999 0.77203285625 0.865713296875 0.7798498421875 0.9548007484375001 0.8604579859375001 0.9520985609375
2 0.31873321718750003 0.5412823062500001 0.45110830156250004 0.5302076046875001 0.439655859375 0.45755553750000005 0.31033693906250004 0.4632484359375 0.31873321718750003 0.5412823062500001
2 0.1953093484375 0.5403574703125 0.25094031562499997 0.5377294312500001 0.2540607578125 0.5046395796875001 0.1913679765625 0.509666946875 0.1953093484375 0.5403574703125
2 0.1929196390625 0.5859558296875 0.2626019421875 0.5799084953125 0.2570608171875 0.5532913921875 0.19305636875 0.55686530625 0.1929196390625 0.5859558296875
2 0.0831370734375 0.66888015 0.07473261875000001 0.5645207109375 0.018956909375 0.569910584375 0.022188790625 0.667072259375 0.0831370734375 0.66888015
2 0.09960661093749999 0.460519046875 0.0912893171875 0.40742974531250004 0.035585976562499996 0.41143870312499997 0.040990453125 0.46714477031249996 0.09960661093749999 0.460519046875
2 0.20552025624999998 0.3455217265625 0.21125585624999998 0.2890132125 0.15001948437499998 0.2927321953125 0.148794978125 0.3425488796875 0.20552025624999998 0.3455217265625
2 0.19264874999999998 0.405813525 0.27718869062499996 0.4074730890625 0.270842821875 0.369729871875 0.20013858125 0.3687954046875 0.19264874999999998 0.405813525
2 0.5092591765625001 0.426563634375 0.533647484375 0.4112142953125 0.532691384375 0.3765245296875 0.5050215437500001 0.37507441406250003 0.5092591765625001 0.426563634375
2 0.5441748015625001 0.554481909375 0.5104633656249999 0.5624159625 0.51841055 0.596085840625 0.543675971875 0.5904817 0.5441748015625001 0.554481909375
2 0.5437964359375 0.508738478125 0.5144544703125 0.512742703125 0.5139540796875 0.5487424125 0.5475946234375 0.5421909171875 0.5437964359375 0.508738478125
2 0.5578799859375 0.43478357812499996 0.5101967328125 0.437036428125 0.5112025078125 0.4632249578125 0.5694034078125 0.4644930078125 0.5578799859375 0.43478357812499996
2 0.5619312109375 0.41420646562499996 0.5190224406249999 0.41611653593750003 0.517467178125 0.4344477609375 0.5709866515625001 0.43428290468749997 0.5619312109375 0.41420646562499996
2 0.5358574828125 0.4692688953125 0.5095510109375 0.47204749062499995 0.5143969234375 0.5043766609375 0.5375214374999999 0.5055885671875 0.5358574828125 0.4692688953125
2 0.5942834046875001 0.4889630359375 0.5889097984375 0.46670285937499995 0.5374573687499999 0.4727761828125 0.5334609328125001 0.4923078546875 0.5942834046875001 0.4889630359375