2 0.22493703125 0 0.2798963828125 0.071608121875 0.30539493125 0.0486147359375 0.2708297375 0 0.22493703125 0
2 0.73694163125 0.1850124953125 0.7079609234375 0.2290516125 0.7604097078125001 0.26093130468750003 0.789083921875 0.2113944390625 0.73694163125 0.1850124953125
2 0.21513375625000003 0.29616714375000003 0.1665496234375 0.3479026984375 0.1933097015625 0.3759624125 0.24437446093749998 0.3243175328125 0.21513375625000003 0.29616714375000003
2 0.3960443234375 0.36348334531250004 0.36302712812500004 0.32259212187499997 0.32606755781249996 0.3569763140625 0.36578403125 0.403943709375 0.3960443234375 0.36348334531250004
2 0.270481171875 0.5840653546875 0.256479353125 0.61379198125 0.2986271546875 0.642751071875 0.3125274921875 0.6105883703125 0.270481171875 0.5840653546875
2 0.6370373921875 0.808898953125 0.5953638531250001 0.864273246875 0.6488223546875 0.9078055859375 0.691580953125 0.8447207203125 0.6370373921875 0.808898953125
2 0.9797376375000001 0.642517478125 0.9870010499999999 0.6214229984374999 0.9933356390625001 0.58142796875 0.97223868125 0.5612550093750001 0.93783823125 0.602801653125 0.9797376375000001 0.642517478125
2 0.9250832734375001 0.3371047484375 0.8970125281250001 0.3839723484375 0.9338156734374999 0.4029259609375 0.960331015625 0.35419250625 0.9250832734375001 0.3371047484375
2 0.8374285625000001 0.3144600125 0.834453378125 0.3303955140625 0.8880795484374999 0.3570272984375 0.891690403125 0.3456287421875 0.8374285625000001 0.3144600125
2 0.7321583484375 0.8736860640625 0.7166641515625 0.9022708625 0.775599421875 0.9426636546875 0.792589909375 0.9124689125 0.7321583484375 0.8736860640625
2 0.8583353 0.799043965625 0.9101784765625001 0.844531953125 0.9227469328125 0.8080305031250001 0.8824164578125 0.771964971875 0.8583353 0.799043965625
2 0.162041525 0.461300584375 0.1420375984375 0.49021644531249997 0.1739253765625 0.5125029125 0.1915736140625 0.4803979296875 0.162041525 0.461300584375
2 0.1131412296875 0.3935830453125 0.0797633703125 0.42668866875000006 0.1072226078125 0.46001281718750003 0.142829590625 0.424992684375 0.1131412296875 0.3935830453125
2 0.0011226031250000002 0.4535613109375 0.019812940625 0.4694884484375 0.0344167046875 0.4225166921875 0.008531078125 0.40678604218750003 0.0011226031250000002 0.4535613109375
2 0.14981389218750002 0.3691507671875 0.12194886875 0.39535983125 0.1362398875 0.41221521406250006 0.16189684843750002 0.3814764234375 0.14981389218750002 0.3691507671875
2 0.13768600625 0.021383584375 0.12574723593749998 0.05496204375 0.142957871875 0.0954359796875 0.1707653640625 0.0748604140625 0.13768600625 0.021383584375
2 0.7065791453125 0.311489984375 0.6886445609375 0.3398624515625 0.71307784375 0.356442321875 0.728398728125 0.326541921875 0.7065791453125 0.311489984375