2 0.968075 0.9438906250000001 0.9093500000000001 0.934390625 0.906384375 0.993765625 0.96748125 1 0.968075 0.9438906250000001
2 0.7794453125 0.962296875 0.784190625 0.9266703125 0.76105625 0.920734375 0.7527515625000001 0.957546875 0.7794453125 0.962296875
2 0.388128125 0.8289984374999999 0.3998125 0.8316703125 0.40455781249999995 0.7681390625 0.390915625 0.7592328125 0.388128125 0.8289984374999999
2 0.11237656250000001 0.7185609375 0.1797453125 0.7253890625 0.181525 0.6672 0.1144953125 0.6612625000000001 0.11237656250000001 0.7185609375
2 0.21889375000000003 0.7574515625 0.222453125 0.7117328125 0.1827109375 0.7075765625 0.1850828125 0.7568578125000001 0.21889375000000003 0.7574515625
2 0.15329375 0.8379046875 0.18033749999999998 0.839984375 0.1785578125 0.7859515625 0.1512734375 0.7871390625 0.15329375 0.8379046875
2 0.1115296875 0.5947625000000001 0.1109359375 0.6351390625 0.1269515625 0.6321703125 0.1269515625 0.59535625 0.1115296875 0.5947625000000001
2 0.1355046875 0.6259359375 0.1471203125 0.62741875 0.1471203125 0.598325 0.1334765625 0.5965453125 0.1355046875 0.6259359375
2 0.28494375 0.9572499999999999 0.24558593750000002 0.9563593750000001 0.24558593750000002 0.993171875 0.286515625 0.9890156250000001 0.28494375 0.9572499999999999
2 0.916503125 0.03811875 0.8998593749999999 0.036634375000000004 0.8998593749999999 0.07582343750000001 0.9152812499999999 0.074040625 0.916503125 0.03811875
2 0.8980796874999999 0.077603125 0.8980796874999999 0.097196875 0.9105375 0.097196875 0.9105375 0.082946875 0.8980796874999999 0.077603125
2 0.9200625 0.10046250000000001 0.9366359375 0.100165625 0.9366359375 0.0853234375 0.919434375 0.0859171875 0.9200625 0.10046250000000001