2 0.8019123640625001 0.9667293890625 0.8348474875 0.983137559375 0.8658103718750001 0.9155181671875001 0.8356888890624999 0.89717728125 0.8019123640625001 0.9667293890625
2 0.9659417953125 0.7417098078125 0.929338371875 0.746006371875 0.9362391499999999 0.7976691390624999 0.9708896828125001 0.7908009453125 0.9659417953125 0.7417098078125
2 0.8491283609375 0.7002665546875 0.82920633125 0.7054725765625001 0.836007778125 0.7547622921875 0.8628381109375001 0.746518678125 0.8491283609375 0.7002665546875
2 0.49356571875000005 0.8407881578125 0.469095690625 0.8159081609375001 0.44346301875 0.8481688843749999 0.471174196875 0.8782285375000001 0.49356571875000005 0.8407881578125
2 0.4193796296875 0.9439668484375 0.4330939046875 0.9563301046875001 0.4673020734375 0.9176743093749999 0.45205371562499996 0.906879428125 0.4193796296875 0.9439668484375
2 0.442726896875 0.9587980843749999 0.4744907234375 0.9868616546875 0.489305128125 0.9634918000000001 0.4609790046875 0.941193715625 0.442726896875 0.9587980843749999
2 0.0444740546875 0.7947584046875 0.034086753125 0.8232473265625 0.0661638453125 0.8459433953125 0.08247523125 0.8058472734375 0.0444740546875 0.7947584046875
2 0.3918292796875 0.1576091703125 0.40745598281250006 0.115763671875 0.3335721 0.088718390625 0.318512734375 0.126372203125 0.3918292796875 0.1576091703125
2 0.9530251796875 0.4272658140625 0.9893464109375 0.4289296875 0.987078921875 0.3740497109375 0.9480758140625 0.37817631875 0.9530251796875 0.4272658140625
2 0.6037846515624999 0.0650441140625 0.5877539781250001 0.09918144062499999 0.6227951546875 0.11042543593750001 0.6320883312500001 0.0760466421875 0.6037846515624999 0.0650441140625
2 0.829034921875 0.06751036875000001 0.77965041875 0.06593498125 0.7784199984375 0.097808684375 0.8262538046874999 0.1051137046875 0.829034921875 0.06751036875000001
2 0.0170180578125 0.83781685 0.0203741015625 0.90185396875 0.0249365078125 0.9093457703125001 0.060745367187499996 0.8506881671875 0.025824603125 0.8242764578124999 0.0170180578125 0.83781685
2 0.4634748390625 0.153259821875 0.4057374828125 0.1396378921875 0.38652260625 0.19237204218749998 0.4472810671875 0.2183199375 0.4634748390625 0.153259821875