2 0.9541090171875 0.248020703125 0.9955927328125 0.24314440781250002 0.9950373375 0.21132581718750001 0.9466023921875 0.21493885937499999 0.9541090171875 0.248020703125
2 0.9671554515624999 0.281007409375 0.963707828125 0.2423179359375 0.9265004515624999 0.2540378296875 0.9298756484374999 0.288577934375 0.9671554515624999 0.281007409375
2 0.716561115625 0.2134174640625 0.7536718765625 0.19616247656250002 0.7464083109375 0.17691600000000002 0.7091752109375 0.18725175624999998 0.716561115625 0.2134174640625
2 0.6585756546875 0.225500040625 0.7068641546875 0.213586725 0.7008639765625 0.1873968296875 0.654009525 0.202054284375 0.6585756546875 0.225500040625
2 0.33314127031249996 0.71278199375 0.40092184218750004 0.7060636625 0.39145146875000003 0.6398016625 0.3128086984375 0.6591661796875 0.33314127031249996 0.71278199375
2 0.162760971875 0.71575599375 0.22500020156249997 0.7091343859375 0.22429986875000002 0.669012371875 0.1522670921875 0.6702697093750001 0.162760971875 0.71575599375
2 0.617350328125 0.29630061875 0.62348361875 0.3074655890625 0.658123040625 0.3017226734375 0.6521914734375 0.285014275 0.617350328125 0.29630061875
2 0.6145942265625 0.2743985078125 0.618352878125 0.2856049296875 0.64787899375 0.27618975625000003 0.6413801296874999 0.2610915015625 0.6145942265625 0.2743985078125
2 0.531756259375 0.3256786015625 0.5385246031250001 0.339204725 0.571072365625 0.33270445 0.5666510359375 0.3175543046875 0.531756259375 0.3256786015625
2 0.557849796875 0.28962709062499997 0.5271244078125 0.29846779375 0.5303515203125 0.3132434109375 0.5640659046875001 0.305536653125 0.557849796875 0.28962709062499997
2 0.5207323328125 0.27247695625 0.5281150609374999 0.28718003593749997 0.555892821875 0.2795753390625 0.5523467109375 0.263534784375 0.5207323328125 0.27247695625
2 0.51557930625 0.249429003125 0.51639035625 0.26187299375 0.550719096875 0.2553416296875 0.5492095078125 0.23689954218749998 0.51557930625 0.249429003125
2 0.509677346875 0.2174958921875 0.509956859375 0.233509078125 0.5449015187499999 0.22815308281250002 0.5397767875 0.2068158328125 0.509677346875 0.2174958921875
2 0.5051179796875 0.194437578125 0.50719919375 0.2116069953125 0.5366544203125 0.19804086406250002 0.5328750421875 0.185647125 0.5051179796875 0.194437578125