2 0.8456938875000001 0.560631425 0.7208641359375 0.5680362 0.7249940296874999 0.6140071671875 0.8427673609375 0.603941346875 0.8456938875000001 0.560631425
2 0.58421385625 0.7029051984375 0.5507320921875001 0.704477140625 0.5552523890625001 0.755281715625 0.5939554078125 0.756444596875 0.58421385625 0.7029051984375
2 0.47772460937499994 0.6943165312499999 0.44282714843750004 0.68285315625 0.4307686265625 0.722648971875 0.468304990625 0.728454275 0.47772460937499994 0.6943165312499999
2 0.068218509375 0.8085445421875 0.050487434374999994 0.8455501265625 0.0842236359375 0.8631505390624999 0.1013523484375 0.8209862187500001 0.068218509375 0.8085445421875
2 0.6441796484375 0.2948088015625 0.6481831546875 0.3293982828125 0.6805336375000001 0.31901340624999996 0.6764258125 0.2891967890625 0.6441796484375 0.2948088015625
2 0.8622330171874999 0.1241734328125 0.855877271875 0.16915445625 0.8947221656250001 0.1808034140625 0.9047567671875001 0.12341260312499999 0.8622330171874999 0.1241734328125
2 0.8152383796875 0.9547040640625 0.7794982203124999 0.9634763218750001 0.7870046125 0.9996923203125 0.8202444968749999 0.9918079109375 0.8152383796875 0.9547040640625
2 0.829456021875 0.851462525 0.8404483546874999 0.8710575859375 0.912414303125 0.8398138953125001 0.904143284375 0.8244413249999999 0.829456021875 0.851462525
2 0.933711959375 0.8561877234375 0.9581824328125 0.8711580734375 0.9630307374999999 0.831671796875 0.955799028125 0.8271946 0.933711959375 0.8561877234375
2 0.9087871109375 0.757413903125 0.9059194546875 0.7980391140624999 0.919545803125 0.801207740625 0.9235786203125 0.7586318640624999 0.9087871109375 0.757413903125
2 0.9545558171874999 0.759444340625 0.9508242750000001 0.7972715375 0.9671428453124999 0.7980787874999999 0.9707401421874999 0.759037115625 0.9545558171874999 0.759444340625
2 0.7602096640625 0.137369525 0.778905121875 0.0807398828125 0.727772365625 0.07057321093749999 0.7095478109375 0.11679044218750001 0.7602096640625 0.137369525
2 0.7429388796875 0.2536943140625 0.6708216671875 0.2472322703125 0.6657460265624999 0.2836980140625 0.7430177859375 0.2919893765625 0.7429388796875 0.2536943140625
2 0.9326525718750001 0.2710061359375 0.8551548390624999 0.2596959859375 0.8552232999999999 0.2932040921875 0.931635634375 0.31335410937499997 0.9326525718750001 0.2710061359375