2 0.768348084375 0.7866574203125001 0.8096958859375001 0.79187229375 0.8112235859375 0.7740371796875001 0.769125109375 0.7718308921875 0.768348084375 0.7866574203125001
2 0.7665574046875 0.7300658328125 0.7714610656249999 0.7499481578125 0.8147159 0.7528096109375 0.8151781796875 0.7326139406250001 0.7665574046875 0.7300658328125
2 0.05230006875 0.37046667499999997 0.06271470312500001 0.285193309375 0.013187807812499999 0.277245065625 0.007514481250000001 0.367346628125 0.05230006875 0.37046667499999997
2 0.0826142140625 0.285544625 0.0871423171875 0.2501956625 0.01410415 0.241608246875 0.014435829687499999 0.2761213421875 0.0826142140625 0.285544625
2 0.0153163015625 0.21847905 0.09294721875 0.22454869375 0.09361939531249999 0.1833305109375 0.017771837500000002 0.17162460156249998 0.0153163015625 0.21847905
2 0.06949553593749999 0.1784972796875 0.07774670624999999 0.08912537968749999 0.02231001875 0.0850309375 0.0179100796875 0.1757938 0.06949553593749999 0.1784972796875
2 0.09115021718750001 0.014890756250000001 0.09228485 0.0613403578125 0.15316928125 0.0680985640625 0.1517555765625 0.0156886890625 0.09115021718750001 0.014890756250000001
2 0.6723478078125 0.774863865625 0.6764676765625001 0.75864945 0.5747615890625 0.73666675 0.5670232234375 0.7481540609375 0.6723478078125 0.774863865625
2 0.5188575171875 0.7766301 0.5209964296875 0.7641796671875001 0.41660856874999996 0.7593034953125 0.41227392500000004 0.7739435765625 0.5188575171875 0.7766301
2 0.5203653453125 0.7308415765625 0.46877988750000005 0.7281380953125 0.47149824999999995 0.7443385046875 0.5207431171875 0.7463231875 0.5203653453125 0.7308415765625
2 0 0.7553689328125001 0.041807340625 0.7578718921875 0.0405595453125 0.7419738609375 0 0.740792909375 0 0.7553689328125001
2 0 0.72668866875 0.046013740625 0.72866138125 0.04120755625 0.7069191078125 0 0.7092700875 0 0.72668866875