2 0.138512775 0.6362611640625 0.1370220703125 0.59806413125 0.10243920312499999 0.6030842937500001 0.103145553125 0.6403352453125 0.138512775 0.6362611640625
2 0.2703340640625 0.8174917703125001 0.2745530734375 0.78267 0.2379488234375 0.778921546875 0.23529807812499998 0.8168289812499999 0.2703340640625 0.8174917703125001
2 0.432639809375 0.681826925 0.43449116249999997 0.646839590625 0.38787286249999997 0.640008521875 0.3769639484375 0.670196090625 0.432639809375 0.681826925
2 0.5153661796875 0.2215670796875 0.519875221875 0.182597625 0.48995198906250004 0.17485235625 0.481389096875 0.22276236875 0.5153661796875 0.2215670796875
2 0.7792956281250001 0.0442005 0.7824788484375 0.0837062828125 0.8203874109375 0.078321909375 0.8142776359375 0.03712348125 0.7792956281250001 0.0442005
2 0.8798722203124999 0.2860414171875 0.8727545953125 0.3233404625 0.9056838875000001 0.3286175359375 0.9110336328124999 0.286137234375 0.879080409375 0.2839028484375 0.8798722203124999 0.2860414171875
2 0.6883656515625 0.3241347625 0.6839933140625 0.36966097656249997 0.7182712171875 0.3726531203125 0.72465583125 0.3251844203125 0.6883656515625 0.3241347625
2 0.7741639484375 0.9509325343749999 0.78323940625 0.914664759375 0.753486953125 0.9075234999999999 0.7443588375 0.9434915593750001 0.7741639484375 0.9509325343749999
2 0.857302509375 0.9269861546874999 0.87294094375 0.8989149078124999 0.8445826562500001 0.8799671390625001 0.82583395625 0.9093088968749999 0.857302509375 0.9269861546874999
2 0.835198803125 0.6903349953125 0.84210446875 0.6426051312500001 0.8275134296875001 0.6395031921875 0.8175712031250001 0.6873151875 0.835198803125 0.6903349953125
2 0.849153115625 0.694881975 0.860583884375 0.6504445359375 0.84856135625 0.64454620625 0.8398497218750001 0.69185061875 0.849153115625 0.694881975
2 0.8728632984375 0.695944753125 0.8810871578125001 0.6548542640624999 0.8712603812499999 0.6514902765625 0.861910475 0.6910108921875 0.8728632984375 0.695944753125
2 0.909751746875 0.721141840625 0.9195437609375 0.683138571875 0.90602655625 0.6771341578125 0.8970234625 0.7160853921875 0.909751746875 0.721141840625
2 0.9381489890625 0.689201175 0.9258873046874999 0.6859613890625 0.9147340078124999 0.717919034375 0.9270357703125001 0.7205632890625 0.9381489890625 0.689201175
2 0.43441913593750003 0.41827623437500006 0.4703082765625 0.4237618484375 0.47630274687499996 0.3890626625 0.438784215625 0.38376227812499997 0.43441913593750003 0.41827623437500006
2 0.354060078125 0.93822160625 0.391544890625 0.9378667999999999 0.3955749890625 0.8887454578125 0.359065703125 0.886192478125 0.354060078125 0.93822160625
2 0.3131982921875 0.40860768125 0.358542378125 0.4064232171875 0.3625004265625 0.3668216 0.32227431875 0.366687115625 0.3131982921875 0.40860768125