2 0.6996844624999999 0.8472594078125001 0.68148160625 0.9182031421874999 0.7311731265625 0.9282429437499999 0.74201391875 0.8535010468750001 0.6996844624999999 0.8472594078125001
2 0.7813276296875 0.8373281015625 0.775891840625 0.8719904156249999 0.833165759375 0.8780667062499999 0.8409361046875 0.8382184484374999 0.7813276296875 0.8373281015625
2 0.6995534484375 1 0.7015670921875 0.9883949765625 0.6603883265625 0.9882460578125001 0.6596035328125 1 0.6995534484375 1
2 0.97644198125 0.75034346875 0.9144564468749999 0.752188384375 0.9131967046874999 0.8067760546875 0.9706684171875001 0.8052752640625 0.97644198125 0.75034346875
2 0.9776837468749999 0.738528859375 0.9808648859375 0.7054222046875 0.9548209375000001 0.7032818953125 0.95113210625 0.7355386390625 0.9776837468749999 0.738528859375
2 0.768538240625 0.48185329218749995 0.807851853125 0.47702686875 0.8099552296875 0.40021186875000003 0.7709520984375 0.40208425156249994 0.768538240625 0.48185329218749995
2 0.4827257625 0.3723874625 0.4827620546875 0.411804059375 0.5284446796875 0.41170364531250003 0.5297476015625 0.37374596250000003 0.4827257625 0.3723874625
2 0.43853972812500003 0.42925215000000005 0.43751882656249996 0.4673667328125 0.46976189843749994 0.4673290328125 0.46896541249999996 0.429464915625 0.43853972812500003 0.42925215000000005
2 0.4118922921875 0.56918015 0.4700715171875 0.572308359375 0.46997623749999995 0.5561740765625001 0.4121997640625 0.5548792609375 0.4118922921875 0.56918015
2 0.2117392390625 0.27522941562500003 0.20959957031249998 0.3126278203125 0.25155535 0.311064203125 0.2500898078125 0.2738854671875 0.2117392390625 0.27522941562500003
2 0.0791402140625 0.3837149015625 0.079205190625 0.40581777499999994 0.1329385359375 0.4086436703125 0.13312528437499999 0.387000878125 0.0791402140625 0.3837149015625
2 0.140404609375 0.19845703750000002 0.1372658328125 0.2112647328125 0.215468734375 0.21134428593750001 0.21592458906249998 0.1956465671875 0.140404609375 0.19845703750000002
2 0.47189952812499997 0.7707663 0.4681747203125 0.806205465625 0.52822658125 0.8057174203124999 0.5301406531249999 0.7733055656250001 0.47189952812499997 0.7707663
2 0.4135340140625 0.7807561046875 0.41183342031250003 0.8367130078124999 0.45895738281250004 0.8342597375 0.46699064999999995 0.7833895203125001 0.4135340140625 0.7807561046875
2 0.0468032859375 0.748182928125 0.040872378125 0.7875709390625001 0.1213457609375 0.791609509375 0.1269866375 0.75780615 0.0468032859375 0.748182928125
2 0.5939998328125 0.9496184015625 0.628683290625 0.9490830656250001 0.6318738374999999 0.8676045953125 0.6007740765625 0.865284828125 0.5939998328125 0.9496184015625
2 0.9151746656249999 0.0637075140625 0.9150566921875001 0.0421238203125 0.8757870625 0.037996415625 0.8832575031250001 0.0663246609375 0.9151746656249999 0.0637075140625
2 0 0.6273970249999999 0.06668472187499999 0.630042040625 0.0782351453125 0.596815809375 0.0028694328125000003 0.5924782484375 0 0.62508436875 0 0.6273970249999999
2 0.3942387765625 0.0895762859375 0.3956393421875 0.10465214687499999 0.43613550312499993 0.09995001406250001 0.4355299546875 0.08581553750000001 0.3942387765625 0.0895762859375
2 0.3869651609375 0.0792563265625 0.43724996875000005 0.0779711046875 0.43516508125 0.058045582812499996 0.386745753125 0.0643030390625 0.3869651609375 0.0792563265625