2 0.41995634531250003 0.9388151296875 0.45688218125 0.9429191124999999 0.462242675 0.9085905546875 0.4239965375 0.9049719218750001 0.41995634531250003 0.9388151296875
2 0.23848231250000002 0.7916391265625 0.2731287765625 0.803258475 0.2846073890625 0.76986725 0.25091418125 0.7560153828125 0.23848231250000002 0.7916391265625
2 0.305759290625 0.685950553125 0.2739545765625 0.6733322375 0.2622941875 0.730432621875 0.2944824625 0.742097653125 0.305759290625 0.685950553125
2 0.0626928890625 0.861613396875 0.07527496875 0.8127776687500001 0.0530882765625 0.8018055546875 0.0450759015625 0.8556951109375 0.0626928890625 0.861613396875
2 0 0.43924872343750004 0.007299128125 0.44189113437499994 0.018406509374999998 0.39536120937499997 0 0.3894758078125 0 0.43924872343750004
2 0.19795918125 0.1389850859375 0.20817403906249998 0.10667242343750001 0.1710289796875 0.0981007875 0.16676377656250002 0.13167898125 0.19795918125 0.1389850859375
2 0.2258377703125 0.2223082171875 0.260753925 0.23358987031249998 0.26676397500000004 0.2081606453125 0.2341532140625 0.1977557390625 0.2258377703125 0.2223082171875
2 0.43578417031249994 0.16941835624999999 0.47076710781250003 0.1764935265625 0.47743675625000004 0.117394834375 0.44422028593749996 0.11546766875 0.43578417031249994 0.16941835624999999
2 0.6140456203125 0.10838865625 0.581969559375 0.153668440625 0.611103615625 0.1819530921875 0.6508882515625001 0.1325920125 0.6140456203125 0.10838865625
2 0.664424284375 0.44127631718749993 0.7002750890625 0.458422465625 0.7106524046875 0.4299826984375 0.6769591968750001 0.41613083125 0.664424284375 0.44127631718749993
2 0.6420914234375 0.53165463125 0.6785179140625 0.5508199984375 0.6936402640625 0.5007263015625 0.6586058453125 0.48586375937500004 0.6420914234375 0.53165463125
2 0.635734271875 0.6845444781250001 0.6680783609375001 0.685395078125 0.6669024890624999 0.6471868875 0.63309959375 0.6453421390625 0.635734271875 0.6845444781250001
2 0.5822283265625 0.7640144624999999 0.6234498671875001 0.764217003125 0.6273672312499999 0.7366851249999999 0.586607034375 0.7322206484375 0.5822283265625 0.7640144624999999
2 0.521798409375 0.8453569249999999 0.5637961578125 0.84695091875 0.55993919375 0.8067196125 0.527061246875 0.802946115625 0.521798409375 0.8453569249999999
2 0.37335151718750004 0.382652796875 0.38228729375000003 0.364007409375 0.345658825 0.34757014062499997 0.338482365625 0.368966196875 0.37335151718750004 0.382652796875
2 0.491572646875 0.6868175187500001 0.5046360734374999 0.6912772171875 0.52057478125 0.658758128125 0.5022995640625 0.6523327671875 0.491572646875 0.6868175187500001