2 0.1099853828125 0.5889854671875 0.0813656984375 0.6170319140625 0.1097172671875 0.639818725 0.1381142171875 0.6110512984375001 0.1099853828125 0.5889854671875
2 0.2240249734375 0.446896221875 0.1801979546875 0.40944583124999995 0.1279023984375 0.46963888750000005 0.1642835640625 0.504058434375 0.2240249734375 0.446896221875
2 0.1748792046875 0.363500678125 0.1482736078125 0.343983028125 0.125090975 0.3714068890625 0.151541453125 0.3952554875 0.1748792046875 0.363500678125
2 0.0126937546875 0.353023096875 0.0110175421875 0.3689711875 0.029913401562500004 0.38515845625 0.0543555796875 0.3627766875 0.03132326875 0.3376628296875 0.0126937546875 0.353023096875
2 0.9441135140625001 1 0.9501647578125001 0.9884259906249999 0.952834153125 0.9630283890625 0.9106441578125001 0.9293306078124999 0.87484759375 0.9745380609375 0.9085113843749999 1 0.9441135140625001 1
2 0.9332770640625 0.711152753125 0.9697629609374999 0.7474309265625 0.9765492109375 0.7373946796874999 0.9794670249999999 0.7096335328125 0.958939078125 0.6800051578125 0.9332770640625 0.711152753125
2 0.959510546875 0.5439068328125 0.933122996875 0.5166492625 0.8957412953125001 0.5598974796875 0.919738075 0.584355434375 0.959510546875 0.5439068328125
2 0.596430909375 0.385711503125 0.5705399359375 0.365074921875 0.5280949265625 0.42809594687499997 0.55121960625 0.44665071562499997 0.596430909375 0.385711503125
2 0.08836831875 0.93666486875 0.055236945312499994 0.9224331093749999 0.035341528125 0.9526628234375 0.07815258750000001 0.9571624468750001 0.08836831875 0.93666486875
2 0.430190846875 0.6268211328125 0.4187837484375 0.6160667281250001 0.360424159375 0.660096753125 0.3782394671875 0.6752042203124999 0.430190846875 0.6268211328125
2 0.51747616875 0.506405596875 0.48894319062499997 0.48250465625 0.4658243390625 0.50933663125 0.4914993515625 0.5348680765625 0.51747616875 0.506405596875
2 0.46290770156249994 0.3041954734375 0.449359478125 0.3194927875 0.4829283734375 0.35228288124999996 0.49902137812499997 0.344015078125 0.46290770156249994 0.3041954734375
2 0.18052389687499998 0.0428073546875 0.10103353749999999 0.0947689375 0.1192408671875 0.140213259375 0.200483896875 0.09148697812499999 0.18052389687499998 0.0428073546875