2 0.059671875 0.6772234375 0.078671875 0.629371875 0.022265625 0.6252187499999999 0.012765625 0.6703 0.059671875 0.6772234375
2 0.05254687500000001 0.5633640625 0.059078125 0.5083640625 0.003265625 0.499465625 0 0.5629359375 0.05254687500000001 0.5633640625
2 0.38208125000000004 0.306090625 0.3348765625 0.3000640625 0.3274546875 0.3363421875 0.3749546875 0.34820625 0.38208125000000004 0.306090625
2 0.50676875 0.2633828125 0.4088 0.25203125000000004 0.4058296875 0.29007499999999997 0.5038 0.29719375000000003 0.50676875 0.2633828125
2 0.6379890625 0 0.6284890625 0.021959375 0.6771765624999999 0.0427203125 0.6964718750000001 0 0.6379890625 0
2 0.944959375 0 0.944959375 0.0074125 0.998753125 0.014842187500000001 0.998753125 0 0.944959375 0
2 0.659065625 0.6398625 0.6641140625 0.5896281250000001 0.6106765625 0.583696875 0.60533125 0.634709375 0.659065625 0.6398625
2 0.2674859375 0.9787515625 0.3411109375 0.9921140625 0.36189218749999996 0.9265515625 0.2763921875 0.9129093749999999 0.2674859375 0.9787515625
2 0.400784375 0.9156140625000001 0.39573749999999996 0.9449406249999999 0.42661249999999995 0.9496859375 0.4343296875 0.92180625 0.400784375 0.9156140625000001
2 0.2110796875 0.468028125 0.13923593750000002 0.45141875000000004 0.1368609375 0.4727734375 0.2051421875 0.48522968750000006 0.2110796875 0.468028125
2 0.24403281250000003 0.5482421875 0.2443296875 0.532684375 0.20870468749999999 0.5243796875 0.2098921875 0.5403953125000001 0.24403281250000003 0.5482421875
2 0.1707046875 0.5172609375 0.1701109375 0.5303109375 0.2075171875 0.5409890625 0.203953125 0.539346875 0.20276718749999997 0.5226 0.1707046875 0.5172609375
2 0.1638765625 0.5348984375 0.1617984375 0.51666875 0.1338921875 0.512515625 0.131515625 0.5267515625 0.1638765625 0.5348984375