2 0.7297881578125 0.47535668124999997 0.8509115375 0.5064440484375 0.8563027015625 0.46337144375 0.7426138484375 0.43101835 0.7297881578125 0.47535668124999997
2 0.5888160796874999 0.30895981875 0.6213827484375 0.31689150312500003 0.6411611171875 0.26619455 0.6029472953125 0.25995118125 0.5888160796874999 0.30895981875
2 0.47876760156250003 0.3095972765625 0.5152112140625 0.305003265625 0.5124784484375 0.2696953796875 0.474524028125 0.2682317484375 0.47876760156250003 0.3095972765625
2 0.12468031875 0.0750275609375 0.135024625 0.11473649687500001 0.1699236859375 0.1088456453125 0.1611550078125 0.0641876890625 0.12468031875 0.0750275609375
2 0.6129082703125001 0.6957419625 0.6023783359375 0.7289320312500001 0.6329612250000001 0.74059379375 0.64268285625 0.712108803125 0.6129082703125001 0.6957419625
2 0.7862104984375 0.8926715640625 0.7838666875 0.9380388921874999 0.8254639812500001 0.9468996578125 0.8265644265625 0.8886485859375 0.7862104984375 0.8926715640625
2 0.8627985031250001 0.09836981875 0.8962081875000001 0.11380044843749999 0.9082020765625 0.078333515625 0.87707731875 0.06425149687500001 0.8627985031250001 0.09836981875
2 0.904994484375 0.2007203953125 0.890465196875 0.2178580046875 0.95862435625 0.25863375 0.9696766374999999 0.24512180312499998 0.904994484375 0.2007203953125
2 0.955330115625 0.2848897875 0.950393428125 0.3253157734375 0.9651455734375001 0.32694254375 0.9693107109374999 0.28437940781250004 0.955330115625 0.2848897875
2 0.693782246875 0.9647747343749999 0.6862357218749999 0.9056182765624999 0.632577996875 0.9161525265625 0.6416490515625 0.9649980250000001 0.693782246875 0.9647747343749999
2 0.6194528359375 0.7807179859375 0.6914780687500001 0.7881352796875001 0.698862565625 0.7505588624999999 0.621428440625 0.7439537421875 0.6194528359375 0.7807179859375
2 0.8027774765625001 0.8036556906250001 0.8810094359375 0.807340603125 0.88809155625 0.7655766421875 0.809238328125 0.7707762859375 0.8027774765625001 0.8036556906250001