2 0.8436465984374999 0.7135466421875 0.81488696875 0.7241175640625 0.82250026875 0.7578916718750001 0.8635841921875 0.7397188328125 0.8436465984374999 0.7135466421875
2 1 0.5713907593750001 0.9910660390625001 0.5723379234375 0.9867009093749999 0.5935611796875 0.9491837453124999 0.6036138734375001 0.9493812437500001 0.6365102359375 1 0.6288930703125 1 0.5713907593750001
2 0.8059882359375001 0.6319553765625 0.7698112953125 0.6416489578125 0.7781407953125 0.6780959625 0.819942834375 0.6625971265625 0.8059882359375001 0.6319553765625
2 0.29625713125 0.857354403125 0.2961881 0.8946169609375 0.3369287734375 0.8965945703125 0.3335085765625 0.851670921875 0.29625713125 0.857354403125
2 0.1591251890625 0.24373830000000002 0.1398474984375 0.278986603125 0.1797902078125 0.29406883437500003 0.1968379359375 0.2665808640625 0.1591251890625 0.24373830000000002
2 0.30292471249999997 0.3355663984375 0.3073703921875 0.298561096875 0.2387448875 0.278271975 0.23331839062499998 0.316971678125 0.30292471249999997 0.3355663984375
2 0.334427634375 0.74255243125 0.33985413124999997 0.703852728125 0.29581281875 0.705627559375 0.29172463125000003 0.7439670453125 0.334427634375 0.74255243125
2 0.33308084843749997 0.5767417671875 0.3315439375 0.544207534375 0.28884053125000003 0.5456206406249999 0.29547150625 0.5810895546875 0.33308084843749997 0.5767417671875
2 0.3103968125 0.27769654843749997 0.31959058281249997 0.263772253125 0.2498905734375 0.2394730296875 0.243827321875 0.259719703125 0.3103968125 0.27769654843749997
2 0.497239840625 0.4926450171875 0.49081758750000004 0.511557909375 0.54772968125 0.514930390625 0.5492419328125 0.5044975625 0.497239840625 0.4926450171875
2 0.43493714375000003 0.28157174218750003 0.4420755984375 0.2653317484375 0.3883738765625 0.2525030234375 0.383559071875 0.2666871890625 0.43493714375000003 0.28157174218750003
2 0.5016782578125001 0.2894733640625 0.5030994343749999 0.27333371562500003 0.45092420625 0.27155679843749997 0.4454834671875 0.28877186718750003 0.5016782578125001 0.2894733640625
2 0.5852086546875 0.1295695796875 0.557058803125 0.115623859375 0.5446546578125 0.139004396875 0.5754845484375 0.152230384375 0.5852086546875 0.1295695796875
2 0.3176027859375 0.22419440000000002 0.3267969625 0.2102716140625 0.2905135984375 0.1927756546875 0.28498027812500004 0.20428430625 0.3176027859375 0.22419440000000002
2 0.2969721421875 0.238316775 0.30518590625 0.2260899 0.2725634 0.20617980625 0.2654271546875 0.222415971875 0.2969721421875 0.238316775
2 0.7541705125 0.32065964375 0.7471928625 0.3053404796875 0.7116399437500001 0.3120020515625 0.715313128125 0.3310714484375 0.7541705125 0.32065964375