2 0.6068833265625 0.668559546875 0.54516594375 0.6601876859375 0.5299295500000001 0.7475469140625 0.5955290328125 0.75793685 0.6068833265625 0.668559546875
2 0.4585877515625 0.9326245859375 0.46597399062499995 0.8594510359375 0.414106828125 0.8596537828124999 0.400754253125 0.9262695046875 0.4585877515625 0.9326245859375
2 0.46345610312499996 0.9991821609375 0.46798561406249994 0.970583953125 0.4433860015625 0.9666877578124999 0.43748915781250003 0.9950694015625 0.46345610312499996 0.9991821609375
2 0.5117365296874999 0.19901632656249998 0.5525195890625 0.2068789421875 0.5506052312499999 0.16589836875 0.5189554859375 0.16228717343750002 0.5117365296874999 0.19901632656249998
2 0.509558259375 1 0.514603103125 0.9681481078124999 0.4845357078125 0.9633859015624999 0.47818349531250004 0.99464264375 0.5045377546875 1 0.509558259375 1
2 0.7376180531250001 0.6791459875 0.6456088906249999 0.6609662593750001 0.6200108921874999 0.7530977062499999 0.7220787546875 0.773471725 0.7376180531250001 0.6791459875
2 0.190034803125 0.3104774234375 0.1902431109375 0.275042496875 0.1768893625 0.275933225 0.17511083125 0.30991556875000004 0.190034803125 0.3104774234375
2 0.1512104234375 0.3091358734375 0.1631141859375 0.309818940625 0.16583044687499998 0.277187421875 0.1538818875 0.277096828125 0.1512104234375 0.3091358734375
2 0.12663353593749999 0.308851765625 0.1393993015625 0.3078679078125 0.142151365625 0.27884580312499996 0.1325127609375 0.2755173265625 0.12663353593749999 0.308851765625
2 0.1047695546875 0.30659115312499996 0.11648600625000001 0.30844685625 0.12018764687500001 0.275367090625 0.10626968125 0.2743665875 0.1047695546875 0.30659115312499996
2 0.6021681562500001 1 0.6047877984375 0.9743148390625 0.59279959375 0.9754234328125 0.58751636875 1 0.6021681562500001 1
2 0.6684424453125 1 0.67086175 0.9892901406249999 0.6596180734375 0.9896133453125 0.656526225 1 0.6684424453125 1