2 0.2670469015625 0.588927534375 0.272835540625 0.655091984375 0.362304809375 0.6444866796875 0.355497203125 0.5825772296875 0.2670469015625 0.588927534375
2 0.130250034375 0.503666346875 0.062382803125 0.5068262015625 0.070207684375 0.56447923125 0.142994559375 0.5539437859375 0.130250034375 0.503666346875
2 0.033478696875000005 0.557969665625 0.004513534375 0.5591141265624999 0.0068049140625 0.58530470625 0.03564941875 0.5827811390625001 0.033478696875000005 0.557969665625
2 0.9349193109374999 0.0999108859375 0.9667841968750001 0.098511165625 0.964251778125 0.0695654828125 0.9271083906250001 0.07420320312499999 0.9349193109374999 0.0999108859375
2 0.8364198984375 0.4682755390625 0.8322670593750001 0.4366923 0.7948824953125 0.4385733625 0.7971197484375 0.48004713125 0.8364198984375 0.4682755390625
2 0.014772467187499999 0.598496425 0.016167228125 0.6303225343750001 0.0492907015625 0.62742460625 0.046637490625 0.5970982593749999 0.014772467187499999 0.598496425
2 0.2834536390625 0.67767593125 0.2883772671875 0.781640865625 0.3836604234375 0.77389911875 0.3790411046875 0.680224946875 0.2834536390625 0.67767593125
2 0.9537052062500001 0.0273615796875 0.9235249281250001 0.0332440359375 0.9250445515625 0.060832196875 0.9606312000000001 0.0452133703125 0.9537052062500001 0.0273615796875
2 0.6392434953125 0.1322804703125 0.6058403078125 0.1387758421875 0.608905578125 0.15339243281249998 0.6433383312500001 0.14502206875 0.6392434953125 0.1322804703125
2 0.6353511609375 0.1218534703125 0.6325484453125 0.1102379171875 0.6008148125 0.115396753125 0.603031815625 0.1271121734375 0.6353511609375 0.1218534703125
2 0.628013553125 0.09927895625 0.6289113687500001 0.0891214296875 0.5951447921875 0.0914811734375 0.5991877437500001 0.103629721875 0.628013553125 0.09927895625
2 0.626075425 0.077126078125 0.6236791515625 0.063379490625 0.5920488781250001 0.0697197515625 0.5930827640625 0.0815371125 0.626075425 0.077126078125
2 0.0651248015625 0.7164222984374999 0.0611489296875 0.7050583875 0.017763393750000002 0.7064731953125001 0.019210996875 0.723019365625 0.0651248015625 0.7164222984374999
2 0.0458883484375 0.7520359484375 0.048022139062500004 0.7389564546875 0.02030356875 0.7395950296875 0.0231339359375 0.7542337390625 0.0458883484375 0.7520359484375
2 0.066579065625 0.784156425 0.0635453703125 0.7733249234375 0.0230952734375 0.7715043921875 0.0242842703125 0.785094665625 0.066579065625 0.784156425
2 0.06936995625 0.8160564453125 0.06376439218749999 0.8030784296875 0.026500485937500002 0.8063385999999999 0.0272310859375 0.81877694375 0.06936995625 0.8160564453125