2 0.2906250375 0 0.27279140156250004 0.031455370312499994 0.3146025125 0.059725370312500005 0.341545675 0.01676283125 0.3166543296875 0 0.2906250375 0
2 0.2841597296875 0.0735441390625 0.2708103984375 0.1008957125 0.31805039375 0.1366398046875 0.3387504953125 0.10083248125 0.2841597296875 0.0735441390625
2 0.3094910703125 0.2134543609375 0.29876639374999997 0.23941660156250003 0.330335321875 0.2564428171875 0.3435288953125 0.22627913125000002 0.3094910703125 0.2134543609375
2 0.3444951609375 0.3909767375 0.330525034375 0.42604337187499997 0.38129115625 0.4509209140625 0.3939028828125 0.41683985156250003 0.3444951609375 0.3909767375
2 0.9878386656249999 0.1663555015625 0.9271582437499999 0.1585481203125 0.9235558765625 0.2135444953125 0.98719514375 0.21977026875 0.9878386656249999 0.1663555015625
2 0.7779257625 0.30749144375 0.7735530953125 0.3464859328125 0.8272909078125 0.352590978125 0.8327540421874999 0.31999586406249997 0.7779257625 0.30749144375
2 0.725206496875 0.5985970765624999 0.725827196875 0.6516109250000001 0.7976285671875 0.64614616875 0.803917971875 0.5931621 0.725206496875 0.5985970765624999
2 0.5915323171875 0.5088749484374999 0.5921419546875 0.52400345 0.6612198421875 0.5319385578125 0.6653726859375 0.517115078125 0.5915323171875 0.5088749484374999
2 0.7442549265625 0.7705849890625001 0.712302575 0.7787527234375 0.7186137984375 0.8110200937500001 0.75411523125 0.8070229671875 0.7442549265625 0.7705849890625001
2 0.685466784375 0.6825009109375 0.6479286828124999 0.6879804953125 0.6508533937500001 0.6998687609375 0.68830015625 0.6949758609375001 0.685466784375 0.6825009109375
2 0.6213931921875 0.6050047359375 0.6265738671875 0.6178514609375 0.65738248125 0.613109484375 0.6528772 0.60170175625 0.6213931921875 0.6050047359375
2 0.6462814453125 0.05693800624999999 0.6305204859375 0.14884776093750002 0.7358954546875001 0.1667398171875 0.7452252421875001 0.06987867187499999 0.6462814453125 0.05693800624999999
2 0.20498955625 0.596178059375 0.1914836015625 0.628314034375 0.244564796875 0.64995134375 0.25736023750000003 0.61660810625 0.20498955625 0.596178059375
2 0.3007420828125 0.5951079453125 0.245378865625 0.568901140625 0.23363223125000002 0.6013157640625 0.292577828125 0.623881903125 0.3007420828125 0.5951079453125
2 0.0531349078125 0.5643101015624999 0.04148115625 0.5961382859375 0.0888199796875 0.6198718453125001 0.106475159375 0.5900050765625 0.0531349078125 0.5643101015624999
2 0.1775931515625 0.7463790421875001 0.1721466765625 0.7731756859375001 0.2189919421875 0.7962299234375 0.233396434375 0.7679096125 0.1775931515625 0.7463790421875001
2 0 0.8094517796874999 0.006025175 0.8124075046874999 0.014284415625 0.7963281328125 0 0.7904607218749999 0 0.8094517796874999
2 0 0.7563123734375 0.0076881203125 0.741179778125 0 0.7373010156250001 0 0.7563123734375
2 0.0129930546875 0.9278358234375 0.0939217703125 0.940653671875 0.09260428125 0.9394831609375001 0.0192157359375 0.9113104984374999 0.0129930546875 0.9278358234375
2 0.0210576578125 0.3379442359375 0.0123441265625 0.390681990625 0.0173175796875 0.407104384375 0.0466982015625 0.35824112656249996 0.0210576578125 0.3379442359375
2 0.42908008437499995 0.08086417343749999 0.42657175468749997 0.0967011390625 0.456630871875 0.108077859375 0.46221756875000003 0.0917824390625 0.42908008437499995 0.08086417343749999
2 0.45125587187500005 0.11925115156249999 0.4156092171875 0.10518757812499999 0.4115270890625 0.1195745578125 0.44843950781249997 0.13323745625 0.45125587187500005 0.11925115156249999