2 0.5956271859375 0.948916840625 0.60176806875 0.9111865187499999 0.5492815546875 0.9051657125 0.545617609375 0.9385650421875 0.5956271859375 0.948916840625
2 0.9423257125 0.76790575625 0.90118214375 0.7586147359375001 0.8945104765625 0.795128109375 0.93530641875 0.805887321875 0.9423257125 0.76790575625
2 0.7193312015625 0.6765458578125 0.7240375328125 0.643498440625 0.6892313765625 0.6381069390625 0.6855244703125 0.674774121875 0.7193312015625 0.6765458578125
2 0.87042605625 0.596468809375 0.8457029374999999 0.5916057359375 0.8321099625 0.65808075 0.8572883234375 0.6608851375 0.87042605625 0.596468809375
2 0.7678181515625 0.057763575 0.714722034375 0.060926571875 0.7135951171875 0.101297921875 0.7672989296875 0.10173572500000001 0.7678181515625 0.057763575
2 0.6458377015625001 0.22914729843749998 0.683234684375 0.2305126265625 0.69160655 0.16346826875 0.6498193156250001 0.1645483984375 0.6458377015625001 0.22914729843749998
2 0.797260428125 0.47193769999999996 0.7640425515625 0.45890009374999996 0.7489784453125 0.49824374374999997 0.7847199859375 0.5069543734375 0.797260428125 0.47193769999999996
2 0.5726886 0.444709703125 0.5841363937499999 0.4078520734375 0.5659993640625001 0.40214346875 0.560132128125 0.44286251875 0.5726886 0.444709703125
2 0.5898925140625 0.4569080546875 0.5540233046874999 0.449081015625 0.5425456140625 0.50615385 0.577326040625 0.5151113921875 0.5898925140625 0.4569080546875
2 0.6519655953125 0.5321035125 0.6179077484375 0.5237784015625 0.6128921515625 0.562756825 0.6478366640625 0.5732109453125 0.6519655953125 0.5321035125
2 0.9573293453125 0.85609309375 0.9650835765625001 0.7762332234375 0.9440981125000001 0.7742415765625 0.9430336031250001 0.8565330171875001 0.9573293453125 0.85609309375
2 0.6271792078125 0.7894417796875 0.615721328125 0.781111953125 0.60361845 0.8191243828125 0.6186844421875 0.8231840640625 0.6271792078125 0.7894417796875
2 0.6080115968750001 0.7807079031249999 0.5879387453125 0.7778722359375 0.58320281875 0.81151423125 0.5958395984375 0.8166357312500001 0.6080115968750001 0.7807079031249999
2 0.6875179796875 0.784280090625 0.6711907515625 0.7780733343749999 0.662553828125 0.8180511015624999 0.6757461625000001 0.823499 0.6875179796875 0.784280090625
2 0.650878346875 0.8138733890625 0.65792395 0.7815400046875001 0.6408794921875 0.7776739171875 0.63317888125 0.8111605421875 0.650878346875 0.8138733890625