2 0.30896230468749997 0.538824709375 0.30915365625 0.489273603125 0.253679965625 0.48673527187500004 0.256715328125 0.53695684375 0.30896230468749997 0.538824709375
2 0.24113939375000001 0.1979272765625 0.10527198125 0.16617228906249998 0.0937190796875 0.220733684375 0.2296021859375 0.2522642171875 0.24113939375000001 0.1979272765625
2 0.7800329968749999 0.0668962828125 0.77569395 0.035318246875 0.7165643703125 0.029712731250000003 0.7196180234375 0.06267165625 0.7800329968749999 0.0668962828125
2 0.9804075484375 0.5720840046875 0.9464805671875001 0.5720923984375 0.9451150265624999 0.651180421875 0.9842914625000001 0.65272950625 0.9804075484375 0.5720840046875
2 0.9636949234375001 0.0632006109375 0.9211102515625 0.062449940625 0.921595128125 0.0767952703125 0.9650330921875 0.07849594531250001 0.9636949234375001 0.0632006109375
2 0.4408299234375 0.6873617203125 0.49205807031250004 0.6867759765625 0.49133366250000005 0.6545766953125 0.4378606625 0.6532183 0.4408299234375 0.6873617203125
2 0.4103950625 0.560802275 0.4167123046875 0.5130202984375 0.385102334375 0.5054515484375 0.3742246796875 0.5588681953125 0.4103950625 0.560802275
2 0.72572504375 0.7328833875 0.7238298734375 0.7004033171875 0.690481353125 0.7006510828125 0.69349203125 0.7342022015625 0.72572504375 0.7328833875
2 0.7799629234375 0.30622751875 0.7799753328125 0.26774714843749997 0.7405193453125001 0.265962365625 0.73998854375 0.3076002046875 0.7799629234375 0.30622751875
2 0.9916289968750001 0.5222625984375 0.993299909375 0.47283218437499996 0.9536478265625 0.469595809375 0.9613800937500001 0.5207425906250001 0.9916289968750001 0.5222625984375
2 0.0249135625 0.8065937953125 0.15056004218750002 0.8123319999999999 0.14988009687499998 0.7539392031250001 0.01999765 0.750404665625 0.0249135625 0.8065937953125
2 0.13180745 0.918783196875 0.1311717375 0.876803778125 0.0666033328125 0.880883090625 0.0666524890625 0.914227115625 0.13180745 0.918783196875
2 0.31655566875 0.20892891093750002 0.31832294375000003 0.128329290625 0.27001365625 0.11696453437500001 0.269668609375 0.1985047171875 0.31655566875 0.20892891093750002