2 0.362442378125 0.9855813234375 0.367765578125 0.9614466687500001 0.31920743906250004 0.9570206062500001 0.3162326140625 0.9781875875000001 0.362442378125 0.9855813234375
2 0 0.7400104109375001 0.015251028125 0.742819396875 0.026328703125000002 0.7024053046875001 0.02562393125 0.7008072921874999 0 0.6985173812500001 0 0.7400104109375001
2 0.1503955359375 0.068987378125 0.207425471875 0.0880963140625 0.2222314296875 0.0254203859375 0.165667428125 0.0096762265625 0.1497570828125 0.0674002640625 0.1503955359375 0.068987378125
2 0.229085121875 0 0.22773294375000003 0.007606434375 0.24807023749999998 0.012263409375000001 0.2496429359375 0 0.229085121875 0
2 0.2053022359375 0.28626058906249996 0.18888498125 0.279757775 0.1534304765625 0.3485239390625 0.174346428125 0.3490635671875 0.2053022359375 0.28626058906249996
2 0.18736726718750002 0.3754780953125 0.198785171875 0.38427622031249997 0.23946446875 0.286866259375 0.22868423437500002 0.27395749999999996 0.18736726718750002 0.3754780953125
2 0.21577720781249998 0.3956596484375 0.22771608593749998 0.400335475 0.2731822234375 0.3029955203125 0.2600689515625 0.29815464375 0.21577720781249998 0.3956596484375
2 0.8458988250000001 0.39337874375 0.9461599484375001 0.4263564578125 0.9575473265625 0.37519493593750003 0.8612941218750001 0.3388816171875 0.8458988250000001 0.39337874375
2 0.8920225515625001 0.5707443484375 0.9118906000000001 0.5720376578125 0.9155614640625 0.524586753125 0.899598953125 0.5229429546875 0.8920225515625001 0.5707443484375
2 0.9301930781250001 0.5743101109375 0.9518008703125 0.5782462640625 0.9551396515624999 0.53314703125 0.939003884375 0.5284809562499999 0.9301930781250001 0.5743101109375
2 0.9554901390625 0.5095126765625 0.9735731953125001 0.5129534625 0.9798819828124999 0.480862921875 0.9666847453124999 0.47660825312500005 0.9554901390625 0.5095126765625
2 0.9672275562499999 0.464393046875 0.97978028125 0.47305402343749997 0.9894963484374999 0.42525196875000004 0.9767229265624999 0.422259190625 0.9672275562499999 0.464393046875
2 1 0.30567455468750004 0.9997191859375001 0.30557249999999997 0.9837559453125 0.365985659375 1 0.37089431875 1 0.30567455468750004
2 0.970793271875 0.5926073828125 0.9901311828124999 0.5962245265624999 0.997237709375 0.5456589640625 0.9782721499999999 0.547790209375 0.970793271875 0.5926073828125
2 0.24334023125 0.8411293984375 0.2551177296875 0.8454827515625001 0.26633030625 0.7912987390625 0.2538242890625 0.7949358203125 0.24334023125 0.8411293984375