2 0.69976258125 0.4022200984375 0.7357479312499999 0.3965086828125 0.740724975 0.3340807671875 0.702533190625 0.325536209375 0.69976258125 0.4022200984375
2 0.8779452890625 0.4143454109375 0.926385625 0.413240196875 0.9315040578125 0.3671157703125 0.8768710234375 0.3626072234375 0.8779452890625 0.4143454109375
2 1 0.3568693015625 0.9857918015625 0.35679215000000003 0.9839770765625 0.404704928125 1 0.40410969999999996 1 0.3568693015625
2 0.7738969015625 0.922343671875 0.791485971875 0.9730749546874999 0.8090328609374999 0.9659178953125 0.7884136859375 0.9152568203125 0.7738969015625 0.922343671875
2 0.8209703578124999 0.9632011078125 0.8345933750000001 0.957763803125 0.8142853234375 0.905347271875 0.8005371374999999 0.9134740140625001 0.8209703578124999 0.9632011078125
2 0 0.847547421875 0.004569290625 0.8493914640625 0.0272973484375 0.7786398359375 0 0.767971975 0 0.847547421875
2 0 0.5939327453125001 0.0303248734375 0.59046139375 0.0413586578125 0.5381435015625 0 0.5371222171875 0 0.5939327453125001
2 0.00214073125 0.7434540734375 0.0334510984375 0.7574172546875 0.046588209375 0.7205429734375 0.0116029578125 0.7101537640625 0.00214073125 0.7434540734375
2 0.06306978437500001 0.7330956734375 0.0524454484375 0.7728246609375 0.09049780625 0.7759152765625 0.1045637328125 0.7440312203125 0.06306978437500001 0.7330956734375
2 0.282428903125 0.173082246875 0.2962270421875 0.1700890453125 0.30234420625 0.142226421875 0.2873909984375 0.14109862812500001 0.282428903125 0.173082246875
2 0.2950279734375 0.20424346249999997 0.31054333125 0.20517050937499998 0.3201305390625 0.14054094374999998 0.3099369796875 0.1414566359375 0.2950279734375 0.20424346249999997
2 0.33052032656249997 0.136343846875 0.31322984531250003 0.220716953125 0.3271987609375 0.220165503125 0.33926045625 0.1415024234375 0.33052032656249997 0.136343846875
2 0.3326690734375 0.219924246875 0.34756734843750003 0.22435994374999998 0.36090160625 0.14531834375 0.3472389109375 0.14532087968750002 0.3326690734375 0.219924246875
2 0.368092215625 0.1489978796875 0.3554443640625 0.217308140625 0.3675897671875 0.2236700703125 0.38367832343749997 0.15295195156250002 0.368092215625 0.1489978796875
2 0.27608180781249997 0 0.28753014375 0.034708040625 0.32426294375000003 0.0191788265625 0.3152082046875 0 0.27608180781249997 0