1 0.8458525 0.686300228125 0.842230575 0.75428160625 0.9523147 0.7595736796875 0.9541353109375 0.69162218125 0.8458525 0.686300228125
1 0.8874529296875 0.7625092453125 0.8854345968749999 0.8190437062499999 0.9485789875 0.8209466609374999 0.9512077 0.7650016390625 0.8874529296875 0.7625092453125
1 0.8856228187499999 0.271791446875 0.88643449375 0.28740465937500004 0.9117258500000001 0.2853457625 0.9114625640625 0.2702621234375 0.8856228187499999 0.271791446875
1 0.84744775625 0.3074850046875 0.8501475031249999 0.33869264062500004 0.9163434562500001 0.3337647359375 0.9141717187499999 0.30200873906250003 0.84744775625 0.3074850046875
1 0.2793250453125 0.206392528125 0.2790651671875 0.2532792046875 0.317314028125 0.25261156875 0.3164865375 0.205204728125 0.2793250453125 0.206392528125
1 0.2243583765625 0.20627524843749998 0.22407968281250001 0.2520839640625 0.26286596093750003 0.2514069484375 0.26313524843749997 0.2050592515625 0.2243583765625 0.20627524843749998
1 0.492322934375 0.2145295671875 0.4949162484375 0.2705272109375 0.5234493609374999 0.2689524375 0.5203452625 0.2145795796875 0.492322934375 0.2145295671875
1 0.2820217921875 0.26831583281250004 0.2810834578125 0.3071318703125 0.3295761046875 0.3068245734375 0.32943804062500004 0.2680273234375 0.2820217921875 0.26831583281250004
1 0.2824717171875 0.32489003437499997 0.28317695781249996 0.36529325468749996 0.3306010515625 0.365543753125 0.3315409484375 0.3267276875 0.2824717171875 0.32489003437499997
1 0.24591484062500002 0.638614884375 0.24463498281249998 0.6887526687500001 0.28670059375 0.690712571875 0.28688526406250003 0.6395171765625001 0.24591484062500002 0.638614884375
1 0.2092547234375 0.6376389171875 0.20791985624999998 0.6538271796874999 0.2251876421875 0.655143203125 0.2259631234375 0.637884853125 0.2092547234375 0.6376389171875