2 0.21077980625 0.9557068718749999 0.2555066359375 0.9119642265625 0.22745613593749997 0.8890151890625001 0.191133875 0.9293111515625 0.21077980625 0.9557068718749999
2 0.08339378750000001 0.7266724484375 0.05435920625 0.75467225625 0.0960530921875 0.7949106687499999 0.118353515625 0.763384128125 0.08339378750000001 0.7266724484375
2 0.55363333125 0.4479410578125 0.6046427999999999 0.5034306171875 0.63356938125 0.47953462968749994 0.58253705 0.4223797734375 0.55363333125 0.4479410578125
2 0.7505341328124999 0.5258186328125001 0.7816642703125 0.5661669078125 0.8132219609375 0.5449238734375 0.7810007734375 0.49740675312500005 0.7505341328124999 0.5258186328125001
2 0.728188815625 0.5088820843749999 0.7560571203124999 0.481105796875 0.703521059375 0.4224302390625 0.67330441875 0.45368413125 0.728188815625 0.5088820843749999
2 0.767287771875 0.3677362171875 0.7903189890625 0.39286904218749996 0.8163257749999999 0.36485132187499997 0.789197696875 0.3435359796875 0.767287771875 0.3677362171875
2 0.9026843843749999 0.3983767796875 0.9260546156249999 0.3785692328125 0.9095649171875 0.34974859999999997 0.8773262328125 0.367496421875 0.9026843843749999 0.3983767796875
2 0.7345902078125001 0.2804273484375 0.764758059375 0.25824951875 0.74243811875 0.23056057812500003 0.7131775453125 0.25739776875 0.7345902078125001 0.2804273484375
2 0.84866665625 0.1204796578125 0.8062724265625001 0.1637673 0.8400398750000001 0.185001803125 0.8759889078124999 0.14900924531249998 0.84866665625 0.1204796578125
2 0.5088233375 0.17384911875 0.5399924265625 0.198839034375 0.5624107765625 0.16947503749999998 0.5373890109375 0.1465405453125 0.5088233375 0.17384911875
2 0.289357159375 0.252160921875 0.32195067499999996 0.2720318703125 0.333279559375 0.24785253906250002 0.30262232031249997 0.2332670515625 0.289357159375 0.252160921875
2 0.4437708546875 0.9158569921874999 0.40903966093750005 0.9425478375 0.43615076718749995 0.9668876109375001 0.46400239374999996 0.9421372859374999 0.4437708546875 0.9158569921874999
2 0.8384197468749999 0.8488132765625 0.8669841843749999 0.821506534375 0.8442807953125 0.7793897421875 0.8073469703124999 0.8040924687500001 0.8384197468749999 0.8488132765625
2 0.6453412937499999 0.6645740765625 0.6038916796875 0.684715590625 0.6314516703125 0.7331387546875 0.6675578609375 0.7104098999999999 0.6453412937499999 0.6645740765625
2 0.6719788640625 0.7113635421875 0.6378905109375 0.73982201875 0.66663645 0.7710164140625 0.695897021875 0.7441792203125 0.6719788640625 0.7113635421875
2 0.7925891546875 0.155550665625 0.83179350625 0.12073833437499999 0.8114329359375001 0.096897796875 0.772845371875 0.125547971875 0.7925891546875 0.155550665625
2 0.810354459375 0.6639198078125 0.7829630187500001 0.6925934687499999 0.8224481921875 0.7292484234375001 0.8478721374999999 0.7013439984375001 0.810354459375 0.6639198078125
2 0.86742025 0.5374115171875 0.8828575578125 0.5670415765625 0.9333266968749999 0.5372899906249999 0.9184722296875 0.5075466375000001 0.86742025 0.5374115171875
2 0.9203350562500001 0.570029809375 0.945421965625 0.6026183078125 0.9706819937500001 0.5832058671875 0.9567666234375001 0.552070246875 0.9203350562500001 0.570029809375
2 0.7981650546875 0.9388356984374999 0.8530191984375 0.9051931124999999 0.8343450765625 0.8713580953125 0.78094505625 0.9047021109375001 0.7981650546875 0.9388356984374999
2 0.6914888203125 0.18932613125 0.721499509375 0.166347959375 0.715172825 0.15247049375 0.6841976765625 0.173598703125 0.6914888203125 0.18932613125
2 0.7383786984375 0.12560208125 0.7464325984375 0.1405859328125 0.7605890343749999 0.1309530859375 0.7540190890625 0.11893590312499999 0.7383786984375 0.12560208125
2 0.660078590625 0.15532446718749998 0.6777984671875 0.1702392578125 0.6896580796875 0.15501378906250002 0.6742322265625 0.1441131546875 0.660078590625 0.15532446718749998
2 0.6827470203125 0.14124991250000002 0.6934422140625001 0.152699215625 0.707969415625 0.149641428125 0.6938731578125 0.130022221875 0.6827470203125 0.14124991250000002