2 0.7773496453125001 0.7853634109375001 0.78033093125 0.7464539015625 0.704690415625 0.7527245703125 0.7060314062499999 0.79058740625 0.7773496453125001 0.7853634109375001
2 0.648493540625 0.8323553859375 0.650024559375 0.7735379296875 0.5847785062499999 0.7780922578125 0.57982690625 0.8379207 0.648493540625 0.8323553859375
2 0.49182294843749996 0.8863551749999999 0.44643190625000007 0.8999292656250001 0.455911821875 0.9495607734375 0.506840509375 0.9396576640625 0.49182294843749996 0.8863551749999999
2 0.7133194421875 0.5531715593750001 0.7126959640625 0.48264330624999996 0.6662471953125 0.4853181875 0.664496453125 0.5581051828125 0.7133194421875 0.5531715593750001
2 0.748012140625 0.38525572812500003 0.691025740625 0.3908257890625 0.6888984921875 0.427664571875 0.750159534375 0.4214229515625 0.748012140625 0.38525572812500003
2 0.7385833234375 0.28887259374999996 0.734526690625 0.260934028125 0.69958021875 0.262626803125 0.69581655 0.2932794203125 0.7385833234375 0.28887259374999996
2 0.733064453125 0.2460212296875 0.731114740625 0.220424071875 0.6571005796875 0.22809084999999998 0.65722905625 0.251443071875 0.733064453125 0.2460212296875
2 0.191279609375 0.3706261796875 0.2005179 0.322220925 0.12751541875 0.3216354203125 0.12223181093749999 0.36466695 0.191279609375 0.3706261796875
2 0.1970560328125 0.2869895453125 0.20058017968750003 0.2534156515625 0.1454358546875 0.25861210625000003 0.1446232703125 0.28962864375 0.1970560328125 0.2869895453125
2 0.3816401859375 0.2324830984375 0.37827290156250004 0.21599514375 0.3428079140625 0.2170260453125 0.3438774484375 0.2327139515625 0.3816401859375 0.2324830984375
2 0.383793765625 0.2076227484375 0.3821211140625 0.189538796875 0.3458479828125 0.192266671875 0.346328003125 0.2078837671875 0.383793765625 0.2076227484375
2 0.38218966718749997 0.18409564218750002 0.3816304578125 0.1691362984375 0.3421081 0.1690692359375 0.344356284375 0.184901859375 0.38218966718749997 0.18409564218750002
2 0.09292395625 0.26433171093749996 0.0954141703125 0.246486553125 0.0388621203125 0.248519115625 0.0372092671875 0.2668653734375 0.09292395625 0.26433171093749996
2 0.216963778125 0.67608469375 0.21618542343749997 0.6580381328125 0.179043971875 0.6678379 0.18061847656250002 0.67940034375 0.216963778125 0.67608469375
2 0.21904594687499998 0.6566907640624999 0.21349127499999998 0.6409527609375 0.1775077734375 0.6413217875 0.1774679171875 0.6562752656249999 0.21904594687499998 0.6566907640624999
2 0.21623050312499997 0.6357084359375 0.21373504375 0.619440871875 0.17466890468750002 0.6254150640625 0.17683428437499998 0.63705005625 0.21623050312499997 0.6357084359375
2 0.20998473906249998 0.6134060296875 0.2099951609375 0.596243434375 0.17173542656250002 0.6005220140625 0.1712525171875 0.6142246734375 0.20998473906249998 0.6134060296875
2 0.1197580515625 0.10431390468749999 0.1222611375 0.057106135937500004 0.08737522187499999 0.05342089375 0.0819349 0.0928439265625 0.1197580515625 0.10431390468749999
2 0.23583217343750001 0.21996400624999998 0.2377117421875 0.175398384375 0.193478459375 0.179543284375 0.19460255937499998 0.21917254375 0.23583217343750001 0.21996400624999998
2 0.6745051203125 0.1302545484375 0.6735426578125 0.0990657140625 0.6512755859375 0.0999209140625 0.65031828125 0.132116103125 0.6745051203125 0.1302545484375