2 0.34206876875000003 0.6001719999999999 0.342641284375 0.56230735 0.28750125937500004 0.55605809375 0.285190365625 0.592639525 0.34206876875000003 0.6001719999999999
2 0.5740402234374999 0.510602071875 0.6229430781249999 0.5167427984375 0.6281033093749999 0.4619239984375 0.57146850625 0.45413979531250004 0.5740402234374999 0.510602071875
2 0.749901715625 0.49449819687499996 0.8076995984374999 0.502529621875 0.8073526328125 0.464166021875 0.7536217046875 0.45699905625000004 0.749901715625 0.49449819687499996
2 0.9024781000000001 0.6679340390624999 0.9015234671875 0.7482612140625 0.9561464578125 0.7468048984375 0.9586933375 0.671980584375 0.9024781000000001 0.6679340390624999
2 0.5395295921875001 0.7129502640625 0.582229740625 0.7168588484375 0.5785625859375 0.683564146875 0.5405561375 0.6766996562500001 0.5395295921875001 0.7129502640625
2 0.5767584765625 0.1264571125 0.5890625125 0.1321122828125 0.5973136453125 0.055462178125 0.584161015625 0.0544907390625 0.5767584765625 0.1264571125
2 0.5551383828125 0.1224702328125 0.5690257703125 0.1278533421875 0.5732349921875 0.071616771875 0.56107276875 0.06599334375 0.5551383828125 0.1224702328125
2 0 0.60366138125 0.043247984375 0.6111076343749999 0.0481681625 0.5708253328125 0 0.56225491875 0 0.60366138125
2 0.009576245312499999 0.562318859375 0.0482056015625 0.567793425 0.06595514531249999 0.4500115078125 0.0275743234375 0.4448932765625 0.009576245312499999 0.562318859375
2 0.6991211640625 0.9422721390625 0.732227790625 0.9490040640625 0.7313000484375001 0.9105170156250001 0.697778265625 0.9082558468749999 0.6991211640625 0.9422721390625
2 0.55072813125 0.7688149734375 0.598667371875 0.772319625 0.601194903125 0.728488884375 0.5448565421875 0.7250215859375 0.55072813125 0.7688149734375