2 0.39371877187500004 0.565385565625 0.4045289453125 0.591965240625 0.44001606562499995 0.5867545093750001 0.42839756093750003 0.5548640218750001 0.39371877187500004 0.565385565625
2 0.23043382812500002 0.5845740890625 0.2413251421875 0.6160447328124999 0.302456803125 0.5941371484375 0.290609734375 0.5636877328125001 0.23043382812500002 0.5845740890625
2 0.0214807578125 0.6411759734375 0.035911940625 0.695033884375 0.1028567265625 0.6727980671875 0.084830759375 0.61928868125 0.0214807578125 0.6411759734375
2 0.192081109375 0.191385746875 0.15208849062500002 0.20271643125 0.16402295312499998 0.244962375 0.20933091093749998 0.23282214531249998 0.192081109375 0.191385746875
2 0.13595744062499998 0.21133674687499998 0.0552450125 0.23357827343749998 0.06912583125 0.2716177546875 0.1472372421875 0.248845396875 0.13595744062499998 0.21133674687499998
2 0.0074384171875 0.23410543125 0.0161187125 0.27108284375 0.0574845734375 0.2557008796875 0.0451842046875 0.22241268125000002 0.0074384171875 0.23410543125
2 0.730325290625 0 0.7056054765625001 0.00650106875 0.723582471875 0.048357309375000004 0.7764590703125 0.0323465984375 0.7638503265625001 0 0.730325290625 0
2 0.5308993 0.24000124218750002 0.5184709515625 0.20280034531250002 0.47949386718750003 0.2156269765625 0.48819084999999995 0.2526727109375 0.5308993 0.24000124218750002
2 0.31730344062500004 0.36048621875000003 0.3330479703125 0.389428675 0.3674590796875 0.380208246875 0.3509983484375 0.3485928921875 0.31730344062500004 0.36048621875000003
2 0.9313249890625 0.686012475 0.9459643578125 0.717706603125 0.9876779359375 0.70591640625 0.9759437312499999 0.6747411703124999 0.9313249890625 0.686012475
2 1 0.7448952906249999 0.9995308515625 0.7432698734375001 0.9526152390625 0.7539984046875 0.9640804765625001 0.785316884375 1 0.7751905328124999 1 0.7448952906249999
2 0.7605682484375 0.7323796828125 0.7749590640624999 0.783792865625 0.811090728125 0.774111415625 0.7943630781250001 0.7197122421875 0.7605682484375 0.7323796828125
2 0.7163884421875 0.5262111093749999 0.6788043078125 0.5350539750000001 0.685550878125 0.5510562234374999 0.7193884671874999 0.5419894671875001 0.7163884421875 0.5262111093749999
2 0.18563469375 0.2889133109375 0.19004642031250002 0.303084015625 0.2233104890625 0.29417093437499997 0.21675604843750002 0.277738684375 0.18563469375 0.2889133109375
2 0.2080388078125 0.2417643890625 0.1704939359375 0.253053896875 0.178080196875 0.2676017609375 0.21249130312500003 0.25838133281250003 0.2080388078125 0.2417643890625
2 0.0904481515625 0.45443310156249994 0.100442896875 0.46649314375 0.1468152421875 0.4491550015625 0.1416778359375 0.43456405 0.0904481515625 0.45443310156249994