2 0.2088526078125 0.26234582031250003 0.23299268281250002 0.1840172484375 0.13442996406250002 0.167880525 0.11389030625 0.239692378125 0.2088526078125 0.26234582031250003
2 0.08194063593749999 0.0448009796875 0.03775519375 0.043903265625 0.028108812500000004 0.0971450421875 0.070185209375 0.10120422656250001 0.08194063593749999 0.0448009796875
2 0.6086259 0.1106651546875 0.6158544328125 0.057037326562500004 0.582606040625 0.048306579687500004 0.5699949515625 0.10511249687499999 0.6086259 0.1106651546875
2 0.4765820484375 0.2704816859375 0.490472225 0.2180590921875 0.4330666609375 0.19889878125 0.4141819640625 0.252122221875 0.4765820484375 0.2704816859375
2 0.483324215625 0.511045421875 0.496192534375 0.4741930140625 0.42631549687500003 0.4691530828125 0.420723559375 0.5040184390625 0.483324215625 0.511045421875
2 0.165538759375 0.598393384375 0.0946039296875 0.5914995296875001 0.0881095609375 0.6194563093750001 0.16081730625 0.62619505625 0.165538759375 0.598393384375
2 0.0922926359375 0.7149567015625 0.0868248828125 0.6797100609375 0.04837799375 0.683073728125 0.0474944609375 0.72066251875 0.0922926359375 0.7149567015625
2 0.664352471875 0.7953104203125 0.6588328328124999 0.7594707328125 0.5456535312499999 0.7908779109374999 0.549584953125 0.8255955 0.664352471875 0.7953104203125
2 0.38047790312499996 0.977341278125 0.379123190625 0.9345888499999999 0.2868634953125 0.9394200703125 0.28681566406250003 0.9831547265625 0.38047790312499996 0.977341278125
2 0.445438409375 0.7388407781249999 0.43657668593750004 0.7056759890625 0.392038675 0.71433756875 0.4016469984375 0.749223525 0.445438409375 0.7388407781249999
2 0.7385987828125 0.560759390625 0.753808871875 0.4689233421875 0.6847783140625 0.45993366875 0.66421850625 0.5553590093749999 0.7385987828125 0.560759390625
2 0.7667729125 0.126601753125 0.773484503125 0.0670652453125 0.737478125 0.0642614875 0.73216300625 0.12272846562499999 0.7667729125 0.126601753125
2 0.6506003328125 0.0045765812500000004 0.6135431484375 0.0101996 0.6154636515624999 0.045758153125 0.6532674359375 0.041856301562499997 0.6506003328125 0.0045765812500000004
2 1 0.8779416765624999 0.9824611140625 0.878563165625 0.98405544375 0.9138177390625 1 0.9138607000000001 1 0.8779416765624999
2 0.3721316328125 0.6571298890625 0.3696728078125 0.6222128828125 0.3420885765625 0.6202815328125 0.33553531875 0.6543777453125 0.3721316328125 0.6571298890625
2 0.99521911875 0.687168228125 0.9867193656250001 0.6581407609375 0.9619801203125 0.66149563125 0.9699619625 0.6948220984375 0.99521911875 0.687168228125
2 0.5595291828125 0.4555519265625 0.57093784375 0.4360960609375 0.51371245 0.425789675 0.507803459375 0.4434060890625 0.5595291828125 0.4555519265625
2 0.15576445625 0.3640472640625 0.1691148890625 0.3122679109375 0.1492633796875 0.3067709171875 0.1395358734375 0.36249169531250003 0.15576445625 0.3640472640625