2 0.9215808734375001 0.8225548781249999 0.9481515093749999 0.7547330921875 0.8750801562499999 0.735364325 0.8530854140624999 0.8073903 0.9215808734375001 0.8225548781249999
2 0.352544921875 0.1684966609375 0.3673577953125 0.1188205765625 0.3328586765625 0.10384237031250002 0.3171450390625 0.1549004375 0.352544921875 0.1684966609375
2 0.39154449375 0.2423614359375 0.410213740625 0.21172028437499998 0.342037546875 0.1893346 0.32939533125 0.223079478125 0.39154449375 0.2423614359375
2 0.111190875 0.6606236109375 0.12101249375 0.62871045 0.052269528125 0.61328240625 0.042767459375 0.63940100625 0.111190875 0.6606236109375
2 0 0.7987830359375 0.0615690359375 0.8140164656250001 0.0696256046875 0.79326300625 0 0.7728366859375 0 0.7987830359375
2 0.6164591609375 0.8712429578125 0.6260338859375 0.8404913453124999 0.5896439796874999 0.8258412578125001 0.5809358296875 0.8582275109375 0.6164591609375 0.8712429578125
2 0.890384884375 0.43461328750000006 0.9096396390624999 0.384060309375 0.8449272406249999 0.37111834374999997 0.8308620265625001 0.42014026875 0.890384884375 0.43461328750000006
2 0.33351318281250003 0.09219581875 0.34440969374999997 0.05808147500000001 0.30085782499999997 0.0442316953125 0.2903570296875 0.0836313078125 0.33351318281250003 0.09219581875
2 0.5612728171875 0.1958619390625 0.5657714828125 0.1804239703125 0.4971314265625 0.1587927046875 0.4892382484375 0.174478775 0.5612728171875 0.1958619390625
2 0.5312725796875 0.071083775 0.536103271875 0.05693200625 0.4918102953125 0.0465763703125 0.4854567125 0.0607382953125 0.5312725796875 0.071083775
2 0.079857471875 0.667929621875 0.028967221874999997 0.6528618640625 0.01279930625 0.6888924078125 0.06800678593750001 0.7036621937499999 0.079857471875 0.667929621875
2 0.65895293125 0.5226445734375 0.6281168484374999 0.507590359375 0.5895752843750001 0.59168989375 0.6263869953125 0.6043705796875 0.65895293125 0.5226445734375
2 0.6170925125 0.719582365625 0.6324147625000001 0.6760847 0.5575019218749999 0.6596678859375 0.5426083390625001 0.6982855375 0.6170925125 0.719582365625
2 0.7974609234375001 0.7688503156250001 0.8097175359375001 0.7283447140625 0.765863296875 0.7130616843750001 0.7528801828125 0.7526940296875 0.7974609234375001 0.7688503156250001
2 0.91335428125 0.8869900359375 0.9283223312500001 0.853741125 0.8817506515625 0.836941209375 0.8717334015624999 0.8769292156249999 0.91335428125 0.8869900359375
2 0.900423646875 0.9449605890624999 0.91393185 0.9071490796875 0.867970659375 0.89319611875 0.8570941734374999 0.9314999234375 0.900423646875 0.9449605890624999