2 0.1323872390625 0.421067059375 0.131876821875 0.38284435625 0.09634484843749999 0.38062683750000004 0.09758903125 0.4178637046875 0.1323872390625 0.421067059375
2 0.260068234375 0.22951636875 0.254032578125 0.1949631265625 0.21907929375 0.19745865 0.2237103296875 0.23517540312500002 0.260068234375 0.22951636875
2 0.4268959484375 0.356790115625 0.42321603906250005 0.32194762187500003 0.368225190625 0.336476365625 0.38069905 0.366051634375 0.4268959484375 0.356790115625
2 0.5364595421875 0.8159271984375 0.529917175 0.7772471328125 0.49592409843749996 0.77783170625 0.5069826734375 0.8252279140625 0.5364595421875 0.8159271984375
2 0.80387885 0.9009394000000001 0.8027675671875001 0.9405576390625001 0.8380720140625 0.9457941421875 0.8420172578124999 0.9043324140625 0.80387885 0.9009394000000001
2 0.8905493453125001 0.693784384375 0.8898705437500001 0.6959614625 0.9216630374999999 0.692057834375 0.9140973765625 0.6499157359375001 0.8814893937500001 0.6569089640625 0.8905493453125001 0.693784384375
2 0.6905625765625001 0.6205309328124999 0.697311578125 0.6657659234375 0.7334970890625 0.6628184234375001 0.7246369046875001 0.6157489218750001 0.6905625765625001 0.6205309328124999
2 0.761149359375 0.07107991875 0.7501882296875 0.0353368203125 0.7208133984375 0.044327478125 0.7318114265625 0.07976851406249999 0.761149359375 0.07107991875
2 0.851552246875 0.082113571875 0.8344661109375 0.054899246874999995 0.803965840625 0.07419921562500001 0.824224475 0.1025195296875 0.851552246875 0.082113571875
2 0.8341722515625 0.339685940625 0.8247780609375001 0.2923829015625 0.8073326640625 0.296321128125 0.8197635515625 0.3435472640625 0.8341722515625 0.339685940625
2 0.8522160578125 0.330890140625 0.838475278125 0.28711184218749997 0.829343284375 0.2906259453125 0.8405187015625 0.337409596875 0.8522160578125 0.330890140625
2 0.8724604453125 0.3254133984375 0.862097346875 0.284809625 0.8514177515625001 0.2903099515625 0.86282319375 0.32928707031250004 0.8724604453125 0.3254133984375
2 0.9093840578125001 0.2951551890625 0.8976165265624999 0.257716478125 0.88517031875 0.2634321421875 0.8961996265625001 0.301858809375 0.9093840578125001 0.2951551890625
2 0.9155711734375 0.2920042453125 0.927646496875 0.288127171875 0.914907140625 0.25738965937499997 0.902760628125 0.260674115625 0.9155711734375 0.2920042453125
2 0.4743389640625 0.5776876140625 0.438786103125 0.5850440015625 0.44495152187500003 0.619282209375 0.48214123437499995 0.6120255203125 0.4743389640625 0.5776876140625
2 0.368777346875 0.0684093828125 0.3313253375 0.0700168671875 0.339047096875 0.121712715625 0.375372734375 0.11725248749999999 0.368777346875 0.0684093828125
2 0.363633671875 0.600851859375 0.3182374015625 0.6010435140625 0.32949494375 0.642431628125 0.369658884375 0.64019205625 0.363633671875 0.600851859375