2 1 0.4623252671875 0.9899096093749999 0.4607271078125 0.979945246875 0.5084575421875 1 0.5100576671875 1 0.4623252671875
2 0.8367877375000001 0.0762857703125 0.8307271078125 0.10506228124999999 0.8320492390625001 0.10620347031249999 0.8739362265624999 0.1074257734375 0.8771300703125 0.0796696140625 0.8367877375000001 0.0762857703125
2 0.1916350609375 0.09978060625 0.19003503125 0.03965569375 0.188703934375 0.038581109375 0.128850428125 0.0369193734375 0.127368928125 0.09561494375 0.1916350609375 0.09978060625
2 0.066416921875 0.0492798 0.06316528437499999 0.0698098265625 0.10093322499999999 0.061360890625 0.0990476140625 0.0504930515625 0.066416921875 0.0492798
2 0.060006284374999996 0.089754959375 0.058650925 0.1081807234375 0.10723231250000001 0.11647799218749999 0.10872487500000001 0.095667771875 0.060006284374999996 0.089754959375
2 0.45087066093750006 0.1444463984375 0.45646984531249996 0.12428660312499999 0.3803425421875 0.1380866328125 0.381761271875 0.1556877703125 0.45087066093750006 0.1444463984375
2 0.3631595359375 0.17445101093749998 0.3723524078125 0.1885343578125 0.47739949218750005 0.1781124703125 0.47232407343749994 0.1646211484375 0.3631595359375 0.17445101093749998
2 0.3771233765625 0.2115389265625 0.377918778125 0.22549454687499998 0.484298453125 0.210474509375 0.48331752968749997 0.197690225 0.3771233765625 0.2115389265625
2 0.240289546875 0.79840083125 0.24687443125000003 0.901065215625 0.2991297859375 0.9051335921874999 0.29690655625 0.7996116515625 0.240289546875 0.79840083125
2 0.40510902968750007 0.88884625 0.402014015625 0.904591875 0.4484647984375 0.9149547124999999 0.4530368546875 0.8955766765625001 0.40510902968750007 0.88884625
2 0.398884159375 0.9281485296875 0.39862870781250004 0.944943465625 0.442733484375 0.9549363140624999 0.445286828125 0.9331218609375 0.398884159375 0.9281485296875
2 0.341184946875 0.9394537578125 0.341395209375 0.9533182828125 0.37392805625 0.956667525 0.3759245890625 0.9383686250000001 0.341184946875 0.9394537578125
2 0.28627579999999997 0.9331631890625 0.285403221875 0.9462534765624999 0.3339572546875 0.9509379234375 0.3293447828125 0.93640146875 0.28627579999999997 0.9331631890625
2 0.1679643078125 0.921038734375 0.169003271875 0.9410476062500001 0.23033566093750002 0.9447486093749999 0.2304048984375 0.9234361109375 0.1679643078125 0.921038734375
2 0.009919878125 0.92066048125 0.0071271125 0.9269067484375 0.05346865625 0.9341737578125 0.0492304828125 0.9172840703125 0.009919878125 0.92066048125
2 0.405868759375 0.9713464359374999 0.39828564843750003 0.9888601749999999 0.4487194828125 0.996848109375 0.45091425 0.9772976218749999 0.405868759375 0.9713464359374999
2 0.8540233390624999 0.3508118859375 0.846888775 0.3617080703125 0.9019834453125 0.3668273015625 0.9012637218749999 0.3542916265625 0.8540233390624999 0.3508118859375