2 0.19623393281249998 0.2630765296875 0.21950904843750002 0.1546740375 0.1840564796875 0.143947421875 0.16421724531249998 0.259545346875 0.19623393281249998 0.2630765296875
2 0.178724859375 0.313311415625 0.1425544578125 0.3067338421875 0.121106478125 0.3812771265625 0.159580775 0.38908415937499996 0.178724859375 0.313311415625
2 0.42834062343749996 0.47582850312499997 0.3927625796875 0.46539661718750003 0.37541895 0.512957421875 0.411402921875 0.52726104375 0.42834062343749996 0.47582850312499997
2 0.62670756875 0.1712941015625 0.59132134375 0.16383945312499998 0.5703818046875 0.23333771875 0.602895628125 0.24222995468750003 0.62670756875 0.1712941015625
2 0.6188026734375 0.0055400109375 0.6180275484375 0.021902671874999998 0.6524607687499999 0.029342248437500003 0.657603865625 0.0075734953125 0.6188026734375 0.0055400109375
2 0.7509020390625001 0.20259761250000002 0.7403959546875 0.196766490625 0.7203708328125 0.250226709375 0.735132465625 0.2552397859375 0.7509020390625001 0.20259761250000002
2 0.7641984546875 0.2575317828125 0.7805928296875 0.203115865625 0.767570696875 0.2005100765625 0.7464151234374999 0.25543672812499996 0.7641984546875 0.2575317828125
2 0.8522880515625 0.17939475625 0.8275727859374999 0.268150371875 0.8613169953125001 0.274685596875 0.893637275 0.19260278749999998 0.8522880515625 0.17939475625
2 0.99023436875 0.6994322953125 0.9450232640625 0.685816903125 0.934315784375 0.7207103453125 0.9884231703124999 0.7339920234374999 0.99023436875 0.6994322953125
2 0.9141943906250001 0.9546260562500001 0.8823319515625 0.944854428125 0.8775655984374999 0.9771746046875001 0.9095184390625001 0.984273965625 0.9141943906250001 0.9546260562500001
2 0.9788090671875 0.9174400328125 0.954717171875 0.9131175796875001 0.9469899140625 0.9474692015624999 0.9769615249999999 0.9526932609375001 0.9788090671875 0.9174400328125
2 0.7548515796874999 0.6569294875 0.741317028125 0.654314753125 0.720476715625 0.7205455015625 0.7388641 0.7220556984375001 0.7548515796874999 0.6569294875
2 0.7264725953125 0.6493002296875 0.70585308125 0.64477718125 0.6985754421875 0.6821089796875001 0.7211096125 0.6842869625 0.7264725953125 0.6493002296875
2 0.483065934375 0.777643621875 0.4187939 0.760170821875 0.4140374140625 0.7847634296875 0.4784833796875 0.8019407828125 0.483065934375 0.777643621875
2 0.47374290312499995 0.8012641953124999 0.42274832656249994 0.78878013125 0.4171843578125 0.8086016687500001 0.4650669609375 0.8219237390625 0.47374290312499995 0.8012641953124999
2 0.46142045937500004 0.826615503125 0.403475196875 0.8113347031249999 0.394714684375 0.8367497453125001 0.45319291406250006 0.8556075765625 0.46142045937500004 0.826615503125