2 0.1488984375 0.6611453125 0.144746875 0.6231453124999999 0.11059843750000001 0.630565625 0.11390156250000001 0.6676765625 0.1488984375 0.6611453125
2 0.293040625 0.8327390625 0.2948203125 0.7977078125 0.25804375 0.796521875 0.25804375 0.8345218750000001 0.293040625 0.8327390625
2 0.44548750000000004 0.6860828125 0.44489375000000003 0.6510515625 0.3979125 0.6474890624999999 0.3891359375 0.6783640625 0.44548750000000004 0.6860828125
2 0.49590625 0.2211734375 0.4976859375 0.181984375 0.4672953125 0.17634531250000002 0.46209531249999997 0.22473593749999998 0.49590625 0.2211734375
2 0.7468203124999999 0.025828125 0.7527515625000001 0.065015625 0.7901921875 0.056999999999999995 0.7812234375 0.016328125 0.7468203124999999 0.025828125
2 0.864021875 0.2600640625 0.8595234375 0.29776875 0.8927406250000001 0.3007359375 0.8951140625 0.2579859375 0.8630828125000001 0.2579859375 0.864021875 0.2600640625
2 0.6756390624999999 0.3114234375 0.674453125 0.35714375 0.70885625 0.3577375 0.7119140625 0.3099390625 0.6756390624999999 0.3114234375
2 0.8049515625 0.930709375 0.8114750000000001 0.893896875 0.781296875 0.8888484375000001 0.7746999999999999 0.9253656250000001 0.8049515625 0.930709375
2 0.8862171875 0.901021875 0.8998593749999999 0.8719281249999999 0.8702484374999999 0.8550046874999999 0.8535921875 0.8855828125 0.8862171875 0.901021875
2 0.8476593749999999 0.6664890625 0.8512187499999999 0.61839375 0.836446875 0.6163171875 0.8298640625000001 0.6647062499999999 0.8476593749999999 0.6664890625
2 0.861896875 0.6700515625000001 0.8702 0.624925 0.8577953125000001 0.6198796875 0.8524046875 0.6676765625 0.861896875 0.6700515625000001
2 0.8856234374999999 0.6694578124999999 0.8909609375 0.6278937499999999 0.8809234375000001 0.6252234375 0.8743531250000001 0.6653 0.8856234374999999 0.6694578124999999
2 0.9241796875 0.6920203125 0.9312968749999999 0.6534265625 0.9173937499999999 0.6483796875000001 0.9111296875000001 0.6878640625 0.9241796875 0.6920203125
2 0.9502796874999999 0.6581765625 0.937821875 0.6557999999999999 0.9289249999999999 0.6884578125 0.9413812500000001 0.6902375000000001 0.9502796874999999 0.6581765625
2 0.42887812500000005 0.42305000000000004 0.4650625 0.42601875 0.468621875 0.3909859375 0.430825 0.388315625 0.42887812500000005 0.42305000000000004
2 0.384984375 0.947334375 0.422353125 0.944365625 0.42294687499999994 0.8950828124999999 0.38634843750000003 0.8950828124999999 0.384984375 0.947334375
2 0.30727812499999996 0.4218609375 0.352359375 0.41651875 0.3535453125 0.3767375 0.3134078125 0.379409375 0.30727812499999996 0.4218609375