2 1 0.49563656875 0.999545921875 0.46962240624999996 0.9578931640624999 0.464814240625 0.9529796968750001 0.5008820484375 1 0.505576140625 1 0.49563656875
2 0.8807899406249999 0 0.8792302296875001 0.0067282671875 0.9519323828124999 0.016463284375 0.9502020218749999 0 0.8807899406249999 0
2 0.6647062640625 0.100427121875 0.6008413734375 0.0932374984375 0.5934478109375 0.1459558125 0.6669855 0.1515920125 0.6647062640625 0.100427121875
2 0.6963573859375 0.0085373015625 0.6186640796875 0.0029736390625 0.6153536515625 0.051466925 0.6917336859375001 0.061205706250000005 0.6963573859375 0.0085373015625
2 0.4675220109375 0.076191334375 0.3787234171875 0.06943692968750001 0.3632600890625 0.136134146875 0.459008321875 0.1441502703125 0.4675220109375 0.076191334375
2 0.58466126875 0.039547640625000005 0.484564240625 0.0205369921875 0.47841149375 0.0649292578125 0.588036465625 0.074087746875 0.58466126875 0.039547640625000005
2 0.11665757968749998 0.455971040625 0.11970235 0.3922582 0.06696687812499999 0.3876419203125 0.0611280828125 0.450020509375 0.11665757968749998 0.455971040625
2 0.1100701578125 0.47546085156249995 0.000606825 0.467684128125 0.0012588625 0.5050393765625001 0.11485206249999999 0.5113578640625 0.1100701578125 0.47546085156249995
2 0.0556181234375 0.6106505109375 0.045887781249999995 0.6883196578125 0.090360284375 0.695846215625 0.10157138125000001 0.6236864390625 0.0556181234375 0.6106505109375
2 0.1915604984375 0.8573811921875001 0.10400277656250001 0.8423038640625 0.08156408281250001 0.9063552296875 0.17757794843750002 0.92958934375 0.1915604984375 0.8573811921875001
2 0.47163819218749997 0.8677150499999999 0.484838759375 0.8301195671875 0.42376791875 0.8242657578125 0.41744615625000003 0.8589751234375 0.47163819218749997 0.8677150499999999
2 0.5634348250000001 0.80798981875 0.4897763859375 0.7954359234374999 0.4901869 0.818954215625 0.5611222078125 0.834324815625 0.5634348250000001 0.80798981875
2 0.7025745390625 0.92042549375 0.7072948015625 0.8732890609374999 0.6195423156250001 0.8471431328125 0.612172884375 0.9012440500000001 0.7025745390625 0.92042549375
2 0.673583809375 0.68843361875 0.6041776 0.68134228125 0.6045156859375 0.7007112078125 0.676789934375 0.7132877 0.673583809375 0.68843361875
2 0.46232395000000004 0.492837696875 0.38334309218749996 0.492833290625 0.3810304765625 0.5191682875 0.46013364375 0.5260903625 0.46232395000000004 0.492837696875
2 0.46313011875 0.4596107546875 0.388256559375 0.45676548125 0.39267624687499997 0.47191096562499996 0.46346820624999996 0.478979678125 0.46313011875 0.4596107546875
2 0.3725276015625 0.50824470625 0.3336688921875 0.5047723546875 0.33279026875 0.5338483671875001 0.3730347296875 0.5372980921875 0.3725276015625 0.50824470625
2 0.3663825390625 0.47375450937499997 0.3330410171875 0.468801271875 0.3375105578125 0.4867134953125 0.3707554921875 0.48613320312499997 0.3663825390625 0.47375450937499997
2 0.3003580921875 0.8475199734375 0.22246444843750002 0.841759778125 0.222573184375 0.8820999609375001 0.2979493109375 0.896547603125 0.3003580921875 0.8475199734375
2 0.8407991062500001 0.16947689531250001 0.8465632828125 0.12547428124999999 0.7751465484375 0.11663339218749999 0.7671423359375 0.1683887796875 0.8407991062500001 0.16947689531250001