2 0.3828984515625 0.6553094421875 0.3495462859375 0.6582018171875 0.3678957125 0.7449388421875 0.4042200546875 0.74171690625 0.3828984515625 0.6553094421875
2 0.40681580625 0.6412093421875 0.42603427343750006 0.7477717515625 0.46794406562499996 0.7438209296875 0.4387009359375 0.6359147859375 0.40681580625 0.6412093421875
2 0.4833955625 0.6300842390625 0.46106524374999996 0.6360279281250001 0.48110817031249997 0.7227901125 0.49875755 0.7129138203125 0.4833955625 0.6300842390625
2 0.489662715625 0.7752614437500001 0.49382890156250003 0.8129679124999999 0.5308166234375 0.8032214328125 0.5250479609375 0.770647240625 0.489662715625 0.7752614437500001
2 0.534983509375 0.614405240625 0.49641650000000004 0.625356896875 0.52165556875 0.7040577546875 0.5522781015625 0.702146953125 0.534983509375 0.614405240625
2 0.52534068125 0.2057588796875 0.4934955296875 0.0810140625 0.438543365625 0.09513341875 0.46971381875 0.21490659375 0.52534068125 0.2057588796875
2 0.5138416140625 0.032345854687499995 0.4568846546875 0.041236615625 0.4659744453125 0.0847390421875 0.5160146218749999 0.076318384375 0.5138416140625 0.032345854687499995
2 0.70579614375 0.030644370312500002 0.7160755062499999 0.0680269640625 0.76671460625 0.06274863124999999 0.7635142874999999 0.0418636421875 0.70579614375 0.030644370312500002
2 0.45658400156249995 0.24199270312499999 0.40097944218750003 0.2535642046875 0.43473168281249996 0.335734446875 0.4786974203125 0.3243184484375 0.45658400156249995 0.24199270312499999
2 0.37218973125 0.3368845109375 0.421214028125 0.3455065734375 0.4264843734375 0.29723309531250003 0.37228271875 0.28972167656250003 0.37218973125 0.3368845109375
2 0.506293203125 0.47727069999999994 0.46639247343749995 0.48100718125 0.4805176234375 0.5297224218750001 0.5111580671875 0.530839415625 0.506293203125 0.47727069999999994
2 0.347738540625 0.485464459375 0.3200130296875 0.48703109062500005 0.335098065625 0.5619420265625 0.35921213281250003 0.562396878125 0.347738540625 0.485464459375
2 0.26691188125 0.39716978593749996 0.23525920937499997 0.40946545156249997 0.24666551874999998 0.45039384687500006 0.2814977984375 0.42994571875 0.26691188125 0.39716978593749996
2 0.2303081984375 0.2917629140625 0.21687515 0.25316244375 0.16812115625 0.27241662187500004 0.1800760203125 0.30740301406250004 0.2303081984375 0.2917629140625
2 0.1519683046875 0.330367990625 0.14295728125 0.29292950625 0.0889191 0.315694609375 0.1076281625 0.35017929531249997 0.1519683046875 0.330367990625
2 0.0716592390625 0.37010405 0.060647189062499995 0.342861709375 0.025522815625 0.352365525 0.0358752015625 0.3924841953125 0.0716592390625 0.37010405
2 0.061299000000000006 0.5214230046874999 0.0139317265625 0.5333875359375 0.02553186875 0.5670952546875 0.071715678125 0.5567152671875 0.061299000000000006 0.5214230046874999
2 0 0.5693189203125 0.016072139062499997 0.562837015625 0.0022624796875 0.5217438875 0 0.5234312437499999 0 0.5693189203125
2 0.0648592109375 0.12471843281249999 0.0956003828125 0.11012697499999999 0.087933971875 0.049966653124999996 0.078114475 0.05652601875 0.0648592109375 0.12471843281249999
2 0.75719356875 0.7933918421875 0.7504469546875 0.7615332593749999 0.7141614656249999 0.7626473171875 0.72156689375 0.7961445281249999 0.75719356875 0.7933918421875
2 0.7681615500000001 0.8396788046875001 0.776506071875 0.87456828125 0.8031620109375 0.871281590625 0.801213896875 0.8346111328125 0.7681615500000001 0.8396788046875001
2 0.9384482234375 0.578511721875 0.9019942359374999 0.5838254765625 0.9104042671875 0.6308249484374999 0.9459176499999999 0.62865510625 0.9384482234375 0.578511721875