2 0.529121059375 0.6536451203125 0.60150589375 0.6416179171875 0.5875121734375 0.60545115625 0.51490113125 0.6212222921875 0.529121059375 0.6536451203125
2 0.5298640515625 0.5508906078125 0.5940255859375 0.5379965906249999 0.5875687453125 0.5047230359375 0.520765421875 0.514639984375 0.5298640515625 0.5508906078125
2 0.6892028734375 0.56285039375 0.6802982859375 0.52961801875 0.5901978999999999 0.5328817328125 0.59736153125 0.572234175 0.6892028734375 0.56285039375
2 0.9553120578125001 0.326353778125 0.9494287359375001 0.292926553125 0.8938292062500001 0.301069225 0.902165865625 0.3367702078125 0.9553120578125001 0.326353778125
2 0.9139623984374999 0.23856289375 0.8943871671875 0.20450639062499998 0.8632725078125001 0.22144118124999998 0.88138523125 0.2557747125 0.9139623984374999 0.23856289375
2 0.5957130609375 0.3011164703125 0.598970796875 0.228393778125 0.5519332734375 0.231785103125 0.5597242609374999 0.307889984375 0.5957130609375 0.3011164703125
2 0.3508650734375 0.3347898734375 0.33329972343750003 0.2829995328125 0.2938065796875 0.29849439843750003 0.30981644375 0.349067734375 0.3508650734375 0.3347898734375
2 0.31559395 0.604619171875 0.3021404765625 0.575062828125 0.2415098015625 0.6011341875 0.2578023703125 0.6263807406249999 0.31559395 0.604619171875
2 0.4254942640625 0.6316684343750001 0.41295452343749994 0.596339853125 0.378892640625 0.6091516421875001 0.3928546328125 0.641764909375 0.4254942640625 0.6316684343750001
2 0.3620648125 0.810173859375 0.339314640625 0.7757386859375 0.2432563390625 0.82788344375 0.25996199375 0.8615538703125001 0.3620648125 0.810173859375
2 0.15513474375 1 0.1743791140625 0.9906516875 0.1441559875 0.939797440625 0.108226975 0.9617055562499999 0.11698918124999999 1 0.15513474375 1
2 0.222776225 0.609224075 0.202823025 0.5783390890625 0.1538466453125 0.59514720625 0.1695192671875 0.6306974921874999 0.222776225 0.609224075
2 0.13653473437500002 0.688829375 0.1225832953125 0.655108446875 0.0719267265625 0.674822315625 0.0830805 0.7072724703125 0.13653473437500002 0.688829375
2 0.3007866703125 0.7191251515625 0.2810981328125 0.68693985625 0.2500963734375 0.7020019296875 0.27017479375 0.7344952484375 0.3007866703125 0.7191251515625
2 0.1902755921875 0.7769833671875 0.1777060046875 0.7484195796875001 0.12501333125 0.7582405234375 0.1410351359375 0.7893587921874999 0.1902755921875 0.7769833671875
2 0.5632607984375 0.358940734375 0.558654628125 0.341750275 0.48554109062500006 0.35335803593750004 0.48563083906250004 0.367457421875 0.5632607984375 0.358940734375
2 0.9030842421875 0.7026673437500001 0.8777980859375001 0.654173559375 0.84675445 0.6667913078125001 0.869575290625 0.7175487328125 0.9030842421875 0.7026673437500001
2 0.7131633609375 0.7830343609375 0.7015852234375 0.7535886015625 0.6658718953125 0.762543265625 0.677127396875 0.7976611124999999 0.7131633609375 0.7830343609375
2 0.64499530625 0.9278025984375 0.6537267046874999 0.97644714375 0.6801085546875 0.9693781484375 0.6807882640625 0.9237393078125 0.64499530625 0.9278025984375
2 0.42751094843750004 0.7791272640625 0.4109954359375 0.747319534375 0.387031084375 0.7611106359375001 0.4029130375 0.7928600453125 0.42751094843750004 0.7791272640625
2 0.11770323593750001 0.23084475312500002 0.11084376562500001 0.216715225 0.0832427515625 0.2284105265625 0.0908665046875 0.2373691734375 0.11770323593750001 0.23084475312500002
2 0.0849946625 0.22118430781249998 0.1650528375 0.1942069984375 0.1550192359375 0.179701821875 0.0827237421875 0.20582689843750002 0.0849946625 0.22118430781249998
2 0.74796138125 0.45867571875 0.8175833203125 0.43633725781250005 0.8139387546875 0.42502961875 0.7439695015625001 0.44377782187500003 0.74796138125 0.45867571875
2 0.983125009375 0.376012978125 0.9791331281250001 0.36111508125 0.9527145171875 0.36942331875 0.95819368125 0.3806955484375 0.983125009375 0.376012978125
2 0.8904247453125 0.460419140625 0.93537638125 0.435478728125 0.9124710265625 0.4004704421875 0.8669866453124999 0.42801076875 0.8904247453125 0.460419140625
2 1 0.501381375 0.9888738187499999 0.50895981875 0.9961531359375 0.5223621546875 1 0.519962646875 1 0.501381375
2 0.9306004 0.8420642203125001 0.9211418265625 0.827404965625 0.8508319562500001 0.8517702249999999 0.8551943062499999 0.866903703125 0.9306004 0.8420642203125001
2 0.921817725 0.8161690515625001 0.9135450453124999 0.8036475812500001 0.88482835 0.8088850328125 0.886478803125 0.8253679453125 0.921817725 0.8161690515625001
2 0.3755912078125 0.5578373109375 0.41887317656249995 0.54501216875 0.3931692875 0.46285443125 0.34836272031250004 0.47915994531250006 0.3755912078125 0.5578373109375