2 0.98971464375 0.183125996875 0.9585901609375 0.144008934375 0.9147320609375 0.186963725 0.9492859765624999 0.216622271875 0.98971464375 0.183125996875
2 0.5283514874999999 0.0272370546875 0.49261997031250004 0.0593533046875 0.5140436265624999 0.086323940625 0.554483559375 0.054869415624999994 0.5283514874999999 0.0272370546875
2 0.863316846875 0.33068649687499996 0.8908973437500001 0.3651115453125 0.93142666875 0.3308878234375 0.9080540062500001 0.302830678125 0.863316846875 0.33068649687499996
2 0.9080988453125001 0.41784687343750004 0.9238118328124999 0.44700969687500003 0.9589755328124999 0.4231999484375 0.9357581187499999 0.39617129218749997 0.9080988453125001 0.41784687343750004
2 0.95467445625 0.857471403125 0.9228328484375 0.817057540625 0.8993716078125 0.8473039109375 0.9485573640625 0.9009967796874999 0.95467445625 0.857471403125
2 0.7044933984374999 1 0.7157250187499999 0.9814554859375001 0.6766180984375 0.95856193125 0.6521851078124999 1 0.7044933984374999 1
2 0.091224990625 0.9462066546875001 0.12896272656250002 0.951078015625 0.144220765625 0.9023065703125001 0.1056026203125 0.8908896046875 0.091224990625 0.9462066546875001
2 0.0599529671875 0.8910630890625001 0.0488384234375 0.9402496109375 0.08951756562499999 0.945534359375 0.0940986484375 0.8958619515624999 0.0599529671875 0.8910630890625001
2 0.438380653125 0.86817448125 0.4019307375 0.8498735296875 0.3893245640625 0.8840422421874999 0.4253502296875 0.9010843984375001 0.438380653125 0.86817448125
2 0.3360668046875 0.8358250093749999 0.32547554375 0.86847814375 0.35534569843749997 0.878067653125 0.3653061328125 0.847769959375 0.3360668046875 0.8358250093749999
2 0.4120486109375 0.20975993593750003 0.43415262343750005 0.240422121875 0.4749142359375 0.20242368125 0.448794734375 0.1768237875 0.4120486109375 0.20975993593750003
2 0.6464157890625 0.071384003125 0.6223070500000001 0.0464311890625 0.6021086765625 0.07054857656249999 0.6182126968749999 0.088385284375 0.6464157890625 0.071384003125
2 0.1789236703125 0.3093768671875 0.1669794640625 0.338846665625 0.199484171875 0.359587925 0.21474822031250002 0.3235837546875 0.1789236703125 0.3093768671875
2 0.1077516171875 0.290389978125 0.088338153125 0.3259987515625 0.1318530125 0.345292615625 0.14724754375 0.3105043765625 0.1077516171875 0.290389978125
2 0 0.6089125734375 0.0315295546875 0.6276989609375 0.041452576562499996 0.6019449671875 0.0110864515625 0.5894850609375 0 0.6088065234375 0 0.6089125734375