2 0.629335771875 0.4289776515625 0.5984680250000001 0.4278450140625 0.587879759375 0.5651342578125 0.6185981546875 0.5677504546875001 0.629335771875 0.4289776515625
2 0.7237152625000001 0.12657718281250002 0.7222097421875 0.1788073015625 0.7689985328125 0.18675165 0.768681653125 0.136863521875 0.7237152625000001 0.12657718281250002
2 0.72230505 0.014324134375 0.719659790625 0.0579178234375 0.74621398125 0.06283356875 0.7475128296875 0.016086834375 0.72230505 0.014324134375
2 0.7648518046875 0.01729929375 0.7559833578124999 0.06923941875 0.7941781953125 0.0713907125 0.7974488656250001 0.019578701562500002 0.7648518046875 0.01729929375
2 0.8750061359375 0.23907845781249998 0.870541090625 0.2906646390625 0.9043061609375 0.29600473437499997 0.90885410625 0.239669278125 0.8750061359375 0.23907845781249998
2 0.930109875 0.72342954375 0.8951678484375 0.7174750640625 0.8887619390625 0.7806072578125 0.9267404484374999 0.7803794125 0.930109875 0.72342954375
2 0.8255208296875001 1 0.8277712828125001 0.9033583937499999 0.7931295015625001 0.900973759375 0.7887945328125 1 0.8255208296875001 1
2 0.2560977859375 0.47472071875 0.2504824921875 0.5922046734374999 0.2641812359375 0.5900684265625 0.27207946875 0.47796888437499996 0.2560977859375 0.47472071875
2 0.4216732796875 0.41525760468749995 0.409246315625 0.412665328125 0.40588450312499996 0.47911677656249996 0.4163985265625 0.47930029999999996 0.4216732796875 0.41525760468749995
2 0.11274086718750001 0.41817893437500003 0.1006320140625 0.3971831578125 0.0865677953125 0.4883890953125 0.10081874843750001 0.48863784531250004 0.11274086718750001 0.41817893437500003
2 0.2501694953125 0.1337512625 0.21702919999999998 0.12663898906249998 0.204793178125 0.1810602921875 0.25038278125 0.189574425 0.2501694953125 0.1337512625
2 0.018898096875 0.2134459078125 0.0188492890625 0.25026316406250004 0.0562177671875 0.2532907953125 0.0574865421875 0.21471331249999998 0.018898096875 0.2134459078125
2 0.4880780203125 0.1842219640625 0.48865828593750005 0.15097859062500002 0.451809396875 0.15211534843750002 0.45130353437500004 0.1734863375 0.4880780203125 0.1842219640625
2 0.6098671765625 0.115088509375 0.5807804375 0.113985396875 0.575627165625 0.144478228125 0.606870796875 0.15066663593750002 0.6098671765625 0.115088509375
2 0.9597508953125 0.0802192 0.9396446812500001 0.07511752031249999 0.9331055062500001 0.10944612499999999 0.9561919421875 0.11400598437500001 0.9597508953125 0.0802192
2 0.6838161390625 0.8129572609375 0.6873632859375001 0.7459152078125 0.6215105015625 0.7412027 0.6145407921875 0.823921784375 0.6838161390625 0.8129572609375