2 0.8820800234374999 1 0.9130402890625 0.941949746875 0.8440216484375 0.9128045265625 0.7973270328125001 1 0.8820800234374999 1
2 0.9447290015625001 0.85037331875 0.9873742546875001 0.8702815562499999 0.98959151875 0.806787446875 0.9720846562500001 0.7978585265625 0.9447290015625001 0.85037331875
2 0.6125397359375 0.7258917484375 0.6012555671875 0.726091809375 0.6096387156249999 0.8089661125 0.6235404359375 0.8049957328125 0.6125397359375 0.7258917484375
2 0.5381121296875 0.76666285 0.49226747031249996 0.8387317968750001 0.5072471234375 0.847276971875 0.5514766265625 0.7748530046875 0.5381121296875 0.76666285
2 0.25231543749999996 0.5374537484374999 0.22294759687500001 0.562569125 0.28727084999999997 0.6242280984375 0.31580413749999997 0.5946261749999999 0.25231543749999996 0.5374537484374999
2 0.15276751875 0.95758238125 0.1812367953125 0.9752116859375001 0.21337631406250002 0.9216757250000001 0.1789379578125 0.905026203125 0.15276751875 0.95758238125
2 0.068324921875 0.2993234484375 0.033128965625 0.28740036406249997 0.012575284375 0.34906592812500004 0.0454810484375 0.3579369140625 0.068324921875 0.2993234484375
2 0.0030286609375 0.4402257875 0.0016403140624999999 0.47998280312499997 0.022572618750000002 0.5041811968750001 0.040911765625 0.4724425140625 0.0030286609375 0.4402257875
2 0.4466307515625 0.3778864890625 0.42338361718749995 0.34677497343749997 0.383765740625 0.393516115625 0.40463466718749996 0.421275403125 0.4466307515625 0.3778864890625
2 0.5092322703125001 0.2339210515625 0.48248099375000003 0.218134078125 0.4563595359375 0.2522745 0.4845934640625 0.27256908750000003 0.5092322703125001 0.2339210515625
2 0.49827498437499995 0.1058027890625 0.46578659531250005 0.11833440625 0.47826011875 0.1520386953125 0.5168762390625 0.138237346875 0.49827498437499995 0.1058027890625
2 0.3494304125 0.2889400625 0.2954836078125 0.2870562 0.29321333437499997 0.335099984375 0.340881371875 0.335280871875 0.3494304125 0.2889400625
2 0.15661526875 0.167543209375 0.13017136406250002 0.193948915625 0.1623115171875 0.22537098281249998 0.1948296703125 0.19501860937499998 0.15661526875 0.167543209375
2 0.4164377484375 0.5116970953125 0.469882221875 0.5789157281249999 0.49793895624999995 0.5573192375 0.44654090625 0.4824486125 0.4164377484375 0.5116970953125
2 0.4241004046875 0.42819333750000005 0.368819828125 0.48151686875 0.4119970515625 0.5198595890625 0.458321228125 0.464145465625 0.4241004046875 0.42819333750000005
2 0.8823080937500001 0.3942889015625 0.9121490250000001 0.40662066093749993 0.927005475 0.37208685468749997 0.9007519890625 0.360177428125 0.8823080937500001 0.3942889015625
2 0.917398496875 0.46027404687500006 0.8870677296875 0.4449561875 0.8675724656250001 0.4763574421875 0.9001270484375 0.4959117421875 0.917398496875 0.46027404687500006
2 0.14751907656250002 0.5130002640625 0.17545304374999998 0.4949641578125 0.14366359687500002 0.45345443437500005 0.111761040625 0.4734313453125 0.14751907656250002 0.5130002640625
2 0.354323578125 0.01284733125 0.338089771875 0.0188156640625 0.3671134625 0.0715184953125 0.37973105 0.0639370359375 0.354323578125 0.01284733125