2 1 0.7683120921875 0.94121714375 0.8067342578125001 0.9762668281250001 0.8729500874999999 1 0.857494803125 1 0.7683120921875
2 0.9113499890625001 0.9532474843750001 0.8878007296874999 0.9124996265625 0.8378699734374999 0.9443281499999999 0.848290740625 0.9609901875 0.9113499890625001 0.9532474843750001
2 0.7340564656249999 0.581165059375 0.7348406484375001 0.592423725 0.8146023890625 0.596488196875 0.8173460468749999 0.5822933359375 0.7340564656249999 0.581165059375
2 0.8367688859375001 0.4627744734375 0.7689698093749999 0.514725903125 0.7782935890625 0.5273257250000001 0.8465871078125 0.47695236249999995 0.8367688859375001 0.4627744734375
2 0.5381843234375 0.21854860625 0.5157240937500001 0.24999364218750003 0.5782123671875 0.30825784375 0.60521480625 0.27725315625 0.5381843234375 0.21854860625
2 0.9456213171875 0.1410323578125 0.9255778390625 0.114207909375 0.8755025546875 0.1448593359375 0.8950902218750001 0.17771554218750002 0.9456213171875 0.1410323578125
2 0.247518878125 0.0534348296875 0.2624641203125 0.0874576890625 0.3188635703125 0.0595922453125 0.3071584140625 0.0275848546875 0.247518878125 0.0534348296875
2 0.4366240671875 0.0052813375 0.397139340625 0.010129453125 0.43253520312499993 0.045060528125 0.4625547484375 0.0240249578125 0.4366240671875 0.0052813375
2 0.34068048281249996 0.43702960625 0.37369973125 0.45747673125 0.4132633375 0.41185886250000003 0.3837908359375 0.393488728125 0.34068048281249996 0.43702960625
2 0.21767978124999998 0.5071138937499999 0.23573820781250002 0.532387446875 0.2720917625 0.504474 0.24941365312500002 0.4781163015625 0.21767978124999998 0.5071138937499999
2 0.11680486406249999 0.4991811359375 0.1071524828125 0.5326380984375 0.1410848234375 0.5483417140625 0.15146803749999999 0.508669671875 0.11680486406249999 0.4991811359375
2 0.27004173593749997 0.3148211296875 0.27662020468750004 0.3683984609375 0.32203957656250004 0.355843084375 0.3177048328125 0.308372203125 0.27004173593749997 0.3148211296875
2 0.16288084375 0.1582527828125 0.13888035625 0.18689747031249998 0.169581809375 0.222571815625 0.1969845390625 0.18753201875 0.16288084375 0.1582527828125
2 0.5759904921875 0.4631188703125 0.5043696546875001 0.41573625937500003 0.47785613437499996 0.44827403906249996 0.5569214890625 0.49295109843749996 0.5759904921875 0.4631188703125
2 0.470154096875 0.37092991875000003 0.4218514984375 0.4306475890625 0.4606493578125 0.46160475781250004 0.5121140546875 0.4106010515625 0.470154096875 0.37092991875000003
2 0.44289715 0.9187192187500001 0.428011509375 0.890066625 0.3956373328125 0.911413346875 0.4097895828125 0.9365289546875 0.44289715 0.9187192187500001
2 0.47890082187500005 0.8903922046874999 0.49680389218750004 0.9192725140625001 0.53080066875 0.8989607609375 0.5084834593750001 0.8682343265625001 0.47890082187500005 0.8903922046874999
2 0.46669718906249996 0.1771269453125 0.48223005625 0.14772732500000002 0.4396951921875 0.1155540171875 0.422574790625 0.1490762765625 0.46669718906249996 0.1771269453125
2 0.006535310937499999 0.3806438671875 0.0020045578125 0.3973360734375 0.0551142578125 0.41819410156250003 0.06156717187500001 0.4049637609375 0.006535310937499999 0.3806438671875