2 0.2326732078125 0.31072729374999997 0.25916371250000003 0.263396825 0.21268794375 0.2374367984375 0.18344446406249998 0.280144296875 0.2326732078125 0.31072729374999997
2 0.0004811375 0.48089614531249997 0.0346510015625 0.49928385000000003 0.07219481875 0.43870689531249996 0.02777378125 0.4114780015625 0.0004811375 0.48089614531249997
2 0.0432951625 0.0078956484375 0.017895465625000002 0.083697353125 0.06381428125000001 0.0947601453125 0.08243344062499999 0.0217443875 0.0432951625 0.0078956484375
2 0.597060715625 0.36547306874999996 0.6113949390625 0.33615280937500003 0.557002690625 0.3159427578125 0.541562090625 0.3498314578125 0.597060715625 0.36547306874999996
2 0.9970218015625001 0.39646000312499996 0.9581434312500001 0.3668824578125 0.9201627890624999 0.43636526875000003 0.9746751031249999 0.4634539609375 0.9970218015625001 0.39646000312499996
2 0.8176439437499999 0.074482165625 0.7924602546874999 0.06068520468750001 0.766563384375 0.1080037484375 0.7923184984375 0.12060617968750001 0.8176439437499999 0.074482165625
2 0.7727416734375 0.0877256484375 0.749361196875 0.07508176718750001 0.724641309375 0.12178749062500001 0.7453390828125 0.1338343484375 0.7727416734375 0.0877256484375
2 0.7176132046875 0 0.7137487484375 0.008069646875 0.7455853968749999 0.0288718765625 0.762442746875 0 0.7176132046875 0
2 0.5794826546875 0.24297525156250002 0.57081585 0.2567707984375 0.6799317578124999 0.28215626718750003 0.6843964031249999 0.2656774 0.5794826546875 0.24297525156250002
2 0.745777378125 0.38008139218750003 0.7085978203125001 0.3593739859375 0.689607471875 0.39411382968750003 0.7342314703125 0.4160493109375 0.745777378125 0.38008139218750003
2 0.9791003234375 0.5468691234375 0.9030068218749999 0.5422651859375 0.893078228125 0.5857466484375 0.9739919265625 0.5944202062499999 0.9791003234375 0.5468691234375
2 0.8820610875 0.5669548125 0.8482328546875 0.5681391265625 0.844614 0.5990523046875 0.8844202515624999 0.6001374421875 0.8820610875 0.5669548125
2 0.7700549296875 0.4781398125 0.764408209375 0.49485028125 0.8175544796875001 0.5117206328125 0.8291455703124999 0.49535178437500005 0.7700549296875 0.4781398125
2 0.8374865078125 0.632992803125 0.7739131765625 0.631136403125 0.7737853609374999 0.6578348875 0.8326197765625001 0.660367846875 0.8374865078125 0.632992803125
2 0.765397696875 0.7896857296875 0.7857099390625 0.762634925 0.7311796515625 0.7345167015625 0.715476465625 0.770461859375 0.765397696875 0.7896857296875
2 0.759347621875 0.6812248000000001 0.7410027171875 0.718921015625 0.8145093843750001 0.7455203234375001 0.8355894312500001 0.7114253578125 0.759347621875 0.6812248000000001
2 0.20687275 0.431611609375 0.143375425 0.400088428125 0.13827063125 0.41382492343750005 0.1984797875 0.44408498593749995 0.20687275 0.431611609375
2 0.068214828125 0.55090438125 0.0822644015625 0.5393871156250001 0.0133129078125 0.501584728125 0.0046435125 0.5152318578124999 0.068214828125 0.55090438125
2 0.001298946875 0.5277483843749999 0.000625875 0.54021984375 0.04203585 0.5651399968749999 0.048643225 0.5524336859375001 0.001298946875 0.5277483843749999
2 0.1593470234375 0.9408686093749999 0.17983883750000002 0.8900844937500001 0.147126528125 0.8702367546875 0.12407109375 0.9272462484374999 0.1593470234375 0.9408686093749999
2 0.0075308671875 0.9358064593750001 0.030583453125 0.946676103125 0.044605985937499995 0.9165095953125 0.0066923328125 0.8877669031250001 0.0075308671875 0.9358064593750001
2 0.40337412500000003 0.83634851875 0.4310415859375 0.7884036640625001 0.3930556640625 0.77253138125 0.3650677515625 0.8192175734375 0.40337412500000003 0.83634851875
2 0.6858951249999999 0.9298977203125001 0.6482668453125 0.9175041 0.6292335125 0.9498708953125 0.667550221875 0.9675939375 0.6858951249999999 0.9298977203125001
2 0.48068915624999997 0.5027702546875 0.45479946718750003 0.48245806093750004 0.4334034203125 0.5154599375 0.46158493125 0.5309860921875 0.48068915624999997 0.5027702546875