2 0.968105340625 0.7246279296875 0.943114825 0.714198678125 0.9212196875 0.7597289609375 0.960379896875 0.768441103125 0.968105340625 0.7246279296875
2 0.0474392015625 0.213542965625 0.0376754296875 0.249768159375 0.09532179375 0.2839142890625 0.11379698593750001 0.2475306609375 0.0474392015625 0.213542965625
2 0.1896205421875 0.53556060625 0.21865414218749998 0.5521241875 0.239382875 0.51662818125 0.20900209687500002 0.5008662796875 0.1896205421875 0.53556060625
2 0.2351347109375 0.4586582390625 0.2622081859375 0.47608042968750003 0.2812555390625 0.4535392671875 0.24374984843749997 0.43202461718749996 0.2351347109375 0.4586582390625
2 0.1959019125 0.6059345546875 0.21260702031249998 0.5727420359375001 0.182299590625 0.5565551656250001 0.1594727625 0.58686270625 0.1959019125 0.6059345546875
2 0.6296484140625 0.8336000953125 0.6161026406250001 0.8522944062500001 0.6757273421875001 0.89026561875 0.6908118484375 0.8696832609375 0.6296484140625 0.8336000953125
2 1 0.15619105312499998 0.9715631640625 0.169892890625 0.9772786015625 0.1853578125 1 0.174671240625 1 0.15619105312499998
2 0.8944483390625001 0.15930842812499998 0.9144811484375 0.2098216859375 0.956910678125 0.198282946875 0.9304561796874999 0.1499962125 0.8944483390625001 0.15930842812499998
2 0.98448280625 0.631746709375 0.9576262671875 0.6148038453125 0.9491099921874999 0.635747884375 0.9821138656249999 0.6451816421875 0.98448280625 0.631746709375
2 0.976086475 0.67423576875 0.9797446531249999 0.6586181125 0.9468028890625 0.6454128421875 0.9383183359375 0.6627577109375 0.976086475 0.67423576875
2 0.9728434953124999 0.6977565265625 0.972581153125 0.6838576296875 0.9370112609374999 0.6752994015625 0.9301415593750001 0.692034165625 0.9728434953124999 0.6977565265625
2 0.6767939890625 0.579901334375 0.688702415625 0.6115151203125 0.7373665828125 0.595400434375 0.7303469781249999 0.5548577453125 0.6767939890625 0.579901334375
2 0.8622548625 0.1572461328125 0.9199341015625 0.158380828125 0.9204593984375 0.1177897515625 0.8630363609374999 0.12545987187500002 0.8622548625 0.1572461328125
2 0.46467709375000005 0.44251319999999994 0.491405125 0.4550559640625 0.508455678125 0.426742871875 0.4845170890625 0.41034784062499996 0.46467709375000005 0.44251319999999994
2 0.3359464125 0.35536665 0.2926713859375 0.44350510468750004 0.392945275 0.4937114796875 0.43869845781250005 0.412034328125 0.3359464125 0.35536665
2 0.33128321875 0.6280003765625 0.3593077234375 0.605836309375 0.3332975484375 0.5789645718750001 0.30733654375 0.5996837625 0.33128321875 0.6280003765625
2 0.9677899703125 0.5366470015625 0.99330908125 0.5321109984375 0.9991152953125001 0.497472690625 0.9690500406250001 0.49530809218750005 0.9677899703125 0.5366470015625