2 0.5657832984375 0.62021183125 0.49149705312499997 0.6218383656250001 0.49926915312500003 0.6563787859375 0.572618971875 0.6583842343749999 0.5657832984375 0.62021183125
2 0.5850586609375 0.521345165625 0.5175904609375 0.518333234375 0.5196049796875 0.5556539328125 0.5850479796875 0.5552394140625 0.5850586609375 0.521345165625
2 0.5822665796875001 0.5494881734375 0.581789796875 0.5894844859374999 0.6737342625 0.597797265625 0.6713343125 0.5634763859375 0.5822665796875001 0.5494881734375
2 0.9245512359375001 0.37987029843750003 0.9259226578125 0.4165060625 0.9800799546875 0.4164217859375 0.9806829406249999 0.3824861203125 0.9245512359375001 0.37987029843750003
2 0.9097496968750001 0.2958747546875 0.9209784921875 0.3330335515625 0.9562412953124999 0.322353978125 0.9435240046875 0.2851880578125 0.9097496968750001 0.2958747546875
2 0.602156928125 0.24662230156249998 0.5952832765625 0.3228155109375 0.6319033093749999 0.323033434375 0.6489773359375001 0.2522684671875 0.602156928125 0.24662230156249998
2 0.336044015625 0.26285306406250003 0.34210988750000004 0.3155520515625 0.38512867968750003 0.3093689625 0.3777681171875 0.2551785296875 0.336044015625 0.26285306406250003
2 0.22696168125 0.5499538125 0.23813764218750003 0.577845284375 0.2990197296875 0.5675106890625 0.2914530515625 0.5359303375 0.22696168125 0.5499538125
2 0.360290609375 0.584037846875 0.367773175 0.6187159890625 0.4017396234375 0.61503295 0.396171284375 0.577960759375 0.360290609375 0.584037846875
2 0.18541033125 0.7728703015625 0.1953844359375 0.8091096953125 0.30541510625 0.7781558171875 0.2896534625 0.740012378125 0.18541033125 0.7728703015625
2 0.0667765375 0.8638188859374999 0.027327374999999998 0.87846890625 0.0291853078125 0.934829721875 0.08674093125 0.9195056390625 0.0667765375 0.8638188859374999
2 0.1420515140625 0.527349909375 0.1506528734375 0.5652375140625 0.2070286703125 0.5543205312499999 0.19333520312500002 0.5201957390625 0.1420515140625 0.527349909375
2 0.0464339671875 0.58993010625 0.051191034375 0.6239123 0.1071822734375 0.6160076046875 0.099921415625 0.5802441671875 0.0464339671875 0.58993010625
2 0.2161440234375 0.650606725 0.22965352968750002 0.6863341921874999 0.26263573125 0.6770875078125 0.2494501703125 0.6417368 0.2161440234375 0.650606725
2 0.0826282765625 0.6819450890625001 0.0924180703125 0.71554873125 0.14311518437499998 0.7127962 0.13622676250000001 0.6823588171875 0.0826282765625 0.6819450890625001
2 0.5137873484375 0.3532933734375 0.5111851578125 0.36715083593750003 0.5890138953124999 0.3736031203125 0.5877724484375 0.35584959843749997 0.5137873484375 0.3532933734375
2 0.8085583125 0.7298907484375 0.8212748953125001 0.7840700390625 0.8570076984374999 0.7758558734375 0.84143916875 0.7234282296875 0.8085583125 0.7298907484375
2 0.6127287453125 0.78936945625 0.61707665 0.825989740625 0.6552414468750001 0.818507709375 0.649494546875 0.7873937390625 0.6127287453125 0.78936945625
2 0.5607027484375 0.94760906875 0.5599919109375 0.99702590625 0.5872378796875 0.9951206812500001 0.5966134015625 0.95045005 0.5607027484375 0.94760906875
2 0.33928438125 0.7347578125 0.348816465625 0.768954315625 0.3755827828125 0.7601673484375 0.3654399078125 0.72579270625 0.33928438125 0.7347578125
2 0.14272146875 0.1538793578125 0.14849576250000002 0.1641280921875 0.17608434687500002 0.16284423125 0.17204694375000001 0.1476654546875 0.14272146875 0.1538793578125
2 0.22247327656250002 0.11976116875000001 0.14652115625 0.1316116234375 0.145820021875 0.1471201875 0.22955481562500002 0.1359143453125 0.22247327656250002 0.11976116875000001
2 0.6417998468749999 0 0.6402423171875 0.02095495 0.679286353125 0.021813153125 0.67610819375 0 0.6417998468749999 0
2 0.8224758375000001 0.4863093734375 0.7502147921875 0.4913623578125 0.751290675 0.506748225 0.8238958453125 0.4981046765625 0.8224758375000001 0.4863093734375
2 0.96931208125 0.45820438281250003 0.9725397375 0.47031498281250006 0.9979064796875001 0.47047556718749994 0.9968305953125001 0.4550897 0.96931208125 0.45820438281250003
2 0.92388390625 0.4810022640625 0.8739802593749999 0.499357765625 0.890803928125 0.5356429078125 0.9396885312500001 0.5197378953125 0.92388390625 0.4810022640625
2 1 0.5926984656250001 0.978182215625 0.6020767234375 0.9827705046874999 0.6166217796875 1 0.61002381875 1 0.5926984656250001
2 1 0.6264463453125 0.9880752421875 0.6329007703125 0.9911069109374999 0.64646451875 1 0.6426589328125 1 0.6264463453125
2 0.7772652625 0.9122491078125 0.778659859375 0.927936915625 0.857420128125 0.9179419671875 0.8509324515625 0.9017472640624999 0.7772652625 0.9122491078125
2 0.818819928125 0.8766386562499999 0.8172949703124999 0.8931336515625 0.8537398453125 0.89084675 0.8480083687500001 0.876976834375 0.818819928125 0.8766386562499999
2 0.402219778125 0.44315263906249996 0.35512519375 0.4506090796875 0.36684106875 0.5330363593749999 0.41177497812499997 0.5287054421875 0.402219778125 0.44315263906249996