2 0.344972940625 0.9182491078125 0.3806251421875 0.92870284375 0.3918652890625 0.8958266546875 0.354828565625 0.885621625 0.344972940625 0.9182491078125
2 0.19181275 0.7417964031250001 0.2239151796875 0.7592555234375 0.24101772968750002 0.728364825 0.21024175 0.708872634375 0.19181275 0.7417964031250001
2 0.27642026875000003 0.6493960000000001 0.24728988749999997 0.6314465546875 0.22589126718750002 0.6856546515625 0.25556491875 0.7027319000000001 0.27642026875000003 0.6493960000000001
2 0 0.7766192390625 0.0065430609375 0.7801820937499999 0.027414223437500003 0.7342731453125 0.007469884374999999 0.7196150421875 0 0.74199615625 0 0.7766192390625
2 0.043893332812500005 0.3133230765625 0.0208934890625 0.3012317765625 0.0050788375 0.3458335859375 0.024874859375 0.3572173296875 0.043893332812500005 0.3133230765625
2 0.2652374421875 0.092020875 0.2809081484375 0.0619729078125 0.2458158546875 0.0470813203125 0.23578465781250002 0.0794087421875 0.2652374421875 0.092020875
2 0.27822358281250004 0.17891920781249998 0.31065024375 0.19609259375000002 0.3209847265625 0.1720933296875 0.2906761890625 0.1561836984375 0.27822358281250004 0.17891920781249998
2 0.494164653125 0.16328967187500001 0.52738753125 0.176332078125 0.5442182328125 0.11928939999999999 0.51184104375 0.1116235328125 0.494164653125 0.16328967187500001
2 0.68031560625 0.134141928125 0.6408641015625001 0.1731638609375 0.66464396875 0.20607787968750002 0.7123956453125 0.16437523437499998 0.68031560625 0.134141928125
2 0.8642276234375 0.04164464375 0.889570996875 0.07075153281249999 0.9365519453125 0.017138171875 0.8956819078124999 0.0147603796875 0.8642276234375 0.04164464375
2 0.6721235703125 0.4707204390625 0.7044523234375 0.49383152499999994 0.7196104984375 0.467625825 0.6888345171875 0.448133634375 0.6721235703125 0.4707204390625
2 0.634435965625 0.5558476437500001 0.666981025 0.5810472375 0.6905723109374999 0.534340546875 0.658650996875 0.5136201375 0.634435965625 0.5558476437500001
2 0.60162635 0.7053108406249999 0.6333313546875 0.7117650109375 0.6388081296875 0.6739331015625 0.605839115625 0.6662465671875 0.60162635 0.7053108406249999
2 0.5351334640625 0.7742822874999999 0.5756935859375 0.7816397984375001 0.584332296875 0.7552064328125 0.5449665859375 0.7437318484375 0.5351334640625 0.7742822874999999
2 0.4614966421875 0.84389543125 0.50257955625 0.8527580406249999 0.50576728125 0.812468184375 0.474044084375 0.8030428203125 0.4614966421875 0.84389543125
2 0.39565271874999997 0.3624432859375 0.407690478125 0.3456328453125 0.37447278281249996 0.323084828125 0.36368996249999996 0.342909653125 0.39565271874999997 0.3624432859375
2 0.4592601546875 0.682515946875 0.4713507015625 0.6891763328125 0.49269414375 0.659919009375 0.475812321875 0.6504178046875 0.4592601546875 0.682515946875