2 0.910688690625 0.9504046781250001 0.869250815625 0.9408191546875001 0.8582333390624999 0.9753183234374999 0.9009060953124999 0.9805417484375001 0.910688690625 0.9504046781250001
2 0.9162078171875001 0.832874403125 0.8887224578125 0.8203374374999999 0.87788596875 0.8527679453125 0.9021340765625 0.86442566875 0.9162078171875001 0.832874403125
2 0.9240214828125 0.661903246875 0.9116450953124999 0.6876428328124999 0.9331188640624999 0.701143896875 0.9484768046875001 0.6682165062500001 0.9240214828125 0.661903246875
2 0.4279768796875 0.58751203125 0.45551243125 0.59945736875 0.4700780578125 0.5640765859375 0.438608015625 0.5544706765625 0.4279768796875 0.58751203125
2 0.5152092796875001 0.9175911984375 0.4869046 0.900811996875 0.46707380781249996 0.9250038109375 0.5006269828125001 0.9413481703125001 0.5152092796875001 0.9175911984375
2 0.622458775 0.4471782328125 0.6115982546875001 0.47602896250000004 0.64188270625 0.49059886875 0.6548266359375 0.45835430625000007 0.622458775 0.4471782328125
2 0.00891838125 0.3905203140625 0.052607417187500005 0.3997067703125 0.0643309125 0.3640757671875 0.01835848125 0.355585134375 0.00891838125 0.3905203140625
2 0 0.77687203125 0.010211089062500001 0.782218825 0.029217387500000004 0.7487165953125 0.014475182812500001 0.740274603125 0 0.7683599890624999 0 0.77687203125
2 0.038030215625 0.7500836359374999 0.0168354546875 0.7881625421875 0.0314015796875 0.7918225546875 0.0486298421875 0.7578651921875 0.038030215625 0.7500836359374999
2 0.058142915625 0.7583994671875 0.0433965765625 0.79763855625 0.059890998437499995 0.79967765 0.0731306890625 0.7635864140625 0.058142915625 0.7583994671875
2 0.7154006953125001 0.39213168593750003 0.69862683125 0.3864920375 0.6835844875 0.42004305625000005 0.7021980218749999 0.42733370156249995 0.7154006953125001 0.39213168593750003
2 0.732259934375 0.342349128125 0.7048264609375 0.329219115625 0.692872871875 0.354697684375 0.7188590640625 0.3662094609375 0.732259934375 0.342349128125