2 0.49560488593749996 0.089677728125 0.5140581859375 0.055475134375 0.439592090625 0.0211348359375 0.422881971875 0.0589516765625 0.49560488593749996 0.089677728125
2 0.4044232734375 0.097469965625 0.41463720937500004 0.06831202812500001 0.35884279218750004 0.0442492921875 0.3446578421875 0.0797164515625 0.4044232734375 0.097469965625
2 0.5898506593749999 0.013033179687499999 0.569334853125 0.0041560953125 0.5338609937500001 0.0010525343750000002 0.51186580625 0.0437396578125 0.5659991843750001 0.06605010781250001 0.5898506593749999 0.013033179687499999
2 0.6412682828125 0.07282353750000001 0.660620721875 0.0376450390625 0.6179445859375 0.0195317859375 0.6035219 0.055828034375 0.6412682828125 0.07282353750000001
2 0.6850438249999999 0.098950253125 0.6973001562500001 0.064823740625 0.6578047484375 0.048542562500000004 0.643952715625 0.0828486984375 0.6850438249999999 0.098950253125
2 0.5659863296875 0.320284225 0.579544990625 0.290232340625 0.506237528125 0.2540055109375 0.488531365625 0.2931362015625 0.5659863296875 0.320284225
2 0.7694840140625 0.403317353125 0.7963570484375 0.3419114265625 0.757207815625 0.3222688921875 0.7274980953125 0.3838740765625 0.7694840140625 0.403317353125
2 0.95294136875 0.5713181171875 0.969612634375 0.5217948953125 0.8994844359374999 0.4981700703125 0.8832326015625 0.545159171875 0.95294136875 0.5713181171875
2 0.28569918125 0.3090248203125 0.304480871875 0.2736826625 0.2481320703125 0.24939918906249997 0.2325421375 0.287612009375 0.28569918125 0.3090248203125
2 0.2778291125 0.1339857578125 0.29277878749999997 0.0969287328125 0.2526431953125 0.0785719421875 0.23323180468750002 0.115027409375 0.2778291125 0.1339857578125
2 0.3387708140625 0.2187223703125 0.3533012296875 0.198206171875 0.3110478734375 0.1850808 0.30086076875 0.20229761562499998 0.3387708140625 0.2187223703125
2 0.4513552984375 0.27630585937499996 0.48435075312500003 0.20431333281250003 0.433863290625 0.1832840265625 0.3977896640625 0.25415820624999996 0.4513552984375 0.27630585937499996
2 0.169097684375 0.51748550625 0.18461528124999999 0.48491019843750005 0.09754444375 0.4514402171875 0.081698953125 0.4819335546875 0.169097684375 0.51748550625
2 0.296017421875 0.5983096953125 0.3264851265625 0.5286758609375 0.2753701609375 0.509834925 0.2420462015625 0.5754280656249999 0.296017421875 0.5983096953125
2 0.36087674375 0.9149568453124999 0.37198875 0.884821071875 0.3468303578125 0.8680850281250001 0.3285105296875 0.9007394375000001 0.36087674375 0.9149568453124999
2 0.728179878125 0.9264833265625001 0.699161215625 0.9070539109375 0.6821841453124999 0.9274862234375 0.7145442734375 0.9503412484375 0.728179878125 0.9264833265625001
2 0.7654613640625 0.7921591296875 0.76988954375 0.759489121875 0.7072852125 0.735474621875 0.696243146875 0.7642894421875 0.7654613640625 0.7921591296875
2 0.9261111453125 0.8049026218750001 0.940159925 0.7731414937500001 0.8895411062499999 0.7525702859375001 0.8772766671875001 0.7834939296875 0.9261111453125 0.8049026218750001
2 0.2018016203125 0.9333472109375001 0.34677190156250004 0.9749167703125 0.3679635078125 0.9268620343749999 0.2306169390625 0.8727014109375 0.2018016203125 0.9333472109375001
2 0 0.5886019140625 0.0172732078125 0.5967481343750001 0.0345860796875 0.562220153125 0 0.5465261734375 0 0.5886019140625
2 0.8947508624999999 0.16463700312500001 0.903160178125 0.1503889140625 0.8296255203125 0.12464785 0.8228392984375 0.139697825 0.8947508624999999 0.16463700312500001