2 0.683001684375 0.6811019703125 0.6514532546875 0.662873909375 0.6265587906250001 0.735457384375 0.6652759890625 0.7411670640625 0.683001684375 0.6811019703125
2 0.866973340625 0.7338001953125 0.8221464656249999 0.715408925 0.8026022421875 0.763325703125 0.85522229375 0.7786953390625 0.866973340625 0.7338001953125
2 0.9176808265625 0.7624074859375 0.9022046140625 0.8077882578125 0.9451105578125001 0.8239915484375 0.9540609906249999 0.7779455640624999 0.9176808265625 0.7624074859375
2 0.9416605 0.1628057125 0.9070592218750001 0.2038640859375 0.9180721078125 0.21568258281250002 0.9554770703125 0.1757756453125 0.9416605 0.1628057125
2 0.9764177015625 0.1925482140625 0.965648075 0.18259 0.9287514234375 0.22169163281249998 0.938674096875 0.2342055078125 0.9764177015625 0.1925482140625
2 1 0.08910201875 0.9704165796875 0.083351584375 0.9471299656250001 0.1191090046875 0.9705822953125001 0.147862196875 1 0.11276727187499999 1 0.08910201875
2 0.916779859375 0.0729256625 0.8985287921875 0.0921208640625 0.9277616390625001 0.112926321875 0.951808609375 0.0797345625 0.916779859375 0.0729256625
2 0.0878318078125 0 0.0740355296875 0.0709757 0.15854964375 0.07046582343749999 0.16247825 0 0.0878318078125 0
2 0.09393895937499999 0.2472305 0.058778954687499996 0.228903690625 0.0461453359375 0.2860285640625 0.0854908296875 0.300027615625 0.09393895937499999 0.2472305
2 0.156689171875 0.092484115625 0.1224544671875 0.0942992375 0.11935445468749999 0.1287787125 0.155739159375 0.1316171421875 0.156689171875 0.092484115625
2 0.1799434453125 0.08490702812499999 0.175624521875 0.12580465624999998 0.2182814078125 0.13046554531250001 0.216575959375 0.0956584359375 0.1799434453125 0.08490702812499999
2 0.19153204375 0.7349727125000001 0.17972303750000002 0.7272335062499999 0.1728936484375 0.7588710437499999 0.1872578375 0.7631769078125 0.19153204375 0.7349727125000001
2 0.21746952187500002 0.7073518421875 0.20265246406249998 0.702657109375 0.194070434375 0.766616571875 0.20325878749999998 0.771124490625 0.21746952187500002 0.7073518421875
2 0.225548946875 0.6938007484375001 0.2114543828125 0.7787661828125 0.22146266718750002 0.77708241875 0.23839243125 0.699321584375 0.225548946875 0.6938007484375001
2 0.2589112984375 0.7027051859375 0.2434129484375 0.7015072 0.230279609375 0.7763768062499999 0.2430339234375 0.7812754453124999 0.2589112984375 0.7027051859375
2 0.26373798593750003 0.7121114796875 0.2510655640625 0.7804171875 0.26703346250000004 0.7823113046875 0.2773566078125 0.71052463125 0.26373798593750003 0.7121114796875
2 0.1063190734375 0.8932159984375 0.13287944062499998 0.9153149765625 0.16362442500000002 0.8859067078124999 0.1348965765625 0.858245078125 0.1063190734375 0.8932159984375