2 0.0930439234375 0.540745865625 0.1191980078125 0.545121684375 0.12212090312499999 0.47087358124999995 0.100566478125 0.46541170625 0.0930439234375 0.540745865625
2 0.32992194375 0.548059603125 0.39172298906249997 0.5540625109375 0.393396540625 0.507719521875 0.3319391109375 0.50234269375 0.32992194375 0.548059603125
2 0.3443707125 0.4849537578125 0.3604459859375 0.48278405468749996 0.3637827359375 0.40380558437499997 0.3491869796875 0.40729676562500006 0.3443707125 0.4849537578125
2 0.3661812734375 0.48060374531249994 0.38123141875 0.48341050937499996 0.3871618234375 0.4088310796875 0.37351824218749996 0.40823343906250004 0.3661812734375 0.48060374531249994
2 0.415216740625 0.3793970328125 0.4407435875 0.38848611875 0.45003987968750003 0.3571128984375 0.42191128281249995 0.3451156765625 0.415216740625 0.3793970328125
2 0.5546061140625 0.3987458078125 0.58762435625 0.4043166125 0.5963094812499999 0.3186522796875 0.5614457796875 0.3156021 0.5546061140625 0.3987458078125
2 0.577452209375 0.3164064640625 0.6424624890625 0.3232861609375 0.64365550625 0.24710023125 0.5857749578125 0.23488412187500002 0.577452209375 0.3164064640625
2 0.676073315625 0.1840764296875 0.7277847359375 0.1906850859375 0.729503815625 0.109777034375 0.6827177015625 0.106875815625 0.676073315625 0.1840764296875
2 0.60339795625 0.07579750625000001 0.6429062921875001 0.0855122265625 0.6493143375 0.0258750390625 0.6109063625 0.022514775 0.60339795625 0.07579750625000001
2 0.4114414359375 0.1993673015625 0.4462714265625 0.197944396875 0.451687140625 0.14090090156249999 0.4143569578125 0.1388285359375 0.4114414359375 0.1993673015625
2 0.77132163125 0.299692821875 0.8433821859374999 0.3122554921875 0.8437558 0.2467261953125 0.77387159375 0.242400175 0.77132163125 0.299692821875
2 0.84348169375 0.2505763328125 0.8623543265625001 0.2519294640625 0.867693378125 0.17729673125 0.8530767875 0.174231459375 0.84348169375 0.2505763328125
2 0.87175981875 0.253944375 0.8847072359375 0.2550771265625 0.8894029109374999 0.180985690625 0.8758110796875 0.17979656093750002 0.87175981875 0.253944375
2 0.8949551828125 0.2541856515625 0.9089867515625001 0.2566052921875 0.9111851671875 0.1906380578125 0.897437953125 0.1912249546875 0.8949551828125 0.2541856515625
2 0.8919096734374999 0.45179719062499996 0.8946624203125 0.410616340625 0.8484132234375 0.404482428125 0.8443544328125 0.4440621046875 0.8919096734374999 0.45179719062499996
2 0.8751459593750001 0.8884069437500001 0.8749250875 0.8505404750000001 0.8397156000000001 0.84418194375 0.8412049406250001 0.8884175781250001 0.8751459593750001 0.8884069437500001
2 0.8982354375 1 0.8984354031249999 0.9965372828125 0.85882219375 0.9865153781249999 0.8583308390625 1 0.8982354375 1
2 1 0.324781709375 0.998707321875 0.2996198859375 0.946476709375 0.2908781734375 0.9477885484374999 0.3303301359375 1 0.33401365156249996 1 0.324781709375
2 0.408509178125 0.323382090625 0.4202003328125 0.330663121875 0.441105434375 0.3026896125 0.4289330734375 0.29208838125000003 0.408509178125 0.323382090625