2 0 0.829055778125 0.061563015624999995 0.81987204375 0.0579067703125 0.77627719375 0 0.792740053125 0 0.829055778125
2 0.1991402171875 0.7378974328125001 0.1419870671875 0.747388025 0.1528128953125 0.7901694859374999 0.208333878125 0.773458578125 0.1991402171875 0.7378974328125001
2 0.1691277625 0.852859253125 0.20906467968750003 0.8388990078124999 0.1934077796875 0.8089447875 0.1573998140625 0.8159761640625 0.1691277625 0.852859253125
2 0.064303053125 0.421358359375 0.0944483203125 0.41907353281250004 0.0944372734375 0.3625892953125 0.0569022984375 0.3647825609375 0.064303053125 0.421358359375
2 0.3164636375 0.092992909375 0.35000155624999996 0.08583208437499999 0.3446694859375 0.042149409375 0.307756878125 0.043782290625 0.3164636375 0.092992909375
2 0.3831914515625 0.064383465625 0.41616063593749997 0.060760225 0.4107296625 0.0283690984375 0.3748786296875 0.032435871875 0.3831914515625 0.064383465625
2 0.37535153125 0.25007294999999996 0.41248455 0.236263040625 0.39367239375 0.1838457140625 0.36184129375 0.190502990625 0.37535153125 0.25007294999999996
2 0.5088025890625001 0.33317112187500003 0.561264703125 0.3207591421875 0.5505402640625 0.2848204890625 0.498912475 0.29519521718749997 0.5088025890625001 0.33317112187500003
2 0.367375740625 0.8760321359375001 0.333652921875 0.8870495046875 0.352712509375 0.942746775 0.385600940625 0.92722956875 0.367375740625 0.8760321359375001
2 0.367878025 0.798467746875 0.4009457125 0.781769240625 0.3780225234375 0.731813571875 0.35102353750000004 0.736938828125 0.367878025 0.798467746875
2 0.41455558750000004 0.910612790625 0.448665959375 0.9025901203125001 0.4326628796875 0.845266209375 0.40020940937500005 0.85248386875 0.41455558750000004 0.910612790625
2 0.538309640625 0.9117458171875 0.5659525609375 0.897438553125 0.5503904421875 0.86570560625 0.526574621875 0.8781324625 0.538309640625 0.9117458171875
2 0.6366645375 0.8366341265624999 0.67007065625 0.8261962890625 0.6494564656249999 0.788847490625 0.613668540625 0.8030251749999999 0.6366645375 0.8366341265624999
2 0.859344878125 1 0.8364853406250001 0.971667625 0.8117969109375001 0.9893998312500001 0.819779196875 1 0.859344878125 1
2 0.9492210046875 0.24863623750000002 0.99136969375 0.2377631671875 0.969477009375 0.1908343265625 0.9387681515624999 0.1987379796875 0.9492210046875 0.24863623750000002
2 0.7807863828125 0.3230480296875 0.8128383109374999 0.31343106875000004 0.7984556421875 0.2805692375 0.768839353125 0.2903154125 0.7807863828125 0.3230480296875
2 0.700568025 0.14225664375 0.7307576484375 0.1289746953125 0.7173947078125 0.09319504843750001 0.6883403640625 0.103563671875 0.700568025 0.14225664375
2 0.6334798703125 0.164306990625 0.6719496015625 0.1556225015625 0.6622796140625 0.12479134843749999 0.6292347687500001 0.1319780140625 0.6334798703125 0.164306990625
2 0.0913345953125 0.8071627484375 0.08450843125 0.766671878125 0.06947238125 0.770937675 0.07424983125 0.8044836796875 0.0913345953125 0.8071627484375
2 0.9614285421875 0.525748653125 0.9665472078124999 0.5640690609375001 0.9961559109375001 0.5626479640625 0.998121025 0.5169710234375 0.9614285421875 0.525748653125
2 0.7937678218750001 0.9367293921875 0.80947393125 0.9214992640625 0.7765788703125 0.8793433359374999 0.758810465625 0.8897088625 0.7937678218750001 0.9367293921875
2 0.78142543125 0.956890759375 0.7947982875 0.9465937171875 0.7587819140625001 0.9015986640625 0.7493051734375 0.91240030625 0.78142543125 0.956890759375