2 0.921971178125 0.7542649515625001 0.7547045859375 0.9820615374999999 0.7820632078124999 0.9944893718750001 0.9530623125 0.77663741875 0.921971178125 0.7542649515625001
2 0.8702115375 0.7524069156250001 0.7264397953125 0.9384933906249999 0.7468655562500001 0.9543701265625 0.8878087765625 0.7667938921874999 0.8702115375 0.7524069156250001
2 0.8022197046875 0.39361401875 0.7619944953125 0.3899831984375 0.7615387578124999 0.4454566375 0.8029351453125001 0.447122553125 0.8022197046875 0.39361401875
2 0.7265557203124999 0.3976002515625 0.7006281328124999 0.3942781328125 0.6957231453125 0.4295854015625 0.7218190546875001 0.4350132125 0.7265557203124999 0.3976002515625
2 0.735716140625 0.338860996875 0.7085454906249999 0.3360052453125 0.703332134375 0.3856070265625 0.7288039015625001 0.385597625 0.735716140625 0.338860996875
2 0.7819525265625 0.7341752125000001 0.7106254265625 0.8275749031249999 0.7298715828125 0.8433292296875001 0.8050216171875 0.7419730578125 0.7819525265625 0.7341752125000001
2 0.778220015625 0.72423058125 0.763142371875 0.7142875703125 0.69057049375 0.8081550203125 0.7039404265625 0.8173199546875001 0.778220015625 0.72423058125
2 0.6827470546875001 0.85986898125 0.6919765078125 0.8459150937500001 0.674131178125 0.8338885546875 0.6673853734375 0.8421348500000001 0.6827470546875001 0.85986898125
2 0.696856471875 0.83926218125 0.7038180828125 0.8298445265625001 0.685692409375 0.8148049890625 0.679271171875 0.822788459375 0.682335846875 0.8240045281249999 0.696856471875 0.83926218125
2 0.7210480578125 0.8704618046875 0.726672625 0.8567244781250001 0.7118416828125 0.8444193125 0.7043566984375 0.8567686328124999 0.7210480578125 0.8704618046875
2 0.4372290421875 0.21853267812500002 0.46936145781249994 0.16280489843749998 0.455869115625 0.15481956875 0.421565375 0.2073340328125 0.4372290421875 0.21853267812500002
2 0.5603722109375 0.2684908203125 0.5724212703125 0.1993088046875 0.5560083640625 0.1963896984375 0.5435722796875 0.2649340140625 0.5603722109375 0.2684908203125