2 0.9225357750000001 0.5354227703125 0.91214728125 0.5289681859375001 0.8886622921875 0.605201634375 0.8991327203124999 0.611368621875 0.9225357750000001 0.5354227703125
2 0.891891453125 0.52034961875 0.8799600921874999 0.516055271875 0.8643971078125 0.5953484765625 0.8726926765625 0.5960596328125 0.891891453125 0.52034961875
2 0.693309215625 0.4432097921875 0.7513969984375 0.31534594375 0.680392184375 0.28967225937499996 0.6225918390625 0.40435472343749995 0.693309215625 0.4432097921875
2 0.617289465625 0.5477927734375 0.5777925203125001 0.535525559375 0.5519924546875 0.61499924375 0.5916847578125 0.624894375 0.617289465625 0.5477927734375
2 0.6811987312500001 0.8230242531249999 0.700567728125 0.768982640625 0.6520700781250001 0.7528852515625 0.6348218453125 0.816280028125 0.6811987312500001 0.8230242531249999
2 0.7138569921875 0.6737009640625 0.6812345296875 0.6673317703125 0.660649509375 0.740417621875 0.696207653125 0.7496563859375 0.7138569921875 0.6737009640625
2 0.2966815859375 0.12249313125000001 0.25028385625 0.10071840781250001 0.236022125 0.1225040359375 0.28211307812499997 0.14573621406249998 0.2966815859375 0.12249313125000001
2 0.34143978750000004 0 0.3138217921875 0.0332317453125 0.382511284375 0.062147209375 0.426553140625 0.007803753125 0.4122519390625 0 0.34143978750000004 0
2 0.119984028125 0.2105307453125 0.1390965203125 0.1732807375 0.10938102812499999 0.15234318593750001 0.0875181890625 0.19937715 0.119984028125 0.2105307453125
2 0.052736174999999996 0.48723157187500005 0.022922343749999997 0.4783014671875 0.00945446875 0.5140424703125 0.0427721890625 0.525330990625 0.052736174999999996 0.48723157187500005
2 0 0.920160109375 0.030529090624999998 0.9210549546875001 0.042761753125 0.8535594578125 0.005543740625 0.8458612515624999 0 0.8872044984375 0 0.920160109375
2 0.733870171875 0.18332246562500001 0.6849153515624999 0.1587349703125 0.6671888625 0.198610684375 0.7199631015625 0.21869017031250002 0.733870171875 0.18332246562500001
2 0.7519042109375 0.14530049843749998 0.7692591703125 0.10777054374999999 0.7536264890625 0.1040922671875 0.7405301468750001 0.1374875125 0.7519042109375 0.14530049843749998
2 0.6599490875 0.6272886859375 0.620240321875 0.6125833171874999 0.6130370484375 0.6390953859375 0.6505366234375 0.651348403125 0.6599490875 0.6272886859375