2 0.419551278125 0.4597619359375 0.3947637171875 0.4607328984375 0.4055758140625 0.553998559375 0.42896915625 0.5527565875 0.419551278125 0.4597619359375
2 0.46131023125 0.557596159375 0.43683285625 0.564415 0.44372974843749996 0.6033781031250001 0.4612360375 0.5952042203125 0.46131023125 0.557596159375
2 0.40093152187500003 0.622553178125 0.37924257968749997 0.629914034375 0.39059313281249997 0.66829594375 0.404768971875 0.6623684796875 0.40093152187500003 0.622553178125
2 0.49284570156249996 0.670807484375 0.47313216875 0.6828930109375 0.516630840625 0.741994434375 0.5327037390625 0.7263074484375001 0.49284570156249996 0.670807484375
2 0.54858011875 0.6744050875000001 0.5291764734375 0.692340025 0.550210028125 0.718133565625 0.569071359375 0.702988596875 0.54858011875 0.6744050875000001
2 0.6034658984375 0.7270385609375001 0.5844911953125 0.7725494953125 0.601533521875 0.781649771875 0.62159225625 0.7305619671875 0.6034658984375 0.7270385609375001
2 0.5938271640624999 0.7989646390625 0.5773683562499999 0.846411509375 0.5938294890625 0.851058125 0.6086230734375 0.8047344656250001 0.5938271640624999 0.7989646390625
2 0.6861672203125 0.8747943453125 0.674399296875 0.965117790625 0.7092186234375 0.964651503125 0.7190503140625 0.876845484375 0.6861672203125 0.8747943453125
2 0.7400114906249999 0.42774061874999997 0.746807725 0.379437434375 0.6903874937500001 0.370966309375 0.684008553125 0.41342135625000004 0.7400114906249999 0.42774061874999997
2 0.72070350625 0.3756112171875 0.7291508546875 0.293608615625 0.6988348421875 0.28896370625 0.6904877671875 0.367240425 0.72070350625 0.3756112171875
2 0.4556025328125 0.3264079375 0.43027325312500003 0.3301658015625 0.4278397640625 0.44690409531249997 0.449838890625 0.445391115625 0.4556025328125 0.3264079375