2 0.32700011875 0.241217728125 0.3372777703125 0.2567765046875 0.468159209375 0.17599033749999998 0.4600048109375 0.1586651640625 0.32700011875 0.241217728125
2 0.3398766859375 0.259891103125 0.356702575 0.28072640937500004 0.4810387484375 0.20037575937500002 0.4738717078125 0.181693484375 0.3398766859375 0.259891103125
2 0.363838684375 0.303018909375 0.49842428437499997 0.22284678125 0.4860719234375 0.2055853484375 0.3559624453125 0.2874499703125 0.363838684375 0.303018909375
2 0.36918119374999997 0.30637605 0.3777982203125 0.3266321234375 0.505747459375 0.246310371875 0.4967909796875 0.2315120953125 0.36918119374999997 0.30637605
2 0.37721473437499997 0.33052919375 0.394103515625 0.34987380625000003 0.5236280984375 0.2681018234375 0.5138054734375 0.25164044375 0.37721473437499997 0.33052919375
2 0.39416520625 0.3521610671875 0.40164363124999997 0.370901596875 0.540640803125 0.2882288734375 0.523504040625 0.271124065625 0.39416520625 0.3521610671875
2 0.41158093906250004 0.371017234375 0.4266526421875 0.392163596875 0.5482421375000001 0.3134486984375 0.5373722359374999 0.2941505953125 0.41158093906250004 0.371017234375
2 0.42899840312500004 0.391792065625 0.4387883078125 0.41186237343750004 0.5630979375 0.3351196703125 0.5492927484375 0.316286471875 0.42899840312500004 0.391792065625
2 0.43715054531249997 0.41289852031249996 0.45114066875000003 0.4291238046875 0.574585453125 0.3507162078125 0.5651341171875 0.3365990421875 0.43715054531249997 0.41289852031249996
2 0.682231603125 0 0.6495093562500001 0.017219315625000002 0.6944635671875 0.1359439375 0.7491508828125 0.10926518437499999 0.70665155 0 0.682231603125 0
2 0.8034148984374999 0 0.7910449796875 0.0056087578125 0.814973065625 0.05800124375 0.8624687515625 0.027657068750000003 0.85200508125 0 0.8034148984374999 0
2 0.4007975234375 0.0638157203125 0.466433509375 0.1840722984375 0.5087127031249999 0.1587576484375 0.44018054375000004 0.041090703125 0.4007975234375 0.0638157203125
2 0.1997855125 0.3090979453125 0.1161456265625 0.344651075 0.1584311015625 0.4370471578125 0.232873396875 0.40603880156249994 0.1997855125 0.3090979453125
2 0.049098040625 0.1414693734375 0.0599714421875 0.1721761390625 0.1101233734375 0.1510217640625 0.0993408203125 0.1208986 0.049098040625 0.1414693734375
2 0 0.22631001875 0.024458615625 0.217438828125 0.012566434375 0.1916963046875 0 0.19511930625 0 0.22631001875