2 0.351187275 0.487389775 0.33752646875000003 0.5211241796875 0.43380717031250005 0.5445843359375 0.44852815625 0.513280621875 0.351187275 0.487389775
2 0.215126975 0.496891325 0.2666223828125 0.51265799375 0.295437328125 0.4393249265625 0.24213203593750002 0.42405797031250003 0.215126975 0.496891325
2 0.209265946875 0.5179665906250001 0.097974021875 0.48599820937500005 0.08372638593750001 0.542274984375 0.18708629375000002 0.5724679890625 0.209265946875 0.5179665906250001
2 0.311151521875 0.615969115625 0.30101881875 0.6504829859375 0.3780533734375 0.6724400671875 0.39332596875000003 0.6363133000000001 0.311151521875 0.615969115625
2 0.33413016562500003 0.540549615625 0.32468510156249997 0.57331739375 0.4050791796875 0.5935682734375 0.4158358921875 0.558492540625 0.33413016562500003 0.540549615625
2 0.19648179999999998 0.784592609375 0.1722551359375 0.8611358328125001 0.22710429687499997 0.8809789234375 0.25268962500000003 0.8012008093749999 0.19648179999999998 0.784592609375
2 0 0.8785172828125001 0.09108007812499999 0.906809428125 0.1068179609375 0.8731494546875 0.0184316328125 0.8465403312499999 0 0.8764599296875 0 0.8785172828125001
2 0.10597122968749999 0.9800359999999999 0.11239485468749999 0.959570703125 0.0354932328125 0.9294046406250001 0.012599301562500002 0.974845303125 0.10597122968749999 0.9800359999999999
2 0.49387960781249995 0.8845254125 0.49016987500000003 0.8985864671874999 0.5820263140625 0.898689315625 0.5802294953125 0.8819222984374999 0.49387960781249995 0.8845254125
2 0.54820009375 0.846386371875 0.547268759375 0.8641572953125 0.6009434437500001 0.8610308765625 0.5998786109375 0.8473141625 0.54820009375 0.846386371875
2 0.0575907828125 0.37161858593749997 0.03894270625 0.4211307875 0.0926757984375 0.43390734531249997 0.10846218125 0.387947115625 0.0575907828125 0.37161858593749997
2 0.492899515625 0.0410087328125 0.485104390625 0.064953896875 0.556933765625 0.08412692968749999 0.561279659375 0.0635996828125 0.492899515625 0.0410087328125
2 0.6931240265625 0.1572328921875 0.6865738296874999 0.168768390625 0.72224770625 0.1800837359375 0.72704870625 0.16791989375 0.6931240265625 0.1572328921875
2 0.947250134375 0.0731363234375 0.9558057796874999 0.091404440625 0.9697537328125 0.08619603125 0.9689062578125001 0.068331884375 0.947250134375 0.0731363234375
2 0.91788893125 0.0888227375 0.9249777203124999 0.11236036875 0.9407060406250001 0.107245265625 0.931337090625 0.08180600625 0.91788893125 0.0888227375
2 0.8873092234375 0.10503985625000001 0.8951182843750001 0.126238540625 0.9098490874999999 0.12310989218749999 0.9054092890625001 0.10004905156249999 0.8873092234375 0.10503985625000001
2 0.8455895 0.1182964578125 0.8524951265625 0.1453887484375 0.887898246875 0.13353786406249998 0.8787286906249999 0.10993655937499999 0.8455895 0.1182964578125
2 0.83969099375 0.2308466875 0.8536389453125001 0.2256382796875 0.85076121875 0.20113377500000001 0.8319145671875001 0.20905515000000002 0.83969099375 0.2308466875
2 0.8585671859374999 0.2110465171875 0.8641271578125 0.2297506390625 0.883103128125 0.225034175 0.8738547406249999 0.20293705625 0.8585671859374999 0.2110465171875
2 0.8488054890625 0.23845131406250003 0.854741040625 0.26133394062500004 0.8724865765625 0.257435453125 0.8636925234374999 0.23804394375000001 0.8488054890625 0.23845131406250003
2 0.8843863203125 0.25160180468750004 0.8886656343749999 0.272022503125 0.9066146640625 0.2699136796875 0.8988325078124999 0.24820163750000002 0.8843863203125 0.25160180468750004
2 0.8673199296874999 0.270903821875 0.8732880328125001 0.2931951546875 0.89117228125 0.292262678125 0.884702925 0.268250565625 0.8673199296874999 0.270903821875
2 0.9024662093750001 0.2923460578125 0.91158215625 0.311238103125 0.9253019281249999 0.3047409875 0.9205957078125 0.2867637953125 0.9024662093750001 0.2923460578125
2 0.8875821859374999 0.3040409296875 0.8930195015625 0.325115315625 0.907341553125 0.324083771875 0.901345415625 0.3023871 0.8875821859374999 0.3040409296875
2 0.9205102859375 0.3223987875 0.9314082453125 0.3413826578125 0.9467505484375 0.33793088125000004 0.9374866296875 0.316159959375 0.9205102859375 0.3223987875
2 0.905101690625 0.344162815625 0.9125630453125 0.3605914515625 0.9290139171874999 0.3530342546875 0.9226989250000001 0.3373619625 0.905101690625 0.344162815625
2 0.931445425 0.363363165625 0.9400631390624999 0.38044696875 0.9528253 0.37517485 0.9460484625 0.356999959375 0.931445425 0.363363165625
2 0.9071381328125 0.373375053125 0.922154009375 0.3931693015625 0.9320756234375001 0.3853731859375 0.9212398140625 0.365203440625 0.9071381328125 0.373375053125