2 0 0.190653125 0.099453125 0.14178125 0.07273437499999999 0.0717875 0 0.10737656250000001 0 0.190653125
2 0.146953125 0 0.1653609375 0.0433140625 0.2187984375 0.0178078125 0.21048593750000003 0 0.146953125 0
2 0.1995015625 0.36589062499999997 0.1950484375 0.3796453125 0.2775796875 0.390915625 0.2781734375 0.3796453125 0.1995015625 0.36589062499999997
2 0.2271109375 0.4389625 0.1531875 0.4806375 0.1612046875 0.49590625 0.2348296875 0.45260468749999994 0.2271109375 0.4389625
2 0.399003125 0.68078125 0.3684234375 0.7082640625 0.42779999999999996 0.7746999999999999 0.453925 0.7462265625 0.399003125 0.68078125
2 0.08401562500000001 0.80673125 0.068578125 0.7717328125 0.013953125 0.801984375 0.030578125 0.8310515625000001 0.08401562500000001 0.80673125
2 0.6261140625 0.9592 0.63383125 0.9923953125 0.6961765625 0.9740062500000001 0.6854890625000001 0.938415625 0.6261140625 0.9592
2 0.51151875 0.9597703125000001 0.47915937499999994 0.976990625 0.5026125 0.9987546875 0.54239375 0.9987546875 0.51151875 0.9597703125000001
2 0.5753484375 0.5980546875 0.6023625 0.6198796875 0.6504578125 0.5819171875 0.6201765625 0.5575984375 0.5753484375 0.5980546875
2 0.7267546874999999 0.523334375 0.7460515625 0.552259375 0.7810828125 0.5273453124999999 0.7662390625 0.500059375 0.7267546874999999 0.523334375
2 0.86213125 0.495759375 0.8469906249999999 0.5338703125 0.8802390625 0.5475125000000001 0.893896875 0.51548125 0.86213125 0.495759375
2 0.659065625 0.6647703125 0.6575828125000001 0.712415625 0.7056765625 0.7118234375 0.7056765625 0.65784375 0.659065625 0.6647703125
2 0.7941453125 0.8156281249999999 0.7626765625 0.8470671875000001 0.7929578125 0.8802843749999999 0.8202703124999999 0.8547781249999999 0.7941453125 0.8156281249999999
2 0.515675 0.5540390625 0.44264374999999995 0.500059375 0.42008124999999996 0.5273453124999999 0.48539374999999996 0.5831031249999999 0.515675 0.5540390625
2 0.534378125 0.5429046875 0.47708125 0.58725625 0.51389375 0.6317453125 0.5691140625 0.578359375 0.534378125 0.5429046875
2 0.6537234375 0.104371875 0.6427375 0.07771875 0.60770625 0.09136093749999999 0.6189890625000001 0.1216140625 0.6537234375 0.104371875
2 0.51805 0.100259375 0.53645625 0.1334765625 0.56851875 0.11508906249999999 0.5542687500000001 0.0842421875 0.51805 0.100259375
2 0.513003125 0.8889296874999999 0.5340812500000001 0.85774375 0.49370624999999996 0.8245250000000001 0.47470625 0.8518125 0.513003125 0.8889296874999999
2 0.9316000000000001 0.6354140625 0.9235828125 0.6477593749999999 0.975240625 0.6786046875 0.981771875 0.6625890625 0.9316000000000001 0.6354140625