2 0 0.7284176890625 0.0218571421875 0.737273859375 0.035631207812499996 0.70236960625 0.00525226875 0.6881164296875 0 0.7012419234375 0 0.7284176890625
2 0.1903181453125 0.090905753125 0.180061078125 0.0859072140625 0.1567228796875 0.1448956734375 0.16843359687499998 0.15437435625 0.1903181453125 0.090905753125
2 0.2786516015625 0.8164046828125 0.270883384375 0.813408821875 0.2513091140625 0.8760331828125001 0.26806419843749996 0.8814645343749999 0.2786516015625 0.8164046828125
2 0.458510984375 0.78198656875 0.4325132671875 0.8386113703125 0.48257193750000005 0.8595037578125 0.50708685 0.803667378125 0.458510984375 0.78198656875
2 0.5316495984375 0.3784206984375 0.5042680374999999 0.47001254374999996 0.536995809375 0.48063930781249997 0.5652113140624999 0.39240681875 0.5316495984375 0.3784206984375
2 0.6100288218750001 1 0.641905371875 0.9510575609374999 0.612649515625 0.929074678125 0.581761221875 0.9817191281250001 0.60152989375 1 0.6100288218750001 1
2 0.7249335265625 0.7119455218749999 0.6993496078125 0.6941880265625 0.6776741828125 0.7288513046875 0.7061022046875001 0.7471662546875 0.7249335265625 0.7119455218749999
2 0.868545440625 0.7900004625 0.811169340625 0.746381890625 0.753573328125 0.839600009375 0.8032157124999999 0.879922828125 0.868545440625 0.7900004625
2 0.69838034375 0.34433491250000003 0.713963796875 0.35220365 0.7391959453125 0.302486540625 0.7278724999999999 0.29250538125 0.69838034375 0.34433491250000003
2 0.6674337890625 0.029647615625000002 0.631128575 0.018547996875 0.6270971000000001 0.0363143640625 0.659078090625 0.052921606249999996 0.6674337890625 0.029647615625000002
2 0.5346859687500001 0.28125005000000003 0.5446754015625 0.28306236875 0.5703136109375 0.2098759828125 0.5532837078124999 0.20621998437500003 0.5346859687500001 0.28125005000000003
2 0.8630933625000001 0.13019644375 0.8322881296875 0.12139921718749999 0.8232165312499999 0.149360921875 0.8492282484375 0.1613475828125 0.8630933625000001 0.13019644375
2 0.7864912875 0.0906339734375 0.7707136328125 0.1280300640625 0.8026204437500001 0.143372871875 0.82115159375 0.1111647640625 0.7864912875 0.0906339734375
2 0.840245575 0.30637225468749996 0.8000845234374999 0.39715978281250003 0.8360540375 0.417469959375 0.8805069046874999 0.3270632515625 0.840245575 0.30637225468749996
2 0.553422371875 0.90165393125 0.5392896406250001 0.8991941265625 0.528259075 0.931211875 0.542578715625 0.9334183828124999 0.553422371875 0.90165393125
2 0.990618165625 0.384631503125 0.9763439203125 0.37654215 0.9361659671875 0.46142615625000005 0.9489623625 0.4681339984375 0.990618165625 0.384631503125