2 0.8340917875 0.34238184843749997 0.8603543140625 0.36283244375 0.8830325218749999 0.3317705015625 0.8512343765624999 0.314380584375 0.8340917875 0.34238184843749997
2 0.9178717359374999 0.41068082656250005 0.950252915625 0.43626007187500004 0.970683296875 0.40883660624999996 0.940057415625 0.3824831296875 0.9178717359374999 0.41068082656250005
2 0.8907541437500001 0.5528888453125 0.9248342171875 0.5760338796875 0.9503360390625 0.5407192421875 0.9119346265624999 0.521425803125 0.8907541437500001 0.5528888453125
2 0.8640256265625 0.5360176296875 0.8829588796875001 0.550787740625 0.900913675 0.5120187609375 0.8743062968749999 0.5071678265624999 0.8640256265625 0.5360176296875
2 0.7107362687500001 0.41672749531250003 0.8239648515625 0.49468117500000003 0.8376027984375 0.459937178125 0.7268887109375 0.385891875 0.7107362687500001 0.41672749531250003
2 0.806030628125 0.525577453125 0.757179575 0.50473056875 0.7409856890625 0.5343794140625 0.792188796875 0.5629895671875 0.806030628125 0.525577453125
2 0.6477945953125 0.5708695890625 0.691858825 0.5907001000000001 0.7066772640625001 0.5641964875000001 0.65917931875 0.539609475 0.6477945953125 0.5708695890625
2 0.8296706359374999 0.8452627984375001 0.8166244468749999 0.8118868328125 0.7789979734375 0.8232913015625 0.795248940625 0.8548230468750001 0.8296706359374999 0.8452627984375001
2 0.5219752859375 0 0.5567008609374999 0.0208761734375 0.57353595625 0 0.5219752859375 0
2 0.5404748359375 0.7811696671874999 0.5415443296875 0.7947828234375 0.5949508375 0.7929178265625 0.5947930953125 0.7799388625 0.5404748359375 0.7811696671874999
2 0.621133765625 0.6240339875 0.6248958625000001 0.663669025 0.6652669343750001 0.662851784375 0.6578361890625 0.620194503125 0.621133765625 0.6240339875