2 0.455271334375 0.103222940625 0.44808913281249996 0.1543269625 0.49655204218750004 0.159340803125 0.495748778125 0.10531731875000001 0.455271334375 0.103222940625
2 0.8616762953125001 0.2213771984375 0.8106901093750001 0.30472208749999996 0.8448228062500001 0.3220977890625 0.8940744765625 0.2361739046875 0.8616762953125001 0.2213771984375
2 0.791473296875 0.10015523125 0.8358910875 0.099810196875 0.8382044656250001 0.0492195 0.8047826828125 0.0481167296875 0.791473296875 0.10015523125
2 0.67349488125 0.062885603125 0.6761058906249999 0.101913175 0.7196767265624999 0.09905076874999999 0.7150487484375 0.059465184375 0.67349488125 0.062885603125
2 0.6137349671875 0.7376762718750001 0.6617634390625 0.7372375234375 0.6635123468749999 0.6608105796875 0.6148219078125 0.6659482421875 0.6137349671875 0.7376762718750001
2 0.22450193437500002 0.964505175 0.2431675609375 0.8700887609375 0.19594440625 0.856264846875 0.18165245000000002 0.953691125 0.22450193437500002 0.964505175
2 0.32778761562500003 0.617819909375 0.3589501140625 0.6221995125 0.37369486093750004 0.572757921875 0.33295821875 0.5682303531249999 0.32778761562500003 0.617819909375
2 0.4310546140625 0.646710559375 0.46742644218749996 0.65242029375 0.47161627343749996 0.6140755484375 0.4363379734375 0.6091175078125 0.4310546140625 0.646710559375
2 0 0.554760440625 0.000162690625 0.5556037859375 0.02593065625 0.5514385203125001 0.025932673437499998 0.517294009375 0 0.5170210875000001 0 0.554760440625
2 0.672872809375 0.2720928296875 0.6683170031250001 0.285310859375 0.72257699375 0.2917390109375 0.72614715 0.2748685734375 0.672872809375 0.2720928296875
2 0.6649982890625 0.29613715625000003 0.664519534375 0.31233125156249997 0.72364835 0.3182460796875 0.7260425625 0.30121037500000003 0.6649982890625 0.29613715625000003
2 0.8710709921875001 0.1481422828125 0.8548979718749999 0.182148946875 0.8862458921874999 0.1937417421875 0.90161891875 0.16116105625 0.8710709921875001 0.1481422828125
2 0.9244887859375 0.8239567078125001 0.9132173984374999 0.8636272296874999 0.95063276875 0.8772703406250001 0.95822770625 0.8232295562499999 0.9244887859375 0.8239567078125001
2 0.88871675625 0.6177195546875 0.8798976875 0.6612722796875 0.9370352750000001 0.6770891609375 0.9448982671874999 0.6296735953125 0.88871675625 0.6177195546875
2 0.676749284375 0.61355384375 0.671548559375 0.6505589234375 0.7115928953124999 0.647202478125 0.7157931296875 0.61304998125 0.676749284375 0.61355384375
2 0.4595726640625 0.5291194906250001 0.48293644843749994 0.5377945890625 0.5050334875 0.5085540859375 0.478049053125 0.49577736093749997 0.4595726640625 0.5291194906250001