2 0.68656670625 0.5585443796875 0.6893621875 0.5961124828125001 0.8045012937499999 0.5914538874999999 0.8004577906250001 0.555009509375 0.68656670625 0.5585443796875
2 0.384342696875 0.5094411531249999 0.3913336859375 0.5804934703125 0.4382660203125 0.582358525 0.4325603078125 0.5037991234375 0.384342696875 0.5094411531249999
2 0.350338596875 0.5789380109375 0.30384555 0.580065671875 0.312025615625 0.651178740625 0.360331584375 0.649553090625 0.350338596875 0.5789380109375
2 0.5078529765625001 0.1292278625 0.5134952187499999 0.1806060671875 0.550897015625 0.1825662125 0.5434116421875 0.12658993125 0.5078529765625001 0.1292278625
2 0.588866440625 0.84388469375 0.5957535296875001 0.8828547921875 0.672054975 0.8809141921875 0.670010759375 0.840415765625 0.588866440625 0.84388469375
2 0.770008159375 0.783881121875 0.7731202453125 0.8380979859375 0.8487652078125001 0.83730898125 0.8432259671875 0.7782928874999999 0.770008159375 0.783881121875
2 0.77159931875 0.59448139375 0.7161702296875 0.5957353015625 0.7180280671875 0.6113977484374999 0.7706369093750001 0.6128452546875 0.77159931875 0.59448139375
2 0.8829029171875 0.5153747234375 0.8883806421875 0.547142440625 0.9164707375000001 0.5450518875 0.9143270359375 0.5121242546875 0.8829029171875 0.5153747234375
2 0.9078951125 0.140689534375 0.906828803125 0.1269711765625 0.8681464312499999 0.1267260484375 0.8702318828125 0.1437178546875 0.9078951125 0.140689534375
2 0.896514471875 0.1193021046875 0.894979278125 0.1031856109375 0.85782900625 0.1077710359375 0.8624442046875 0.12193198593750001 0.896514471875 0.1193021046875
2 0.8475346625 0.2474142734375 0.8388035765625 0.2095350984375 0.8104514406250001 0.21095320625 0.8181329171874999 0.251812784375 0.8475346625 0.2474142734375
2 0.9014472265625001 0.2864721796875 0.9047518671875 0.268825634375 0.8205480843749999 0.2739179140625 0.824333928125 0.29252905625 0.9014472265625001 0.2864721796875
2 0.8763480984375001 0.265556490625 0.8748440593750001 0.2488454984375 0.8137006765624999 0.2512081140625 0.8231076734375 0.270487796875 0.8763480984375001 0.265556490625
2 0.8418517812499999 0.7193370453125 0.697653984375 0.721878175 0.704532084375 0.74964495 0.8439549703125 0.7473652171875 0.8418517812499999 0.7193370453125
2 0.4967682875 0.7951024796875 0.45336725937500005 0.7940154953125 0.4566842203125 0.810228496875 0.5002405390625 0.8083523625 0.4967682875 0.7951024796875
2 0.45022875312500005 0.7516775906250001 0.45173435156249997 0.7683886625 0.49475824062499996 0.7652970609375 0.49581371093750004 0.7451575109374999 0.45022875312500005 0.7516775906250001