2 0.9725967828125001 0.609751578125 0.9625184828125001 0.576703684375 0.9242174296875 0.5938091109375 0.93600728125 0.622848396875 0.9725967828125001 0.609751578125
2 0.79814888125 0.6519509765625 0.7475600296875 0.679531825 0.76180428125 0.713099278125 0.821881353125 0.6847605359375 0.79814888125 0.6519509765625
2 0.6196278390625001 0.8010111765625 0.6550729796875 0.7903065687499999 0.633587465625 0.7332197234375 0.5997300796875 0.74974438125 0.6196278390625001 0.8010111765625
2 0.47605503281250006 0.9108992296875 0.51499845 0.896573640625 0.4974711 0.8450232468750001 0.4573859890625 0.8619832234375 0.47605503281250006 0.9108992296875
2 0.435201234375 0.9519528546875 0.44701031718750006 0.9820044578125 0.48063149374999997 0.9689578890625 0.4625134828125 0.934600109375 0.435201234375 0.9519528546875
2 0.38291935781249997 0.9504932 0.3974555 0.9668513781250001 0.42006337812499994 0.9522436531249999 0.409344165625 0.9334200484374999 0.38291935781249997 0.9504932
2 0.3634859078125 0.92591611875 0.3703075703125 0.9424073875 0.40355331874999995 0.9249526359375 0.3947443703125 0.91350463125 0.3634859078125 0.92591611875
2 0.2753790015625 1 0.290626334375 0.9874204984375 0.267789234375 0.9548750421875001 0.1894420515625 1 0.2753790015625 1
2 0.290873846875 0.7124211703125 0.29971304375 0.7425230515625 0.3555203734375 0.7247291828125 0.3492838171875 0.690637521875 0.290873846875 0.7124211703125
2 0.099484134375 0.7365259890625 0.11844660468749998 0.7682311281249999 0.172327934375 0.7421602359375 0.15778019999999998 0.7082167703125 0.099484134375 0.7365259890625
2 0.2049285234375 0.5175492546875 0.23303079375000002 0.49451466875000005 0.1926448234375 0.460217403125 0.1657076109375 0.482045534375 0.2049285234375 0.5175492546875
2 0.06736153125 0.15509336406250002 0.047715403125 0.1862847359375 0.1126810953125 0.233798790625 0.13706499218749998 0.20186524375 0.06736153125 0.15509336406250002
2 0.612094921875 0.33542954687500004 0.5629593296875 0.31018323593749997 0.5394888812499999 0.36042706562500004 0.5838679703125 0.3853422765625 0.612094921875 0.33542954687500004
2 0.48270856562500003 0.23742584843749998 0.47841837500000006 0.229788621875 0.45699126718749994 0.26101108125 0.49659724687500006 0.28464377343749997 0.526065075 0.2377786015625 0.49544817031250005 0.21881317656250002 0.48270856562500003 0.23742584843749998
2 0.29214321718749997 0.92122769375 0.31227230625 0.95172635 0.3501239578125 0.92588525 0.324432165625 0.8998999875000001 0.29214321718749997 0.92122769375
2 0.397266190625 0.309515503125 0.41498804843750003 0.3382777828125 0.45016401093749997 0.3121520859375 0.42985556718750006 0.28838883437499996 0.397266190625 0.309515503125
2 0.3641908625 0.1837282765625 0.3572222203125 0.1927481453125 0.40384910781250005 0.2274553046875 0.41286580781250004 0.216694740625 0.3641908625 0.1837282765625
2 0.3433869140625 0.2167198171875 0.3896800109375 0.24913557968750003 0.4004750171875 0.238190825 0.35863729375000003 0.20577543281250002 0.3433869140625 0.2167198171875
2 0.06542360781249999 0.07800138125 0.0943023203125 0.0994490828125 0.1221918625 0.064227290625 0.09036091406249999 0.0437515734375 0.06542360781249999 0.07800138125
2 0.3254748046875 0.313142425 0.3476389171875 0.290211490625 0.3100626984375 0.26378982500000003 0.29406461875 0.28284068125 0.3254748046875 0.313142425
2 0.47140436093750004 0.372293675 0.49754968593750004 0.3392089 0.47689063281250005 0.32938045312500003 0.4515755078125 0.3589955234375 0.47140436093750004 0.372293675
2 0.5734281796875 0.19550025 0.597794059375 0.162444971875 0.5662259265625 0.14010500937499998 0.5445805265625 0.175831965625 0.5734281796875 0.19550025
2 0.601302696875 0.1594176515625 0.5810733 0.191214609375 0.6289817125 0.21410854218750003 0.6532414531249999 0.17506201562499998 0.601302696875 0.1594176515625
2 0.528662415625 0.11441135625000001 0.5072767328125 0.14800689375 0.5371874640625001 0.1605367875 0.5499952984375 0.1288224921875 0.528662415625 0.11441135625000001