2 0.9754780703125 0.1318596828125 0.9389828484375 0.13806236249999998 0.9478040234374999 0.20370230625 0.9803419765625 0.201416775 0.9754780703125 0.1318596828125
2 0.9441832859374999 0.5071244421875 0.9369779171875001 0.4375663453125 0.8892504671875001 0.44755215625 0.89106078125 0.5164059187500001 0.9441832859374999 0.5071244421875
2 0.896000109375 0.6748628796875 0.8411182546875 0.683907175 0.8482835937500001 0.753169615625 0.8979155921875 0.7466835328125 0.896000109375 0.6748628796875
2 0.7094199734375 0.75386005625 0.7426199265625 0.750324240625 0.7426979203124999 0.7039807875 0.707232584375 0.708189821875 0.7094199734375 0.75386005625
2 0.556780878125 0.8019663890625001 0.58854108125 0.79848085 0.5880183796875 0.7616641625 0.55562046875 0.7687366421874999 0.556780878125 0.8019663890625001
2 0.8050042796874999 0.48257613906249996 0.8281245609375001 0.4817687609375 0.8232204515625 0.44332274375 0.8025534859375 0.44642089687500003 0.8050042796874999 0.48257613906249996
2 0.8909825124999999 0.0892390578125 0.9046578890625 0.089951290625 0.9040211109375 0.0376901140625 0.889750896875 0.03700178125 0.8909825124999999 0.0892390578125
2 0.8805860765625001 0.0878213375 0.8735509421875 0.014989678125 0.858709565625 0.014913840624999999 0.862891871875 0.083684775 0.8805860765625001 0.0878213375
2 0.474008984375 0.14836005000000002 0.5072098781250001 0.1516564890625 0.5104579671875 0.10431116562500001 0.4726413046875 0.10919486249999999 0.474008984375 0.14836005000000002
2 0.6268285453125 0.088363615625 0.6265909296875 0.1495670046875 0.693027840625 0.1484351984375 0.696862596875 0.08829598281249999 0.6268285453125 0.088363615625
2 0.686634675 0.09013686562499999 0.68702198125 0.027444534375000003 0.6311722421875 0.0258301765625 0.6302598609375 0.0846791203125 0.686634675 0.09013686562499999
2 0.7457997859375001 0.2998732375 0.77934141875 0.298107825 0.77766301875 0.243508140625 0.743548671875 0.2524228953125 0.7457997859375001 0.2998732375
2 0.8646031609374999 0.89756459375 0.87697044375 0.8947547078125 0.8715781687499999 0.8592978578125001 0.85861900625 0.8621268484375 0.8646031609374999 0.89756459375
2 0.78240243125 0.974104984375 0.7966481625 0.97212223125 0.7934702859375 0.951142234375 0.780469678125 0.9527844484375001 0.78240243125 0.974104984375
2 0.7611627999999999 0.977817246875 0.7744863750000001 0.9746784749999999 0.7710884421875 0.9560826078125 0.7563299531250001 0.9583803203124999 0.7611627999999999 0.977817246875
2 0.7381062421875 0.9804047375 0.7496574609375 0.9773278546874999 0.7481132125000001 0.9610437046874999 0.730411625 0.9640383046875 0.7381062421875 0.9804047375