2 0.1585328125 0.08569062499999999 0.153484375 0.11924062499999999 0.2158296875 0.1216140625 0.22414218749999998 0.087209375 0.1585328125 0.08569062499999999
2 0.3423 0.0278921875 0.33636093749999996 0.086021875 0.36189218749999996 0.090175 0.37020624999999996 0.0314515625 0.3423 0.0278921875
2 0.416815625 0.1613 0.41651875 0.1987265625 0.4753 0.20287812500000002 0.47945625 0.163728125 0.416815625 0.1613
2 0.2832203125 0.1977703125 0.2823296875 0.2360953125 0.3161734375 0.23313125 0.31379999999999997 0.20287812500000002 0.2832203125 0.1977703125
2 0.4378921875 0.505990625 0.43255 0.5433609374999999 0.48420625 0.5469203125 0.49311249999999995 0.5142953125 0.4378921875 0.505990625
2 0.6670828125 0.10348125 0.6563953125 0.138815625 0.6914265625 0.1465265625 0.7038953125 0.10856406249999999 0.6670828125 0.10348125
2 0.7223015625 0.14830625 0.7614890625 0.158984375 0.7733640625 0.1210203125 0.7383328125 0.11271562500000001 0.7223015625 0.14830625
2 0.7413015625 0.571240625 0.7181453125 0.5979328125000001 0.7401140625 0.6169156250000001 0.7614890625 0.5908140625 0.7413015625 0.571240625
2 0.10598437499999999 0.946746875 0.1024234375 0.9811249999999999 0.1582359375 0.984684375 0.16298437500000001 0.9520578125 0.10598437499999999 0.946746875
2 0.37020624999999996 0.9787515625 0.3651578125 0.9965609375 0.420675 0.9987546875 0.42482968750000005 0.9852765625 0.37020624999999996 0.9787515625
2 0.062640625 0.222453125 0.057296875000000004 0.2633828125 0.0857984375 0.2693140625 0.099453125 0.22660468749999998 0.062640625 0.222453125
2 0.2057359375 0.5214140625 0.203953125 0.5362421875 0.2627359375 0.5457328125 0.2651109375 0.526159375 0.2057359375 0.5214140625