2 0.3732216609375 0.5754928359375 0.40411013125000006 0.5755475156250001 0.409900621875 0.437972378125 0.379109634375 0.4364298328125 0.3732216609375 0.5754928359375
2 0.2894532875 0.8810028890625 0.28913508593750004 0.8287520468749999 0.2420975453125 0.822445440625 0.24415530156249998 0.8722921187500001 0.2894532875 0.8810028890625
2 0.2951538421875 0.9786029671875 0.295902465625 0.9494788906249999 0.2691928953125 0.9454928656250001 0.2694064015625 0.9754415796875 0.2951538421875 0.9786029671875
2 0.2545895890625 0.9736223031250001 0.2592059078125 0.939431865625 0.220959259375 0.9386148609375 0.22009325 0.9693866859375 0.2545895890625 0.9736223031250001
2 0.1343283375 0.7738501203125 0.13699033124999999 0.7221395359375 0.1030594640625 0.7179810796874999 0.10048036875 0.7744409390625 0.1343283375 0.7738501203125
2 0.06235455937499999 0.2917171796875 0.09748310624999999 0.29644857343750003 0.10168183125000001 0.23313127812499998 0.0637344078125 0.2346844125 0.06235455937499999 0.2917171796875
2 0.193976896875 0.0052654890625 0.15716424843750001 0.006204976562500001 0.15835138124999998 0.108326375 0.1930552828125 0.10950057500000002 0.193976896875 0.0052654890625
2 0.7446358671875 0.5167518171875 0.7461476125 0.3991434578125 0.73253176875 0.40175648593749996 0.7285505609375 0.514063384375 0.7446358671875 0.5167518171875
2 0.5812364734375 0.5819572109375 0.593746334375 0.5841142109375 0.5947869781249999 0.51758591875 0.5842729546875 0.5177694421875 0.5812364734375 0.5819572109375
2 0.8898787374999999 0.5682560734375001 0.9027129578125 0.5888164671875 0.9135855656249999 0.49717525625 0.8993346125 0.49742400781249996 0.8898787374999999 0.5682560734375001
2 0.7624602109375 0.8573066718750001 0.795828534375 0.86325803125 0.806157825 0.8084428484374999 0.76029885625 0.8015249578124999 0.7624602109375 0.8573066718750001
2 0.9752523859375 0.7321344515625 0.952121921875 0.7310711390625 0.9522002515624999 0.769669403125 0.9706483718750001 0.7696311359375 0.9752523859375 0.7321344515625
2 0.5229352109375001 0.8151696015625 0.5235154765625001 0.8484129749999999 0.5603022453125 0.8459909031249999 0.5600619640625 0.8246152765625 0.5229352109375001 0.8151696015625
2 0.4036329671875 0.8885113203125 0.4327404875 0.8885986515625 0.436826434375 0.8579445484375 0.4053858625 0.852850296875 0.4036329671875 0.8885113203125
2 0.055179310937500003 0.9355701562500001 0.0754513234375 0.9399670312499999 0.0807884625 0.905431125 0.05755695625 0.9016797484374999 0.055179310937500003 0.9355701562500001
2 0.3053737859375 0.193648475 0.304168534375 0.26077348125 0.37014566718749997 0.26318488906250004 0.374224275 0.1802729546875 0.3053737859375 0.193648475