2 0.774884084375 0.3039848984375 0.79364433125 0.354876678125 0.8470512234375001 0.33237128125000004 0.824848703125 0.28561489375 0.774884084375 0.3039848984375
2 0.9597318093749999 0.5720892890625 0.9963574578125 0.5592733109375 0.9802602234375 0.486440309375 0.9321265437499999 0.5063849890625 0.9597318093749999 0.5720892890625
2 1 0.0905928734375 0.98724128125 0.092954309375 0.994209028125 0.1679838 1 0.167523403125 1 0.0905928734375
2 0.415607865625 0.3207440328125 0.4251789125 0.35194567656250003 0.48244114375 0.3451785375 0.47249200468749997 0.30929162187500003 0.415607865625 0.3207440328125
2 0.06832124843750001 0.2968519328125 0.025294585937500003 0.3199834140625 0.03688599375 0.38964835781249996 0.09496477812500001 0.37142077812499996 0.06832124843750001 0.2968519328125
2 0.2798643890625 0.0203430359375 0.2528324359375 0.030030535937500002 0.27063069687499997 0.079548459375 0.298040178125 0.0711301734375 0.2798643890625 0.0203430359375
2 0.3201807109375 0.04130453125 0.29511014687500003 0.05013523125 0.314962378125 0.0999629671875 0.3372898703125 0.0913022703125 0.3201807109375 0.04130453125
2 0.4681054390625 0.24868731406250003 0.4617034359375 0.23370582812500001 0.3545299515625 0.239716346875 0.35636176875 0.25669075625 0.4681054390625 0.24868731406250003
2 0.31596911875 0.3284734359375 0.27600795312500004 0.3431097359375 0.2817850890625 0.3804410078125 0.32929115625 0.3657563203125 0.31596911875 0.3284734359375
2 0.0953431296875 0.47870067499999996 0.019466249999999997 0.4713442828125 0.0170731265625 0.5191090640625 0.0983474859375 0.5231999843749999 0.0953431296875 0.47870067499999996
2 0.1453951625 0.5128246 0.112168678125 0.5063629671875 0.10464765312499999 0.5387680078125 0.1441335765625 0.5439233 0.1453951625 0.5128246
2 0.2396526890625 0.45355112656249996 0.23668958125 0.4361630484375 0.1756339 0.4439193 0.18452163125 0.4618998671875 0.2396526890625 0.45355112656249996
2 0.2089448953125 0.5866724343749999 0.145863853125 0.5785609203125001 0.1463882671875 0.60636025625 0.2048945765625 0.6130622140625 0.2089448953125 0.5866724343749999
2 0.1767224703125 0.7147065718750001 0.19255295625 0.744601871875 0.24486685000000002 0.7334240796875 0.2349800578125 0.6954649453124999 0.1767224703125 0.7147065718750001
2 0.22771763437499998 0.678524603125 0.215495575 0.6384227140625 0.13546801875 0.6563246078125 0.1509549078125 0.6932974546875 0.22771763437499998 0.678524603125
2 0.8678635484375 0.4571068796875 0.8002166687500001 0.47830878906249996 0.8065550343749999 0.49194154687499997 0.8707566312499999 0.47147282187500006 0.8678635484375 0.4571068796875
2 0.9064310765625001 0.6042504390625 0.91850598125 0.6178237453125 0.9868750390625 0.5925351562500001 0.9804472609375001 0.5776998515625 0.9064310765625001 0.6042504390625
2 0.9869342296875001 0.61784399375 0.9882204140624999 0.6054207890625001 0.9375973890625 0.6223958953125 0.9421357109375 0.6359793921875 0.9869342296875001 0.61784399375
2 0.7551967875 0.935366146875 0.7674919296875 0.9887306515625 0.8044645593749999 0.980794375 0.7906112249999999 0.9208800984375 0.7551967875 0.935366146875
2 0.919549815625 1 0.9265741234375 0.96016316875 0.8846309015625 0.982620990625 0.8895915406249999 1 0.919549815625 1
2 0.52299315 0.795640409375 0.5428197499999999 0.847323128125 0.583334378125 0.8363955296875 0.562994371875 0.7859058484375 0.52299315 0.795640409375
2 0.288246534375 0.8891698874999999 0.2491427328125 0.8955245609375 0.26136479218750003 0.93562645 0.301982253125 0.9241156625 0.288246534375 0.8891698874999999
2 0.5473882031249999 0.48974495312500005 0.51863973125 0.5057570296875 0.5330948234374999 0.5366140421875001 0.5633581984375 0.5256876 0.5473882031249999 0.48974495312500005