2 0.754475125 0.2430408953125 0.8072612640625 0.24525411562500002 0.8060207687500001 0.19881689375 0.75389486875 0.197728321875 0.754475125 0.2430408953125
2 0.7737693125 0.307282275 0.8065329968749999 0.31219853125 0.8094051390624999 0.2486109078125 0.7750547625 0.245654053125 0.7737693125 0.307282275
2 0.9143071921875 0.1671368328125 0.9158181781250001 0.23265028281250003 0.9666450781249999 0.233278365625 0.964945925 0.168680225 0.9143071921875 0.1671368328125
2 0.8797402562500001 0.1677848625 0.873782134375 0.11109711562499999 0.8372542421875 0.11015861406250001 0.8404446796875 0.1689298921875 0.8797402562500001 0.1677848625
2 0.596344609375 0.21010837656249998 0.59381069375 0.11783651718749999 0.5202919765625 0.11720535937500001 0.522326275 0.204753565625 0.596344609375 0.21010837656249998
2 0.5619583875 0.5647721640625 0.5569667109374999 0.48887818125000004 0.51614945 0.4925712265625 0.5197723859375001 0.566818009375 0.5619583875 0.5647721640625
2 0.0984259359375 0.20572478749999998 0.1332140953125 0.20147138281250002 0.1261473484375 0.0887786546875 0.08961962031250001 0.087841709375 0.0984259359375 0.20572478749999998
2 0.0156926734375 0.441288209375 0.04705903125 0.4385900625 0.0415161359375 0.32931929375 0.0054539328125 0.3325125640625 0.0156926734375 0.441288209375
2 0.17643388437500002 0.65245704375 0.23475277656250002 0.6505081968749999 0.2310323515625 0.5923896453124999 0.17050768593750001 0.59039275625 0.17643388437500002 0.65245704375
2 0.6114989609375 0.7918078015625001 0.691145428125 0.788212784375 0.6845894203125 0.7390506328125 0.6110111375 0.7417093484375 0.6114989609375 0.7918078015625001
2 0.566233884375 0.639547378125 0.5040604625 0.63891939375 0.50240619375 0.6743174765625 0.5722576359375 0.6741384703125 0.566233884375 0.639547378125
2 0.572711171875 0.58752439375 0.5710535671875 0.6342662171875 0.6516294375 0.639528825 0.6506130156250001 0.5900813781250001 0.572711171875 0.58752439375
2 0.6438817718750001 0.5089970453125 0.6373632921875 0.45833839843749996 0.5643714546874999 0.45705484218750003 0.566508196875 0.505785946875 0.6438817718750001 0.5089970453125
2 0.5702884515625 0.39971599062499996 0.5721021734375 0.3374336515625 0.49640765625 0.338822240625 0.5007826234375 0.4046332640625 0.5702884515625 0.39971599062499996
2 0.279562571875 0.076833209375 0.390821934375 0.0729006453125 0.38410996875 0.0273370109375 0.276836884375 0.0281640046875 0.279562571875 0.076833209375
2 0.1363493015625 0.7312992421875 0.1963774578125 0.728572153125 0.18975115 0.6916563109375 0.1360441671875 0.69431446875 0.1363493015625 0.7312992421875
2 0.16745965625 0.59548928125 0.136123603125 0.60415601875 0.1377588796875 0.6708520140625 0.1760936984375 0.6724945578125 0.16745965625 0.59548928125
2 0.35553424218749996 0.7769193390625 0.4155623984375 0.77419225 0.4140203984375 0.7379360671875 0.35156216093750003 0.7391275078125 0.35553424218749996 0.7769193390625
2 0.4361610984375 0.16903335 0.4803047828125 0.16857280624999998 0.4770536015625 0.11070344531250001 0.4301708875 0.1177205890625 0.4361610984375 0.16903335