2 0.8874731734375001 0.6106809078125 0.8567579859375 0.613909203125 0.8576465515624999 0.6848612593750001 0.8870879359374999 0.688931090625 0.8874731734375001 0.6106809078125
2 0.9565160031250001 0.6141690140625 0.92207025 0.61599991875 0.9071699484375 0.6730873421875 0.9415524124999999 0.6706692109375 0.9565160031250001 0.6141690140625
2 0.8389896953125 0.37099673437499997 0.8291608968749999 0.40247783125 0.898946875 0.424397034375 0.9074586328124999 0.38857671250000003 0.8389896953125 0.37099673437499997
2 0.9810223203125 0.3898001640625 0.9834353359374999 0.3471728890625 0.980663359375 0.327449246875 0.9470552203124999 0.33098160625 0.9395210640625 0.3843097125 0.9810223203125 0.3898001640625
2 0.6730455234375 0.55918604375 0.70425566875 0.5606818921875 0.7089615296875 0.497500128125 0.6788296796875 0.4967864796875 0.6730455234375 0.55918604375
2 0.650344146875 0.769336775 0.6830790828125 0.7682842765625 0.6821997546875 0.7077791125 0.645409415625 0.716720609375 0.650344146875 0.769336775
2 0.6635770875 0.6509283390625 0.635193684375 0.6592863109375 0.6465015421875 0.6986952046875 0.67520955625 0.692394259375 0.6635770875 0.6509283390625
2 0.6637252953125 0.8568879921875 0.675944046875 0.8538111171875 0.67682418125 0.8014808828125 0.6609072406250001 0.8016596984375 0.6637252953125 0.8568879921875
2 0 0.379179678125 0.0873542359375 0.42462343281250003 0.0986216546875 0.395080703125 0.0003967875 0.34689496875 0 0.3476946015625 0 0.379179678125
2 0.5742096875 0.10747863906249999 0.6062298328125 0.10530565624999999 0.604346465625 0.036249221875 0.5663650515625 0.040241231249999995 0.5742096875 0.10747863906249999
2 0.7389892546875 0.1809067328125 0.71945089375 0.25639382187500004 0.7521019234375 0.26520098281250004 0.7747673265625 0.18610161249999999 0.7389892546875 0.1809067328125
2 0.9277619078124999 0.10196089374999999 0.9353528437499999 0.0719090453125 0.8936180265625 0.0694282453125 0.8924470984375 0.09552327968749999 0.9277619078124999 0.10196089374999999
2 0.9264564406250001 0 0.9231457890625 0.018264598437499998 0.9380767515624999 0.024429782812500002 0.93464336875 0 0.9264564406250001 0
2 0.830212840625 0.094301525 0.8645011515625001 0.096667884375 0.86742861875 0.06770320937499999 0.8320824015625 0.06335846875 0.830212840625 0.094301525
2 0.8073084859374999 0.05252935156250001 0.8012104171875001 0.0854093921875 0.815135425 0.0929011234375 0.8224801765624999 0.057203457812500004 0.8073084859374999 0.05252935156250001
2 0.7950418296875 0.151729996875 0.7397110125 0.1366513515625 0.7387865687499999 0.15555466093749998 0.7905324 0.1713086140625 0.7950418296875 0.151729996875
2 0.5712479265625 0.4940637953125 0.5194581453125 0.48995479218750004 0.50960274375 0.522632725 0.5634707984375 0.5223441484375 0.5712479265625 0.4940637953125
2 0.55693673125 0.5510908718749999 0.559241775 0.5275648000000001 0.528482696875 0.523334953125 0.525758675 0.5442200390624999 0.55693673125 0.5510908718749999
2 0.18175312500000002 0.532613265625 0.1948427171875 0.5264613296875 0.17340805937499998 0.43617444843750003 0.157372265625 0.443234634375 0.18175312500000002 0.532613265625
2 0.1557530015625 0.5920629390625 0.1721053984375 0.588553171875 0.1544288359375 0.47488757968749995 0.1389265875 0.47741246249999997 0.1557530015625 0.5920629390625
2 0.19653299062500001 0.6277771671875 0.2140680984375 0.6241446625 0.202384059375 0.5647735484374999 0.18665794687499998 0.56791898125 0.19653299062500001 0.6277771671875
2 0.16503933125 0.6406396125 0.18192171562499998 0.6364771203124999 0.1752493078125 0.5962825109375001 0.15945180781249998 0.598838428125 0.16503933125 0.6406396125
2 0.14055479531249998 0.5781378015625 0.1235498375 0.5811191359375 0.13324225625 0.616518675 0.1503512578125 0.615020528125 0.14055479531249998 0.5781378015625
2 0.2890862265625 0.9231300687499999 0.3207326015625 0.91741581875 0.3207429703125 0.8899502125 0.2858589109375 0.8924242046875 0.2890862265625 0.9231300687499999
2 0.5757459796875 0.377767475 0.5924122609375 0.3545230390625 0.5591826 0.3395079796875 0.54755216875 0.365208228125 0.5757459796875 0.377767475
2 0.90375080625 0.4985196890625 0.87325545 0.498144328125 0.865577325 0.518352928125 0.9038713656249999 0.522387840625 0.90375080625 0.4985196890625
2 0.5550361546875 0.5727849421875 0.5574668828125 0.5504397015625 0.5203673281250001 0.54836724375 0.520687334375 0.5698279234375 0.5550361546875 0.5727849421875
2 0.512866259375 0.66020303125 0.5212321 0.643204190625 0.46511320156249997 0.6276082140625 0.46092221093749997 0.6489459953125001 0.512866259375 0.66020303125
2 0.0074919046875 0.58555605 0.0665596328125 0.6241258937499999 0.098430859375 0.58077414375 0.0293923125 0.5292238640625 0.0074919046875 0.58555605