2 0.5476883609375001 0.3956002609375 0.5414939624999999 0.44915558593749993 0.612284109375 0.45504602343749995 0.6191136171875 0.40385497499999995 0.5476883609375001 0.3956002609375
2 0.436968390625 0.48423515312500004 0.4704151953125 0.48572977812499996 0.47305049062500004 0.441442665625 0.436764146875 0.438513003125 0.436968390625 0.48423515312500004
2 0.42772092500000003 0.771223065625 0.48002812656250005 0.7812960875 0.49321402968749994 0.7118835156250001 0.4384900296875 0.7074941609375001 0.42772092500000003 0.771223065625
2 0.09413279375 0.71706798125 0.147581653125 0.71940115 0.1667439921875 0.623159878125 0.112592925 0.61757284375 0.09413279375 0.71706798125
2 0.053568326562500004 0.46895532968750003 0.0932065921875 0.462028115625 0.08945198125 0.41488333749999995 0.053854120312499996 0.417286221875 0.053568326562500004 0.46895532968750003
2 0.0041787328125000005 0.6723185828125 0.06216135625 0.673681853125 0.0659241015625 0.56434796875 0.00225130625 0.5618963390625 0.0041787328125000005 0.6723185828125
2 0.2142420484375 0.990325884375 0.2225661515625 0.92861029375 0.18916676875 0.920879515625 0.1737074390625 0.988910384375 0.2142420484375 0.990325884375
2 0.0941428734375 0.9557932265625 0.1250031453125 0.9567391593749999 0.13112794375 0.9308001921875 0.0948638890625 0.929057821875 0.0941428734375 0.9557932265625
2 0.1573530421875 0.901838090625 0.189153946875 0.9066260046875 0.1912454390625 0.869771390625 0.1615235890625 0.868510228125 0.1573530421875 0.901838090625
2 0.360394359375 0.2830706015625 0.3936645890625 0.2732853421875 0.380949346875 0.16750520468750002 0.3465180796875 0.1687000453125 0.360394359375 0.2830706015625
2 0.934414584375 0.7035884890624999 0.9632450625000001 0.703382171875 0.9682463968749999 0.66796136875 0.9337824796874999 0.6673752546875 0.934414584375 0.7035884890624999
2 0.8742270515625 0.07991423125 0.8744416828125001 0.1262316015625 0.9036113234375 0.129877765625 0.9097834890625001 0.075138271875 0.8742270515625 0.07991423125
2 0.541377440625 0.1362005796875 0.6146438171875 0.12423414531250002 0.6127538875 0.1076380390625 0.542849109375 0.11835967968750001 0.541377440625 0.1362005796875
2 0.5650340453125 0.0621530015625 0.600089596875 0.055898056249999994 0.5922288265625 0.0207017609375 0.5596718015625 0.027208450000000002 0.5650340453125 0.0621530015625
2 0.3637759921875 0.10248251875 0.42264458281249995 0.09640888125 0.414079521875 0.057660275000000004 0.3602465625 0.070476740625 0.3637759921875 0.10248251875
2 0.0080159296875 0.26172629375 0.053995026562500006 0.2551637578125 0.0292427234375 0.165628984375 0.01127815625 0.1683083171875 0.0080159296875 0.26172629375