2 0.5726590328125 0.15663270625 0.5757028 0.28164483749999997 0.6217898953125001 0.2791218234375 0.6158404359375 0.161068946875 0.5726590328125 0.15663270625
2 0.7057206171875 0.42291873437499994 0.7061231046875001 0.4564349609375 0.7570544859375 0.453690471875 0.7595673734374999 0.41505161562500004 0.7057206171875 0.42291873437499994
2 0.693420759375 0.5290433703125 0.6807464624999999 0.5635195078125 0.7200971984375 0.5769595359374999 0.7272089687500001 0.5396486421875 0.693420759375 0.5290433703125
2 0.7932876296875 0.9422865109374999 0.829651865625 0.9612982609375 0.8484189328125 0.9281968562499999 0.806878078125 0.9096070640624999 0.7932876296875 0.9422865109374999
2 0.2999655953125 0.3487471140625 0.334673725 0.3459532015625 0.32542419218749996 0.3132599984375 0.295482378125 0.3163247359375 0.2999655953125 0.3487471140625
2 0.1370441265625 0.12487148749999999 0.1817759375 0.1327931765625 0.1947734640625 0.0943784890625 0.1377678171875 0.0823470890625 0.1370441265625 0.12487148749999999
2 1 0.1973816484375 0.96542873125 0.2008225984375 0.9729483328124999 0.2368471328125 1 0.2322183734375 1 0.1973816484375
2 0.8627462734375 0.1830105390625 0.8827130249999999 0.17270875937500002 0.8539999406250001 0.0996962625 0.8383480828125001 0.10742575000000001 0.8627462734375 0.1830105390625
2 0.8711070718749999 0.0789830171875 0.8869223093749999 0.0550499109375 0.847629290625 0.048826507812499996 0.8429024374999999 0.055897559375 0.8711070718749999 0.0789830171875
2 0.7715235578125 0.100445528125 0.812023940625 0.104729234375 0.8156661906249999 0.091221771875 0.77325699375 0.0857055328125 0.7715235578125 0.100445528125
2 0.7751500625000001 0.054775564062500004 0.8128239890625 0.05982498125 0.81420025625 0.043544526562500005 0.7753079109375001 0.038586885937499996 0.7751500625000001 0.054775564062500004
2 0.1466716171875 0.22729322812500002 0.0907289328125 0.2066328125 0.078783946875 0.2573796078125 0.124336996875 0.2772060203125 0.1466716171875 0.22729322812500002
2 0.2623228 0.24861316718749998 0.2533478390625 0.32046092656249997 0.2896142328125 0.3268061109375 0.3005972890625 0.2498707890625 0.2623228 0.24861316718749998
2 0.28624499062500003 0.05961921875 0.272237096875 0.1366750234375 0.30572718125 0.13777601875 0.3285316734375 0.0621134609375 0.28624499062500003 0.05961921875