1 0.4297328796875 0.2235198578125 0.45234302812499994 0.236988584375 0.456763653125 0.228968740625 0.43311818906250005 0.21601473593749998 0.4297328796875 0.2235198578125
1 0.41551971718749997 0.209240228125 0.4259192484375 0.21480801718750003 0.4336179765625 0.20114736562500002 0.42378970625 0.1943900609375 0.41551971718749997 0.209240228125
1 0.4861553625 0.198573021875 0.438608025 0.1708518015625 0.4236879359375 0.19366592656249998 0.4730995875 0.221494353125 0.4861553625 0.198573021875
1 0.42721752031250004 0.213514746875 0.46623507656249996 0.23318693750000002 0.4733612140625 0.2207175703125 0.4346037375 0.2002688125 0.42721752031250004 0.213514746875
1 0.35195334375 0.11755405000000001 0.34133623750000003 0.139392634375 0.3736200203125 0.1585295890625 0.3871400671875 0.1362846015625 0.35195334375 0.11755405000000001
1 0.31502304375 0.0916715546875 0.3021710265625 0.11604270000000001 0.3349204109375 0.135854234375 0.348649434375 0.112469065625 0.31502304375 0.0916715546875
1 0.3729097078125 0.1745373578125 0.351077671875 0.1613284921875 0.347641259375 0.1684699984375 0.36895813906249997 0.1806404546875 0.3729097078125 0.1745373578125
1 0.3726546296875 0.17272238125 0.3803979125 0.1620171046875 0.33999208125 0.137732296875 0.3321415921875 0.1503018875 0.3726546296875 0.17272238125
1 0.31253093593750003 0.139740884375 0.2883689828125 0.125750234375 0.28441763125 0.13185487812500002 0.308165084375 0.1455345640625 0.31253093593750003 0.139740884375
1 0.3356445453125 0.1357524640625 0.294769440625 0.1133828546875 0.288056471875 0.12616495156250002 0.3288311359375 0.1478086625 0.3356445453125 0.1357524640625
1 0.197090109375 0.039235278125 0.1855276390625 0.061094696875 0.21365789999999998 0.0767918609375 0.2243063359375 0.0543903125 0.197090109375 0.039235278125
1 0.17555830156250002 0.0675133765625 0.197839496875 0.0802693875 0.2021328671875 0.0721412 0.179793828125 0.058973609375 0.17555830156250002 0.0675133765625