2 0.0585661953125 0.8711481046875 0.0653646140625 0.9037721359375 0.10473556718749999 0.8947536765624999 0.0960573359375 0.8581792921875 0.0585661953125 0.8711481046875
2 0.027225618750000003 0.7523161796875 0.0398604078125 0.7870099890625 0.0749395015625 0.7771284546875 0.0573078515625 0.747227775 0.027225618750000003 0.7523161796875
2 0.0306906921875 0.6668521703125 0.01831488125 0.6683717296875 0.0271084953125 0.7286304671875 0.045854840625 0.7221459640625 0.0306906921875 0.6668521703125
2 0.23081939999999998 0.5460858796875 0.254184571875 0.47490625781249995 0.1678257953125 0.4422939078125 0.1427491421875 0.5108941312499999 0.23081939999999998 0.5460858796875
2 0.3432171578125 0.24510236562499998 0.36405296875 0.1533227578125 0.30859449375 0.1336441390625 0.29649005625 0.239686284375 0.3432171578125 0.24510236562499998
2 0.96052514375 0.158153028125 0.9355727640625 0.15842882656249999 0.9342360234375 0.21575024843750001 0.9677763687500001 0.2172095234375 0.96052514375 0.158153028125
2 0.9875060640625 0.377894990625 0.9746901703124999 0.27351790781249996 0.9185016140625001 0.258111671875 0.9043472875 0.3588311484375 0.9875060640625 0.377894990625
2 0.33717995312500004 0.696135990625 0.344134503125 0.6618233078125 0.3147783296875 0.650093178125 0.3036985109375 0.6849123796875001 0.33717995312500004 0.696135990625
2 0.400072259375 0.6967776921875 0.41527579687499994 0.6614521609375 0.368912596875 0.6476274906249999 0.35766406562499997 0.6810726375 0.400072259375 0.6967776921875
2 0.3213794890625 0.8402718874999999 0.329539571875 0.8044179859374999 0.2792447390625 0.7813173828125 0.26575249218749997 0.8192207625 0.3213794890625 0.8402718874999999
2 0.2309718171875 0.9224728359375 0.2605229875 0.924418771875 0.26385685312499996 0.8947349671874999 0.24634387812499997 0.8885198109375001 0.2309718171875 0.9224728359375
2 0.3974237546875 0.9480405265625 0.3746050890625 0.9327181484375 0.360074471875 0.9735369921875 0.39305151562499996 0.9806397953125 0.3974237546875 0.9480405265625
2 0.4257945046875 0.940372721875 0.3939978796875 0.9428836593750001 0.400432396875 0.9839162765625 0.4355097484375 0.9740333828125 0.4257945046875 0.940372721875
2 0.4453967578125 0.861291221875 0.4446318296875 0.8209572359375 0.392235328125 0.8148440718750001 0.3839067234375 0.8493254671875 0.4453967578125 0.861291221875
2 1 0.8650521046874999 0.934269296875 0.864000025 0.9447759437500001 0.9268379703124999 1 0.9207827875 1 0.8650521046874999
2 1 0.9402208515625 0.9903239859375 0.9226385718750001 0.93893938125 0.9247666421874999 0.937512184375 0.947247203125 1 0.942314228125 1 0.9402208515625
2 0.7203641968750001 0.8498347875000001 0.660444959375 0.8279174875 0.6536587421875 0.863601125 0.7065347156249999 0.8849916062500001 0.7203641968750001 0.8498347875000001
2 0.57870481875 0.730608465625 0.5806644390625 0.7010918234375 0.5470127328125 0.688494346875 0.5369712859375 0.720398084375 0.57870481875 0.730608465625
2 0.3080786765625 0.9520069546875 0.3543631328125 0.9684340562499999 0.373857990625 0.9006451296875 0.3325285203125 0.8880458234375 0.3080786765625 0.9520069546875
2 0.307018259375 0.48538776562499997 0.3197585 0.45274493125 0.2743290296875 0.4262290578125 0.261249025 0.46829762031250005 0.307018259375 0.48538776562499997