2 0.9865980359375 0.0850601203125 0.9917651749999999 0.023863746875 0.9356539828124999 0.02424933125 0.9271803234375 0.083131184375 0.9865980359375 0.0850601203125
2 0.9161142359375001 0.2316406828125 0.953066065625 0.23930163906250002 0.9573494703125001 0.21252905625000001 0.9216455171875 0.208406234375 0.9161142359375001 0.2316406828125
2 0.7697639203125 0.590747978125 0.7610971156249999 0.604543525 0.8309007625 0.6061130218749999 0.8333683093750001 0.5943837953125 0.7697639203125 0.590747978125
2 0.672732690625 0.8155084531250001 0.667965921875 0.8826315546875 0.7252926109375 0.8837499859375001 0.73094395 0.8162723296875001 0.672732690625 0.8155084531250001
2 0.7130824046875001 0.8136180281250001 0.7623147546875 0.8103864359375 0.76231833125 0.7765702859375 0.7165444265625001 0.7738093562499999 0.7130824046875001 0.8136180281250001
2 0.79151795 0.8164026859375 0.7931814484374999 0.84366218125 0.84390408125 0.8407561953125 0.8455114734375 0.8136802671875 0.79151795 0.8164026859375
2 0.638660775 0.8706849296874999 0.60185231875 0.8713274249999999 0.601527809375 0.8867573125 0.641908584375 0.8866463046874999 0.638660775 0.8706849296874999
2 0.604468625 0.851109934375 0.6029273234375 0.8647826671875001 0.6322780781249999 0.8622419140625001 0.63355794375 0.8506021796875001 0.604468625 0.851109934375
2 0.9975369000000001 0.745768278125 0.9926669609375001 0.7049173609375 0.9609336078125 0.7070433828125 0.96073000625 0.7464107453125 0.9975369000000001 0.745768278125
2 0.068909534375 0.107604428125 0.06685784375 0.09221601562500001 0.030920115625 0.09162125 0.029726440625 0.1082883703125 0.068909534375 0.107604428125
2 0.09009335625 0.096554909375 0.0758455265625 0.09680360625 0.0707200109375 0.10935278281250001 0.090310775 0.10901082499999999 0.09009335625 0.096554909375
2 0.077766246875 0.07066766875 0.078660115625 0.08785624843749999 0.0931922515625 0.08697436875 0.0926061734375 0.07040863593749999 0.077766246875 0.07066766875