2 0.48647446875 0.2908692390625 0.5172072078125 0.26856352031249997 0.4922070109375 0.237868378125 0.46355657656249993 0.26383245624999996 0.48647446875 0.2908692390625
2 0.1005226328125 0.5678713875 0.1251983015625 0.5946297656249999 0.1589576640625 0.5724458296875 0.13629141875 0.541314584375 0.1005226328125 0.5678713875
2 0.6904188640625 0.82320518125 0.7088660906250001 0.859970478125 0.7335468796875 0.850693778125 0.7223015296875 0.815750859375 0.6904188640625 0.82320518125
2 0.8324695921874999 0.6990835328125 0.8441754375 0.712263034375 0.900153990625 0.682350284375 0.88791910625 0.6639328046874999 0.8324695921874999 0.6990835328125
2 0.06523681875000001 0.9432693265625 0.07584300000000001 0.95481954375 0.1366062015625 0.9247517125 0.1312811921875 0.9082107687500001 0.06523681875000001 0.9432693265625
2 0.184891234375 0.7589570625000001 0.20120142031250002 0.7822296109375 0.2330781390625 0.7633511937499999 0.21259947499999998 0.7384307625 0.184891234375 0.7589570625000001
2 0 0.512915928125 0.0250671625 0.543141065625 0.036946884375 0.5346452562499999 0.053409779687500006 0.5512809562500001 0.0593304328125 0.5431262390625 0.0636894328125 0.53838598125 0.030257601562500003 0.492410778125 0 0.5111991875 0 0.512915928125
2 0.10502435624999999 0.38375507343750004 0.1171324203125 0.3956685671875 0.1738423921875 0.347600690625 0.15814074375 0.3376690703125 0.10502435624999999 0.38375507343750004
2 0.12516275937500002 0.40461942031250003 0.13846951406250002 0.412734571875 0.18851528125 0.36812680468750003 0.1775986 0.3580321421875 0.12516275937500002 0.40461942031250003
2 0.44702154375 0.8767874734375001 0.4600847375 0.8909558750000001 0.49501698125000004 0.8685861734375001 0.4778763078125 0.8514566734375 0.44702154375 0.8767874734375001
2 0.25000449062499996 0.8436513328125 0.257047715625 0.8539608296875001 0.3211205921875 0.8371984390625 0.31762514999999997 0.8227201203125001 0.25000449062499996 0.8436513328125