2 0.19916293125 0.37044372187499996 0.21523399687500003 0.3186398515625 0.1643764421875 0.30290996875 0.1446513890625 0.3507642671875 0.19916293125 0.37044372187499996
2 0.007424909374999999 0.585169421875 0.0446710984375 0.5960509968750001 0.06879983437500001 0.52899199375 0.019688298437499998 0.5115937703125 0.007424909374999999 0.585169421875
2 0.5669699828125 0.348232746875 0.5748949453125001 0.3165729546875 0.5174893921875 0.30811332343750003 0.5094320625 0.34447175625000004 0.5669699828125 0.348232746875
2 0.9646335078125 0.2953859578125 0.9204552046875 0.27453802031249996 0.8977508203125 0.3503990859375 0.9567039640624999 0.3655620765625 0.9646335078125 0.2953859578125
2 0.7222325281249999 0.0177388625 0.6947306171875 0.009479379687500001 0.67923773125 0.061148164062499996 0.707050228125 0.0681204109375 0.7222325281249999 0.0177388625
2 0.6810649546875001 0.040028648437499995 0.6555665875 0.032522142187500006 0.6410975546875 0.0833467859375 0.6638477140625 0.0908270828125 0.6810649546875001 0.040028648437499995
2 0.52430731875 0.23206648593749998 0.5186981609375 0.24736249687499998 0.63070755625 0.249506759375 0.63164849375 0.23245974375 0.52430731875 0.23206648593749998
2 0.715474071875 0.3316019109375 0.674801665625 0.3190770765625 0.6634491203125 0.3570060859375 0.7116586218750001 0.3691843734375 0.715474071875 0.3316019109375
2 0.9783754703125 0.4462343625 0.90298758125 0.4575517609375 0.90231625625 0.5021473203125 0.9832651296874999 0.4938084359375 0.9783754703125 0.4462343625
2 0.8876328250000001 0.486056721875 0.8547900515625001 0.494248440625 0.857677490625 0.5252384953125 0.8968394921874999 0.518023734375 0.8876328250000001 0.486056721875
2 0.75960859375 0.4224699328125 0.7575595671875 0.43998925624999996 0.813052009375 0.4454412203125 0.82098653125 0.427020146875 0.75960859375 0.4224699328125
2 0.8577623765625001 0.5599192015625001 0.7951923078124999 0.5713210078125 0.8006182109375001 0.597462640625 0.8586935859375 0.5877078859375 0.8577623765625001 0.5599192015625001
2 0.8198271703125 0.7281761171875 0.8340713624999999 0.697493284375 0.7748865859375 0.681326996875 0.766999971875 0.7197515421875 0.8198271703125 0.7281761171875
2 0.7913590078125 0.6233432 0.781252465625 0.6640297828125 0.8586831453125001 0.6747649375 0.8722137999999999 0.637032240625 0.7913590078125 0.6233432
2 0.1990595390625 0.4940506421875 0.13039574375000001 0.476418153125 0.12825848125 0.49091582031250003 0.19344334375 0.507996440625 0.1990595390625 0.4940506421875
2 0.08823398593750001 0.639565184375 0.09958196875 0.6253785265625 0.024277671875 0.6027380328125 0.018635121875 0.617889409375 0.08823398593750001 0.639565184375
2 0.017965973437499998 0.63082779375 0.0199005734375 0.6431666625 0.0655868328125 0.6589326328125 0.0694080296875 0.6451302343750001 0.017965973437499998 0.63082779375
2 0.2588151890625 1 0.2679382546875 0.9481254609375 0.23181421093750001 0.9355127140624999 0.2211155328125 0.99606990625 0.24561123125 1 0.2588151890625 1
2 0.1367071953125 1 0.0980935609375 0.9818576968749999 0.10228204062499999 1 0.1367071953125 1
2 0.475416421875 0.8490881453125001 0.4925109859375 0.7964386125 0.452055115625 0.7888108953125 0.43438540937500003 0.8402958953124999 0.475416421875 0.8490881453125001
2 0.7712136328125 0.8818536546875 0.7318308421874999 0.8775542218749999 0.7199428671875 0.913170978125 0.7611070921875001 0.9225402375 0.7712136328125 0.8818536546875
2 0.48168711406250003 0.50672466875 0.4521400328125 0.4922391140625 0.43807301875000004 0.5289683078125 0.4688667640625 0.5382959125 0.48168711406250003 0.50672466875