2 0.255135890625 0.2675677546875 0.301513021875 0.23944157812500003 0.269230596875 0.191310153125 0.227569696875 0.22202629062499998 0.255135890625 0.2675677546875
2 0.483043840625 0.0349594734375 0.46347482656250005 0.001452146875 0.3950514703125 0.0311508203125 0.423814046875 0.074594525 0.483043840625 0.0349594734375
2 0.0671257484375 0.032717903124999996 0.0076918828125 0.05496889218749999 0.006939896875 0.0980501015625 0.007462865625 0.09937869218749999 0.07978434375 0.0782226609375 0.0671257484375 0.032717903124999996
2 0.34014025000000003 0.6170452640625 0.3689423890625 0.6016965109375 0.3513734328125 0.5467775765625 0.3180442453125 0.5633914703125 0.34014025000000003 0.6170452640625
2 0.382952525 0.9625100765625 0.41240960624999995 0.99854726875 0.4183779 0.9986514453125 0.48004214687499996 0.9756613828124999 0.451067503125 0.92212765625 0.382952525 0.9625100765625
2 0.0711595390625 0.8076139625 0.08582699218749999 0.8323008015625 0.13103906406250002 0.8053810796875001 0.117545471875 0.7800814734375 0.0711595390625 0.8076139625
2 0.084043196875 0.7640387234375 0.09749534062500001 0.78696369375 0.1426196171875 0.757968625 0.1298577546875 0.737703890625 0.084043196875 0.7640387234375
2 0.0158290421875 0.730786659375 0.004071971875 0.7369302859375 0.0048573765625 0.782642290625 0.03772968125 0.761877928125 0.0158290421875 0.730786659375
2 0.2593904046875 0.5792612874999999 0.24590572968750002 0.5884042703125 0.27225548593750004 0.692461815625 0.2885685 0.687424784375 0.2593904046875 0.5792612874999999
2 0.366739609375 0.713378525 0.38873195 0.74981275625 0.4242750125 0.73701861875 0.4007955359375 0.6931873421875 0.366739609375 0.713378525
2 0.556304175 0.9012862875 0.56356093125 0.977172759375 0.6109047671875001 0.9704079640625001 0.5994126468750001 0.8898462609375001 0.556304175 0.9012862875
2 0.58025076875 0.8456427 0.580247765625 0.8794916578124999 0.613492515625 0.8806913265625 0.6110188187500001 0.8409471953125 0.58025076875 0.8456427
2 0.5040811296875 0.764426859375 0.487577909375 0.7706533296875 0.5068416296875 0.8291072843749999 0.5227959828125 0.816951990625 0.5040811296875 0.764426859375
2 0.6406159515625001 0.769169721875 0.6446898984375 0.8326395390625001 0.6718784171875 0.8268203968750001 0.6672937109375 0.76811021875 0.6406159515625001 0.769169721875
2 0.7724460671875 0.776370065625 0.79877150625 0.7551261375 0.777817121875 0.7059062203125 0.7424418937499999 0.722854309375 0.7724460671875 0.776370065625
2 0.7271985265625001 0.733215671875 0.6901655046874999 0.7528649796875 0.7230084671875 0.828006359375 0.7563469781250001 0.8057492578125001 0.7271985265625001 0.733215671875
2 0.3877032734375 0.14707953437500002 0.4214232765625 0.2094380375 0.43359614375 0.200614871875 0.4012532453125 0.141498453125 0.3877032734375 0.14707953437500002
2 0.5247843609375 0.081144284375 0.5358042859375 0.0667013234375 0.49793488750000003 0.0044136859375 0.4845986265625 0.0135540765625 0.5247843609375 0.081144284375
2 0.5491175968750001 0.040041475 0.523290303125 0.0003303703125 0.515305271875 0.00019099062499999998 0.5103270656250001 0.0006343375 0.5366496203125 0.0470882703125 0.5491175968750001 0.040041475
2 0.8786734015625 0.16642011875 0.928711428125 0.144168446875 0.9138662515625 0.109389421875 0.8576961093750001 0.1344204125 0.8786734015625 0.16642011875
2 0.8809972593750001 0.0065741671875000005 0.900362846875 0.0303474234375 0.9300216000000001 0.0152806375 0.925942475 0.0073586890625 0.8809972593750001 0.0065741671875000005
2 0.7858213640625 0.42101845000000004 0.83277143125 0.3916945921875 0.814314046875 0.354009415625 0.768633059375 0.3836096046875 0.7858213640625 0.42101845000000004
2 0.92242420625 0.6336058421875 0.9361234843749999 0.6707786687499999 0.9731565109375 0.6511293609375 0.9541070296875 0.61345451875 0.92242420625 0.6336058421875
2 0.4808912703125 0.45543920781249997 0.5020946296875 0.48060423906249994 0.5296265499999999 0.4605269328125 0.5131263328125 0.43290444531250005 0.4808912703125 0.45543920781249997