2 0.2075546875 0.0195937515625 0.209403125 0.1237984375 0.261009375 0.12201562343750001 0.261009375 0.024640625 0.2075546875 0.0195937515625
2 0.2491453125 0.5020187515625001 0.2183015609375 0.5150812499999999 0.2390625 0.5993937500000001 0.2687203125 0.5940515625 0.2491453125 0.5020187515625001
2 0.3238859375 0.48717499999999997 0.2769375 0.498753125 0.2954140625 0.5857375015625 0.338121875 0.57920625 0.3238859375 0.48717499999999997
2 0.0373828125 0.5133 0.03765625 0.466690625 0.01899375 0.46520625000000004 0.016621875 0.51389375 0.0373828125 0.5133
2 0.0314515625 0.5340812500000001 0.0338234390625 0.53526875 0.0332296875 0.5809875 0.055770312499999995 0.5809875 0.049839062499999996 0.5358625015625 0.0314515625 0.5340812500000001
2 0.022553125 0.615425 0 0.618096875 0.003571875 0.6789578140625 0.021367187500000002 0.6747999984375 0.022553125 0.615425
2 0.0587375015625 0.6825203125 0.035878125 0.6866765625 0.0462796875 0.7502078125 0.0664484375 0.7418953125 0.0587375015625 0.6825203125
2 0.0184015625 0.6908328140625 0.002965625 0.6929109375 0.0047578140625 0.7567390625 0.023739062499999998 0.7502078125 0.0184015625 0.6908328140625
2 1.5625e-9 0.8743015625 0 0.9212093734375 0.021959375 0.917053125 0.0112828125 0.8731140640625 0.010690624999999999 0.869553125 1.5625e-9 0.8743015625
2 0.4067761609375 0.9914673578125001 0.40634218750000006 0.9716781265625001 0.3845703109375 0.9716781265625001 0.3837481125 0.987820071875 0.4067761609375 0.9914673578125001
2 0.37667812500000003 0.8315531249999999 0.3596640625 0.8336296875 0.363628125 0.909334375 0.3766781265625 0.9087406250000001 0.37667812500000003 0.8315531249999999
2 0.4140484375 0.8321453125 0.3979125 0.8318484375 0.40159218750000003 0.8974593750000001 0.4176078140625 0.8962718734375 0.4140484375 0.8321453125
2 0.4472671859375 0.8511453124999999 0.42815624999999996 0.8514421875 0.42769218750000004 0.8927078140625 0.44726718749999994 0.8944906250000001 0.4472671859375 0.8511453124999999
2 0.38616875156249997 0.6997374984375 0.3721171875 0.7035984375 0.3784578125 0.7335828125 0.390915625 0.7323953125 0.38616875156249997 0.6997374984375