2 0.336344634375 0.9897770515625 0.332734440625 0.9637961625000001 0.2986560078125 0.967969675 0.3009578625 0.9873025671875 0.336344634375 0.9897770515625
2 0.0988005546875 0.8108199109375 0.082250071875 0.81524798125 0.09889920937499999 0.8966378765625 0.11282067343749999 0.8924398140625 0.0988005546875 0.8108199109375
2 0.119414825 0.6892152046875 0.1383125671875 0.6869658484375 0.1289192671875 0.6204391859375 0.110962284375 0.6261807765625 0.119414825 0.6892152046875
2 0.021750134375 0.4608425921875 0.0380451140625 0.4597149734375 0.0289461359375 0.36932027500000003 0.0110114078125 0.36850371875 0.021750134375 0.4608425921875
2 0.0042072765625 0.422372753125 0.0144873671875 0.421841234375 0.0094456234375 0.371026346875 0.0077835546874999995 0.371229590625 0.0042072765625 0.422372753125
2 0.23537468437500003 0.6674492484375001 0.272315771875 0.666899403125 0.2616683265625 0.6064395078125 0.2307851453125 0.60735338125 0.23537468437500003 0.6674492484375001
2 0.40123275156249993 0.35045626093750004 0.40598483906249994 0.39116575 0.48018075312499997 0.381694359375 0.4715516453125 0.34430415625 0.40123275156249993 0.35045626093750004
2 0.3045235359375 0.161635253125 0.33821979375 0.1610712859375 0.3338211515625 0.11079458281250001 0.2981056609375 0.1109391953125 0.3045235359375 0.161635253125
2 0.3266998609375 0.10426383125000001 0.3200698046875 0.06252660625 0.25566115 0.068161634375 0.2614394140625 0.106993290625 0.3266998609375 0.10426383125000001
2 0.0240994046875 0.763117775 0.06909882656250001 0.7570947718750001 0.060016203125 0.7176581828125 0.0176779015625 0.7237463765625 0.0240994046875 0.763117775
2 0.0472531015625 0.3951338828125 0.0711761390625 0.3960209765625 0.06961643906250001 0.3645684796875 0.0466218453125 0.3671762609375 0.0472531015625 0.3951338828125
2 0.0141753109375 0.2798232359375 0.0417103796875 0.27701122031250003 0.0336712078125 0.23956940312500002 0.0167988421875 0.242304975 0.0141753109375 0.2798232359375
2 0.4303483828125 0.201586546875 0.46483519375000004 0.19946336874999998 0.45896364062500006 0.13918165625 0.424515621875 0.14696518125 0.4303483828125 0.201586546875
2 0.723840853125 0.3413042859375 0.7583617546875 0.335304009375 0.7439704203125 0.28649757343750004 0.7127546234375 0.29042220625000004 0.723840853125 0.3413042859375
2 0.864026003125 0.300430809375 0.897750334375 0.295096240625 0.8922944625 0.239547871875 0.85550415625 0.24097855468749999 0.864026003125 0.300430809375
2 0.94591825625 0.41008726875 0.9338085250000001 0.353332984375 0.90071618125 0.3562281890625 0.9122892828125 0.4136254390625 0.94591825625 0.41008726875
2 0.8175329296875 0.5038680265625 0.807091675 0.44309364999999995 0.7722057171875 0.452701975 0.7845446984375 0.505264078125 0.8175329296875 0.5038680265625
2 0.728125875 0.7781117562500001 0.7463774421875 0.7768129609375001 0.7313252734375 0.7000514921875001 0.7167590125000001 0.703709946875 0.728125875 0.7781117562500001
2 0.6472984140625 0.67074778125 0.6818170390625 0.66504414375 0.6766805921875 0.6267539203125 0.643332484375 0.62668984375 0.6472984140625 0.67074778125
2 0.8263129921875001 0.7981303625 0.8434080406250001 0.7969327484375001 0.8259888890625 0.6726969234375 0.810779253125 0.6758140781249999 0.8263129921875001 0.7981303625
2 0.846790359375 0.6994858953125 0.8437682343749999 0.6717374484375 0.828787984375 0.670663978125 0.8326618968749999 0.70131799375 0.846790359375 0.6994858953125
2 0.7389591140625 0.0154887 0.7363228828125 0.049353884375000004 0.75276555625 0.0467233015625 0.754335034375 0.0165638890625 0.7389591140625 0.0154887
2 0.7618367171875 0.0170884578125 0.7572635609375 0.05050190156249999 0.7739651171874999 0.050830328125000004 0.776259571875 0.0180970015625 0.7618367171875 0.0170884578125
2 0.7850603406250001 0.0187124125 0.78237639375 0.05098689375 0.7949057953125 0.05197834531249999 0.79891790625 0.0196814265625 0.7850603406250001 0.0187124125
2 0.765831890625 0.33137235781249996 0.7896811828125 0.33256391406249997 0.7915757171875 0.27935255937500003 0.7619997109375001 0.2747879078125 0.765831890625 0.33137235781249996
2 0.7037488890625 0.1320717234375 0.5795172015625 0.09466155937500001 0.5706997125 0.130002034375 0.6923808609375001 0.16644173906249998 0.7037488890625 0.1320717234375
2 0.41793553125000005 0.1311487984375 0.431182940625 0.12790530625000002 0.427850325 0.0966079171875 0.41582427656250004 0.0952744203125 0.41793553125000005 0.1311487984375
2 0.44972610625 0.1373077546875 0.4619919828125 0.1329565296875 0.4573449515625 0.0934298859375 0.439926428125 0.0985314859375 0.44972610625 0.1373077546875
2 0.053648617187500004 0.33557013125 0.0646129828125 0.334610875 0.0588330265625 0.2957777953125 0.04598793125 0.29868965 0.053648617187500004 0.33557013125
2 0.0701294359375 0.31982224375 0.087007153125 0.3183456359375 0.08496825625 0.3018355109375 0.0720714125 0.304155875 0.0701294359375 0.31982224375
2 0.1272639875 0.3094594578125 0.141776559375 0.3046136640625 0.139841159375 0.2892865203125 0.12447796874999999 0.2906306265625 0.1272639875 0.3094594578125
2 0.1542279578125 0.2400483875 0.165196025 0.2387907953125 0.16777932812500002 0.22068424531250003 0.1497189859375 0.22524441093749997 0.1542279578125 0.2400483875
2 0.133782784375 0.261505703125 0.14331765000000002 0.2609695203125 0.14164099218749998 0.2485998296875 0.1339076484375 0.248680390625 0.133782784375 0.261505703125