2 0.814532925 0.0808856796875 0.84347630625 0.09341218125 0.8749362656249999 0.0438106609375 0.8387457312500001 0.033032621875 0.814532925 0.0808856796875
2 0.7786755999999999 0.07108571875 0.7939318921875 0.028139346875 0.7721764624999999 0.025852759375 0.7306591499999999 0.02857184375 0.7150971937499999 0.0538633328125 0.7786755999999999 0.07108571875
2 0.47685358593749994 0.1446256625 0.467980078125 0.188825165625 0.542218646875 0.1986516265625 0.54588899375 0.156699375 0.47685358593749994 0.1446256625
2 0.1308688390625 0.6657227875 0.138832175 0.7463768749999999 0.408305003125 0.7183140046875 0.39158678281250003 0.6328159453125 0.1308688390625 0.6657227875
2 0.05187539375 0.462251284375 0.1012060484375 0.451575734375 0.09991843593750001 0.42814309531249994 0.0505206734375 0.43004817031250003 0.05187539375 0.462251284375
2 0.09867329062499999 0.8811192218749999 0.09905599375 0.8195197343749999 0.0308620703125 0.816884965625 0.0274661765625 0.8843127656249999 0.09867329062499999 0.8811192218749999
2 0.23468932812499999 0.9096777843750001 0.3415537453125 0.9090329296874999 0.34622254531249996 0.841362021875 0.240763675 0.8402476859375 0.23468932812499999 0.9096777843750001
2 1 0.330553903125 0.9959732421874999 0.329418428125 0.9845877765625 0.36894841718750004 1 0.37594173125 1 0.330553903125
2 0.939179725 0.6781392828125 0.9301897421875 0.64736991875 0.88899533125 0.6604230109375 0.9022082984375001 0.68582438125 0.939179725 0.6781392828125
2 0.9642971921875001 0.8658934140625 0.8987407640624999 0.8844232078125 0.9028146687499999 0.9014477421875 0.9623971421874999 0.8839711843750001 0.9642971921875001 0.8658934140625
2 0.9680946625000001 0.8297628984375001 0.9012733203125001 0.8554759687500001 0.9070895828125 0.8684870874999999 0.9660786609375001 0.848943865625 0.9680946625000001 0.8297628984375001
2 0.9039805218750001 0.840434365625 0.9693451578125 0.817865234375 0.9696617062499999 0.81485346875 0.96142408125 0.8037905249999999 0.8980450187500001 0.8288040453125 0.9039805218750001 0.840434365625
2 0.35496166093750003 0.8368487 0.35128961875 0.8629184875 0.4394463109375 0.8567408421874999 0.4350769703125 0.8271913359375 0.35496166093750003 0.8368487