2 0.738445109375 0.5157213875 0.761813334375 0.48491705781250005 0.7290560875 0.4626872515625 0.7095137828125 0.4952471140625 0.738445109375 0.5157213875
2 0.49054192187499995 0.8659253625 0.457553646875 0.8460586359375 0.43839645000000005 0.88162299375 0.46720362968750007 0.903872615625 0.49054192187499995 0.8659253625
2 0.1660758140625 0.3060638953125 0.1302857640625 0.2979068109375 0.12319543749999999 0.3233022015625 0.1614286140625 0.3384749234375 0.1660758140625 0.3060638953125
2 0.30288163125 0.127844728125 0.2834678953125 0.117261590625 0.258547825 0.17563419687499998 0.27269740625 0.186146828125 0.30288163125 0.127844728125
2 0.10573163593749998 0.94950298125 0.1254785578125 0.902893634375 0.1085364515625 0.8990305265625 0.089708990625 0.9472511453125 0.10573163593749998 0.94950298125
2 0.28752514375 0.807087490625 0.2609147078125 0.7888587125 0.24488636874999997 0.8222594921875 0.26949188749999997 0.8364792765625 0.28752514375 0.807087490625
2 0.531952478125 1 0.5485010906250001 0.96729344375 0.4997870609375 0.93799583125 0.49544475156249995 0.9427513875000001 0.48783708593749997 0.9493602390625 0.5058443171875 0.964310590625 0.498416225 0.9768855656250001 0.5318343921875 1 0.531952478125 1
2 0.6915082109374999 0.82641030625 0.68024589375 0.81163400625 0.637303528125 0.87231756875 0.650226975 0.8833412296875001 0.6915082109374999 0.82641030625
2 0.6695267609375 0.8088012499999999 0.658519059375 0.7988059203125 0.618442815625 0.8525490703124999 0.6276868453125 0.8650979062499999 0.6695267609375 0.8088012499999999
2 0.15180893281250002 0.552670971875 0.13325070625 0.5370884578124999 0.1140106734375 0.573837421875 0.12926369375 0.5856160484374999 0.15180893281250002 0.552670971875
2 0.1944029453125 0.7098077703125 0.17967506875 0.7075874984375 0.168560784375 0.7728774984375 0.179444909375 0.7789953875 0.1944029453125 0.7098077703125