2 0.8233134109375 0.709486803125 0.8705865796875001 0.7314200343749999 0.8889931125 0.7067257796875 0.8443046859375001 0.6794581749999999 0.8233134109375 0.709486803125
2 0.9165725515625001 0.540318065625 0.966465165625 0.5605208890625 0.9963877078125 0.5179585890625 0.9463308765624999 0.49053766562499995 0.9165725515625001 0.540318065625
2 0.8199125390625 0.61007571875 0.8653516609375 0.6344493250000001 0.8869970171875 0.597319178125 0.84181256875 0.57358095 0.8199125390625 0.61007571875
2 0.5523335109375 0.387196559375 0.5963050796875 0.41406362343750003 0.636507728125 0.363650953125 0.5912246750000001 0.3321042578125 0.5523335109375 0.387196559375
2 0.4383373296875 0.43113395312499997 0.46730797031250004 0.449896925 0.49456444375 0.401863459375 0.46340429062500005 0.384892896875 0.4383373296875 0.43113395312499997
2 0.6601867859375 0.020417048437499998 0.6393594484375 0.04926796875 0.679016659375 0.07822682343750001 0.7044431921875 0.04222609375 0.6601867859375 0.020417048437499998
2 0.354048709375 0.5194202531250001 0.38660418750000003 0.5383856687499999 0.403749428125 0.49822473125 0.371001709375 0.484028978125 0.354048709375 0.5194202531250001
2 0.7789493328125 0.7949883625 0.81062456875 0.8129306921874999 0.8543513203125 0.7486248359375 0.822439475 0.7327478015625 0.7789493328125 0.7949883625
2 0.073328784375 0.2323374078125 0.0483905546875 0.2093460515625 0.032657953125 0.24161112343750002 0.0546038859375 0.26328256250000004 0.073328784375 0.2323374078125
2 0.1707233859375 0.9586369765624999 0.1798784765625 0.9446342203125001 0.129831178125 0.9214117328125001 0.1113351515625 0.9502905046875 0.1707233859375 0.9586369765624999
2 0.5234562796875 0.7716724421875 0.55444468125 0.7886188671875 0.56035321875 0.7648662671875 0.5335727421875001 0.755106665625 0.5234562796875 0.7716724421875
2 0.5382528078125 0.7473702140625 0.57142168125 0.762824328125 0.5752419125 0.7441745015625 0.5424941953125 0.7299787484375 0.5382528078125 0.7473702140625