2 0.719545659375 0.26774422656249997 0.731040428125 0.3154035953125 0.781964475 0.29804900624999997 0.774416203125 0.2571278421875 0.719545659375 0.26774422656249997
2 0.37823140781250003 0.5909223875 0.36481427499999997 0.55519354375 0.2746518625 0.583458990625 0.28205504375 0.614804028125 0.37823140781250003 0.5909223875
2 0.30866710625 0.5055085625 0.25725458749999996 0.5151324625 0.26624731874999996 0.5492551828125001 0.314222409375 0.5365152953125001 0.30866710625 0.5055085625
2 0.18363670468749999 0.7549762984374999 0.175931471875 0.7214820703125 0.0982894984375 0.74498838125 0.107375728125 0.7754988734375 0.18363670468749999 0.7549762984374999
2 0.27763931875000003 0.8478932359375 0.2643811484375 0.7834203468750001 0.1706160390625 0.8073938609375 0.188372015625 0.8654738734375 0.27763931875000003 0.8478932359375
2 0.1588666546875 1 0.21131615468749998 0.990322246875 0.1936448140625 0.9115130921875 0.1306383484375 0.9239671640625 0.15013957656250002 1 0.1588666546875 1
2 0.073686990625 0.19662260625 0.06805241875 0.184272534375 0.0319193984375 0.1959477125 0.031725962499999996 0.207370171875 0.073686990625 0.19662260625
2 0.055184020312500005 0.15669193125 0.01921648125 0.1695446015625 0.0233854234375 0.1821543 0.0580039796875 0.17249072031249998 0.055184020312500005 0.15669193125
2 0.048265778125 0.133074925 0.0139059859375 0.14030221874999999 0.014375389062499999 0.1564297796875 0.0542843625 0.14602425937500002 0.048265778125 0.133074925
2 0.05031621093750001 0.337513515625 0.0411673859375 0.30440204843749996 0.0104993625 0.312311246875 0.016634653125000003 0.3474335625 0.05031621093750001 0.337513515625
2 0.0681653765625 0.4645169453125 0.1337202609375 0.44673131718750003 0.126792484375 0.42731274687500004 0.0632726953125 0.44463564062499994 0.0681653765625 0.4645169453125
2 0 0.5130929562500001 0.00107901875 0.5336818609375 0.0062948953125 0.5707947515625 0.030026703125 0.56431164375 0.012117515625 0.49020952500000003 0 0.49504589687499995 0 0.5130929562500001
2 0 0.400532809375 0.0078772171875 0.3960441875 0 0.37421119062499997 0 0.400532809375
2 0.645437475 0.5659603125 0.6263433171874999 0.53463314375 0.604313628125 0.548523325 0.6173472953125 0.5772798703124999 0.645437475 0.5659603125
2 0.58407118125 0.6263368687499999 0.6038937578125 0.6607363078125 0.6378058734375001 0.6289810515625 0.6167856265625 0.603147278125 0.58407118125 0.6263368687499999
2 0.8353398562500001 0.6373050171875 0.8286939156249999 0.6177474328125 0.7815453812500001 0.6363685859375 0.7867074781250001 0.6560337265625 0.8353398562500001 0.6373050171875