2 1 0.6539159125 0.9666447109374999 0.659145725 0.9714123390625 0.6931461296875 1 0.6892352359375 1 0.6539159125
2 0.81777446875 0.895713784375 0.822490709375 0.9121844687499999 0.9035776406249999 0.894117415625 0.8991372562500001 0.8802713375 0.81777446875 0.895713784375
2 0.6958285140625 0.8772249484374999 0.6932496890625 0.8583693421874999 0.6268970953124999 0.8689222609374999 0.632951203125 0.886776303125 0.6958285140625 0.8772249484374999
2 0.46919516562499997 0.9788604171875 0.46778333437499997 0.9625876 0.37756120000000004 0.9732627984375 0.3770577734375 0.99120904375 0.46919516562499997 0.9788604171875
2 0.431240034375 1 0.43032650156249996 0.9868027453125 0.3796073453125 0.9927305640625 0.3806253375 1 0.431240034375 1
2 0.67204209375 0.7616626203125 0.670847621875 0.7247367546875 0.6105827578125 0.736437746875 0.6120354796874999 0.767300278125 0.67204209375 0.7616626203125
2 0.3522027640625 0.6013621031249999 0.39282311875000003 0.5959002609375 0.38205827187499997 0.521880946875 0.3448243609375 0.5311612890624999 0.3522027640625 0.6013621031249999
2 0.1650983234375 0.701351971875 0.163946359375 0.6676706875 0.11375408281249999 0.672946109375 0.1145219921875 0.7086536375 0.1650983234375 0.701351971875
2 0.10734860937499999 0.68018029375 0.06573345 0.6875377546875 0.07249170625 0.75183825625 0.11121660468750001 0.7453831656250001 0.10734860937499999 0.68018029375
2 0.7713833109375 0.971236075 0.7645758781249999 0.926348621875 0.7253038078125 0.936118128125 0.7321299796875 0.9783437265625 0.7713833109375 0.971236075
2 0.4030513765625 0.9545081078125 0.4035208234375 0.9305732328125 0.372100334375 0.93268161875 0.3751090328125 0.955627196875 0.4030513765625 0.9545081078125
2 0.28958223125 1 0.28504343906249996 0.9621115109374999 0.2477476265625 0.9708029109374999 0.253005965625 1 0.28958223125 1
2 0.2028475859375 0.574849040625 0.20012285312500003 0.5404045375 0.13995279375 0.5473272578125 0.1483363328125 0.5816341890625 0.2028475859375 0.574849040625
2 0.3374218953125 0.2789628625 0.3308200578125 0.2445519359375 0.2822722203125 0.2597928703125 0.2867410453125 0.290935415625 0.3374218953125 0.2789628625
2 0.29410807499999997 0.139512403125 0.2881857484375 0.10588630937500002 0.23274105937499998 0.11231080156249999 0.23481360156250003 0.1490705359375 0.29410807499999997 0.139512403125
2 0.40231861562500004 0.055718853125 0.34578431875 0.06881723906250001 0.34925662343749997 0.1018540125 0.40644315468750003 0.08928095312499999 0.40231861562500004 0.055718853125
2 0.49832572343750003 0.1824479265625 0.4377428296875 0.19394825 0.447958534375 0.2286612046875 0.5002972859375 0.21540676875 0.49832572343750003 0.1824479265625
2 0.7740880531250001 0.26705515 0.772470921875 0.24882902968749998 0.6959838406250001 0.265218578125 0.6998959546875 0.279718771875 0.7740880531250001 0.26705515
2 0.6681510640625 0.34974405937499997 0.6618458625 0.3153302359375 0.6236511140625 0.32113415624999997 0.6241690515625 0.3544783046875 0.6681510640625 0.34974405937499997
2 0.792390009375 0.1685336140625 0.790894228125 0.151462071875 0.6669813296875 0.17104678281250002 0.6703634562499999 0.18619970156250001 0.792390009375 0.1685336140625
2 0.6934031859374999 0.14978095 0.665711709375 0.1532868921875 0.6648998453125 0.16828359531249998 0.6954815812499999 0.163875284375 0.6934031859374999 0.14978095
2 0.0452981171875 0.27157796875 0.04238096875 0.255183709375 0.0082267625 0.25400358125 0.0056434046875 0.2691864765625 0.0452981171875 0.27157796875
2 0.046080495312500004 0.25062044375000003 0.0461173875 0.23391570156250002 0.008294515625 0.23192712499999998 0.006177528125 0.2458669625 0.046080495312500004 0.25062044375000003
2 0.046127134375 0.22550297187499999 0.046899765625 0.2129581765625 0.013086410937500001 0.20935571249999999 0.011560084375 0.22323503906250003 0.046127134375 0.22550297187499999
2 0.326758634375 0.2371515546875 0.32753378125 0.2132851 0.2742974671875 0.21231952031249998 0.2702496828125 0.2419706859375 0.326758634375 0.2371515546875
2 0.128571853125 0.3027033765625 0.093335528125 0.427569040625 0.12882450781250002 0.43576841093749996 0.16313503125 0.31346983281249996 0.128571853125 0.3027033765625
2 0.1326372 0.5884893109375 0.1291630015625 0.5753005250000001 0.0979285421875 0.5791788484375 0.0968051296875 0.5912263375 0.1326372 0.5884893109375
2 0.13824039531250001 0.556596090625 0.13367576406249998 0.54440801875 0.094236240625 0.549744178125 0.099641059375 0.5670710140625 0.13824039531250001 0.556596090625
2 0.3433850796875 0.9491531 0.3422346140625 0.9382071421875 0.303508325 0.9446639515624999 0.3066439140625 0.9574562703125 0.3433850796875 0.9491531
2 0.3273519625 0.932949628125 0.32558102187500004 0.9161002515625001 0.3091089953125 0.9184269796875 0.3116540875 0.9312813625 0.3273519625 0.932949628125
2 0.3159936171875 0.876004634375 0.3108952828125 0.8615788421874999 0.29560425156250003 0.86378144375 0.2972162765625 0.8791188359375001 0.3159936171875 0.876004634375
2 0.2461225328125 0.8502561609375 0.244673715625 0.8393117125 0.22652483750000002 0.8370448046875 0.2313995046875 0.8550228109375 0.2461225328125 0.8502561609375
2 0.26793339843749997 0.8703237375 0.267230890625 0.8607996828125 0.2548923453125 0.862691965625 0.25510786093750004 0.8704227265625001 0.26793339843749997 0.8703237375