2 0.6792997046875 0.8421866953125001 0.6415690578125 0.8483213359375 0.6507663921875 0.8820346234375 0.6876535984375 0.876793790625 0.6792997046875 0.8421866953125001
2 0.843114471875 0.6892615281250001 0.808038090625 0.6893176734375001 0.8087785125 0.7261059015625 0.8467264359375 0.7241171343749999 0.843114471875 0.6892615281250001
2 0.6886807578125 0.5446989703125 0.6537285890625 0.5471253015624999 0.65262978125 0.5942286109375 0.6839217984375 0.6013772734375 0.6886807578125 0.5446989703125
2 0.2217698109375 0.5186807953125 0.18254131406250002 0.5189545421874999 0.1785005 0.54959864375 0.22709695624999998 0.5522589484375 0.2217698109375 0.5186807953125
2 0.013560384375000002 0.278334184375 0.0523837609375 0.2703601484375 0.04241963125 0.2333903390625 0.002272884375 0.24447539843750002 0.013560384375000002 0.278334184375
2 0.241341453125 0.14903428125 0.2792298984375 0.1515532421875 0.28045456562500004 0.1182262875 0.2376389375 0.118093465625 0.2393153234375 0.1500808171875 0.241341453125 0.14903428125
2 0.3024896375 0.3344709796875 0.348209359375 0.333262475 0.34700177499999996 0.2988754234375 0.299108809375 0.298323378125 0.3024896375 0.3344709796875
2 0.9141591703125 0.1729247765625 0.8770557109375 0.168336896875 0.8735935937500001 0.198737878125 0.9104059890625 0.20341455000000003 0.9141591703125 0.1729247765625
2 0.8802592421875 0.093324246875 0.8504913875 0.08122340312500001 0.8351408593749999 0.111679465625 0.8665488 0.12671255312500002 0.8802592421875 0.093324246875
2 0.648065809375 0.144103715625 0.5998501265625 0.1430663328125 0.598549509375 0.15792664375 0.647216775 0.1619679453125 0.648065809375 0.144103715625
2 0.6508782937500001 0.12969928125000002 0.6053790234374999 0.1237692765625 0.6009898375 0.136421015625 0.64900333125 0.1393027578125 0.6508782937500001 0.12969928125000002
2 0.64904360625 0.106036309375 0.6072571625000001 0.1028814203125 0.60511583125 0.113044915625 0.6454813328125 0.117508778125 0.64904360625 0.106036309375
2 0.66955730625 0.0663520703125 0.6306439625 0.0612644765625 0.6263316375 0.07541268125 0.6660897359375 0.07960170625 0.66955730625 0.0663520703125
2 0.63439396875 0.042059082812499995 0.6326726546875 0.054624203125000007 0.6657513390625 0.061799706249999996 0.6668766765624999 0.049267385937500005 0.63439396875 0.042059082812499995
2 0.4268776890625 0.57505165625 0.4279486265625 0.5387615 0.3927775421875 0.537040478125 0.39208902343749996 0.57492530625 0.4268776890625 0.57505165625
2 0.9527407718750001 0.5914463265625 0.9478203609375001 0.5542841625 0.8985740140624999 0.556270490625 0.900489428125 0.5928187703125001 0.9527407718750001 0.5914463265625
2 0.4320543078125 0.6965472390625 0.42436007187499997 0.651807359375 0.3845712734375 0.6527050375 0.3893401203125 0.69264769375 0.4320543078125 0.6965472390625