2 0.443219409375 1 0.453994428125 0.949624578125 0.41710210937500003 0.9379938953125 0.40137677343749995 0.9953802421875 0.41955796718749994 1 0.443219409375 1
2 0.28193239531250003 0.8758612749999999 0.273522740625 0.913461228125 0.3091657765625 0.9202001296875 0.31614093906249996 0.8820641203124999 0.28193239531250003 0.8758612749999999
2 0.15449710625 1 0.169535903125 0.9652959125 0.1096801734375 0.9343116406249999 0.107739996875 0.963105871875 0.1176257484375 1 0.15449710625 1
2 0.0434668109375 0.50854599375 0.032375546875 0.5357999671875 0.0627393953125 0.5528648859375 0.078436740625 0.5197697375 0.0434668109375 0.50854599375
2 0.028381089062499996 0.1566780453125 0.0396837640625 0.17116831562499998 0.0617782671875 0.15049542656249998 0.0562173765625 0.13661808125 0.028381089062499996 0.1566780453125
2 0.0119736734375 0.14109680156249998 0.0225339265625 0.1554786578125 0.04842065625 0.135019034375 0.03823496875 0.1199221203125 0.0119736734375 0.14109680156249998
2 0.2782436703125 0.168101209375 0.36352505156250003 0.19258328125 0.37287774375 0.1587261625 0.2955025578125 0.1358170359375 0.2782436703125 0.168101209375
2 0.3563369109375 0.26888746406249997 0.39081121875 0.2737880890625 0.39626369375000003 0.2391335609375 0.363159503125 0.23017602343750002 0.3563369109375 0.26888746406249997
2 0.341154096875 0.23791805625 0.320970828125 0.22857184375 0.3028827515625 0.29857784062500003 0.3225716625 0.3055961203125 0.341154096875 0.23791805625
2 0.3514216078125 0.2831131140625 0.3345231609375 0.2722736578125 0.3195086875 0.32854587031250004 0.3343779515625 0.331323309375 0.3514216078125 0.2831131140625
2 0.40058549218749995 0.0098161546875 0.3953435125 0.02484986875 0.43972630625000003 0.036930649999999995 0.452101725 0.0007324515625 0.40058549218749995 0.0098161546875
2 0.6971800781249999 0.2743733109375 0.7347769484375 0.28550624375 0.7480974609375 0.24812878437500002 0.7071954453125 0.23757411562500003 0.6971800781249999 0.2743733109375
2 0.8040154796874999 0.2503570640625 0.8449680484375 0.2498352921875 0.8486187187500001 0.21074437656249997 0.8083439421874999 0.21170084843749998 0.8040154796874999 0.2503570640625
2 0.8926443796875001 0.8517589265625001 0.85112766875 0.8389101796875 0.8318936625 0.9092216125 0.8748319203125 0.9159113187499999 0.8926443796875001 0.8517589265625001
2 0.3483340375 0.39028431874999997 0.3340686765625 0.44174559062499996 0.35269009375000004 0.44321029687499996 0.3645863625 0.3982234265625 0.3483340375 0.39028431874999997
2 0.320361046875 0.893225634375 0.29984279375 0.9635738296874999 0.37811031562499997 0.9804074843749999 0.3905394609375 0.90761654375 0.320361046875 0.893225634375
2 0 0.543744334375 0.00045174375 0.5463063 0.0097361609375 0.5498572125 0.023630721875 0.48712343281250003 0 0.475546790625 0 0.543744334375