2 0.2359375 0.5890625 0.06640625 0.04296875
2 0.9134781859375 0.418197028125 0.966754196875 0.40783303125000003 0.9468749937500001 0.2783902359375 0.899011171875 0.285430821875 0.9134781859375 0.418197028125
2 0.9270431703125 0.58954178125 0.93735420625 0.6585086812500001 0.99616748125 0.6462329265625 0.9894291281250001 0.5855094546874999 0.9270431703125 0.58954178125
2 0.8080170875 0.8751508546875 0.8945818203125 0.8704288968749999 0.8776563562499999 0.742154990625 0.7957061546875 0.7507504421875 0.8080170875 0.8751508546875
2 0.48671602031249994 0.51114393125 0.5673735468750001 0.5040873125 0.5669844546875 0.46704746249999995 0.480543509375 0.473184328125 0.48671602031249994 0.51114393125
2 0.534528959375 0.291652465625 0.6405341499999999 0.280952475 0.635599659375 0.25714350625 0.532795784375 0.2718422 0.534528959375 0.291652465625
2 0.6365370031250001 0.28415365625 0.533485415625 0.29602097656250004 0.5360145546874999 0.308632915625 0.6356879390625 0.3070413140625 0.6365370031250001 0.28415365625
2 0.43213559687499997 0.0339710796875 0.46905165625 0.0321670796875 0.467990525 0.0037420234375 0.428120859375 0.004378690625 0.43213559687499997 0.0339710796875
2 0.0960975875 0.0719250234375 0.08850874843749999 0.0340909015625 0.0418121203125 0.0381763265625 0.0506920796875 0.0744717515625 0.0960975875 0.0719250234375
2 0.1800190484375 0.7703936687499999 0.223585184375 0.7794153359375 0.23648020937499997 0.7312331125 0.19666364375 0.71618045 0.1800190484375 0.7703936687499999
2 0.28924314687499997 0.7964859515625 0.31779199375 0.7968397265625 0.3204804296875 0.7623836734375 0.2986361796875 0.7571645390625 0.28924314687499997 0.7964859515625
2 0.7367708921875 0.2816362421875 0.744692690625 0.35108194843749996 0.8233337531249999 0.34654190156250003 0.8211152593750001 0.2754867453125 0.7367708921875 0.2816362421875
2 0.78267479375 0.35637140624999997 0.786666221875 0.3738650984375 0.8241157781249999 0.37304961406250003 0.821147228125 0.3531921515625 0.78267479375 0.35637140624999997
2 0.11076950468749999 0.31856136875 0.112548128125 0.4162311390625 0.1747196015625 0.40974724062499995 0.16923965000000002 0.3189825890625 0.11076950468749999 0.31856136875
2 0.6365844453125 0.6761646781249999 0.6466579375 0.798332853125 0.7690831578124999 0.7845462671875 0.75868674375 0.662200875 0.6365844453125 0.6761646781249999
2 0.3463490734375 0.803687809375 0.343732290625 0.822989325 0.3796703546875 0.8259982546875 0.381313421875 0.8096224234375 0.3463490734375 0.803687809375