2 0.67420625 0.000296875 0.6658953125 0.055178125 0.7478328125 0.05932968749999999 0.7478328125 0.0017921875 0.67420625 0.000296875
2 0.8496625 0.6781125 0.8428328125 0.7426671875 0.8903343749999999 0.7438546875000001 0.901021875 0.6815703125 0.8496625 0.6781125
2 0.998753125 0.9200625 0.966334375 0.9229921875 0.9811781249999999 0.9929874999999999 0.998753125 0.9929874999999999 0.998753125 0.9200625
2 0.8354109375000001 0.8577953125000001 0.7751453125000001 0.8494390624999999 0.7709890625 0.918840625 0.8273953125 0.9206203125 0.8354109375000001 0.8577953125000001
2 0.850553125 0.551071875 0.8458015624999999 0.58073125 0.9366453124999999 0.57954375 0.935459375 0.552259375 0.850553125 0.551071875
2 0.43106406249999996 0.6567640625 0.4289875 0.6750453125 0.5548625 0.674453125 0.5524875 0.6590296875 0.43106406249999996 0.6567640625
2 0.43551875000000007 0.629371875 0.4346265625 0.6300765625 0.4289875 0.6471671875 0.5703 0.6507265624999999 0.5661453125 0.635303125 0.43551875000000007 0.629371875
2 0.489846875 0.561584375 0.48955000000000004 0.5955609374999999 0.5714875 0.5884421875 0.5703 0.564121875 0.489846875 0.561584375
2 0.5697062500000001 0.6074234374999999 0.491925 0.603271875 0.48895625000000004 0.6186953125 0.5691140625 0.6240328125 0.5697062500000001 0.6074234374999999
2 0.42601875 0.61216875 0.47292500000000004 0.615728125 0.4753 0.603271875 0.43136093750000004 0.5943734375 0.42601875 0.61216875
2 0.5697062500000001 0.3049046875 0.498753125 0.299175 0.4978625 0.3173609375 0.5720828124999999 0.3209203125 0.5697062500000001 0.3049046875
2 0.56733125 0.3499859375 0.5697062500000001 0.33575 0.5168625 0.33278281249999997 0.5168625 0.3476125 0.56733125 0.3499859375
2 0.571784375 0.4085859375 0.5661453125 0.3921015625 0.51033125 0.39032187500000004 0.5121125 0.40455781249999995 0.571784375 0.4085859375
2 0.5144875 0.38083125 0.5661453125 0.38083125 0.56555 0.363628125 0.50855 0.36422187500000003 0.5144875 0.38083125
2 0.577128125 0.81331875 0.57801875 0.8642687499999999 0.6463 0.8636765625 0.6498625 0.8126625000000001 0.577128125 0.81331875