1 0.2380074546875 0.0650856453125 0.24367794375 0.02947144375 0.1924672 0.0222725484375 0.1805776234375 0.14161159843749999 0.32132810156249997 0.15666733125 0.33019339062499997 0.075238434375 0.2380074546875 0.0650856453125
1 0.7224236265624999 0.529455325 0.6889671203125001 0.5253869812499999 0.68695075 0.5402866390625001 0.695723409375 0.5424443375 0.6924195390625 0.5681010343749999 0.7192610828125 0.571613825 0.7224236265624999 0.529455325
1 0.6209430015625 0.520105415625 0.6095398515625 0.640141078125 0.66068146875 0.6442767453125 0.661933634375 0.6371753578125 0.6726909453125 0.63846131875 0.6845116625000001 0.5264323046875 0.6209430015625 0.520105415625
1 0.52257665 0.6315200421875 0.6082523546874999 0.6405233140625 0.6202463890625001 0.5205918406250001 0.534466496875 0.512179453125 0.52257665 0.6315200421875
1 0.5585764328125 0.648851834375 0.5963823968749999 0.65246700625 0.6080790359375 0.6484257734375001 0.6094356624999999 0.6407319625000001 0.5216729265625 0.6331900453125 0.5164550703125 0.6627819796875001 0.558194465625 0.6579376031249999 0.5585764328125 0.648851834375
1 0.26164753281249997 0.8308239875 0.27418057500000004 0.832423059375 0.2825963046875 0.7673917765625 0.2698546140625 0.7669760140624999 0.26164753281249997 0.8308239875
1 0.251760425 0.8211476031249999 0.25899311406250003 0.7662809375 0.2465645328125 0.7640894421875 0.24089892499999999 0.8204525265625 0.251760425 0.8211476031249999
1 0.220702525 0.7930922953125 0.2303807171875 0.7935787234375 0.23570276250000002 0.7633959046875 0.224459028125 0.76141333125 0.220702525 0.7930922953125
1 0.2171154640625 0.7753736609375 0.21913183281249998 0.760474003125 0.2084789828125 0.7585956171875 0.20594085468749998 0.776454315625 0.2171154640625 0.7753736609375
1 0.222961075 0.7526053375 0.3069652359375 0.7607046171875 0.314402965625 0.673532765625 0.23276542031249997 0.6658507859375 0.222961075 0.7526053375
1 0.32833130312500003 0.7052805921874999 0.343823384375 0.707401421875 0.34750949375 0.67265741875 0.31788376406249996 0.671095484375 0.31249593125 0.7293384890625 0.3246451984375 0.7296497921875 0.32833130312500003 0.7052805921874999
1 0.249128378125 0.1750578109375 0.21718903906249998 0.5569239453125 0.2425679609375 0.5583478937499999 0.2319640796875 0.65655636875 0.40985924375 0.6720580453125 0.4525775890625 0.1944545125 0.249128378125 0.1750578109375
1 0.20589075937499998 0.171095734375 0.1964348546875 0.26279370625 0.2176698890625 0.2634869765625 0.2097457328125 0.36033701875 0.22029593281249998 0.362806559375 0.23993815000000002 0.1752682671875 0.20589075937499998 0.171095734375
1 0.43526861875 0.649077459375 0.498141934375 0.655892584375 0.5375914734375 0.200291634375 0.462951125 0.1944527046875 0.4247217640625 0.6569817265625 0.43547907343750003 0.6582676875 0.43526861875 0.649077459375
1 0.50889924375 0.6571785453125 0.5197084359375 0.5266633484375001 0.51023889375 0.5249936125 0.5011009734375 0.6564143421875 0.50889924375 0.6571785453125
1 0.0874216578125 0.9087253546875 0.1172173625 0.8816362171875 0.0753314921875 0.83885664375 0.0468942203125 0.8686255062500001 0.0874216578125 0.9087253546875
1 0.11178236875 0.8501658984375 0.1538988546875 0.8051120671875 0.1211356203125 0.7694338843749999 0.075954096875 0.814558109375 0.11178236875 0.8501658984375
1 0.169687225 0.9336042109375 0.178875646875 0.92302021875 0.16185028125 0.9053722453124999 0.15196497656250002 0.9164441999999999 0.169687225 0.9336042109375