2 0.0789179453125 0.1374461390625 0.1155591296875 0.0888184546875 0.076407790625 0.051140417187499995 0.032876381249999996 0.090939965625 0.0789179453125 0.1374461390625
2 0.29591905937499996 0.09672621718749999 0.264624553125 0.048671634375 0.230398884375 0.07286610624999999 0.265645178125 0.1208054203125 0.29591905937499996 0.09672621718749999
2 0.1914332421875 0.20920160937499999 0.171254646875 0.1760982546875 0.14039401093749998 0.1951628828125 0.16171971875 0.2272517109375 0.1914332421875 0.20920160937499999
2 0.0993519515625 0.6326181203125001 0.0728369765625 0.6073465640625 0.050605403125000004 0.634159465625 0.0707269421875 0.6556284906250001 0.0993519515625 0.6326181203125001
2 0.21591766093750003 0.998283715625 0.2161360046875 0.983335253125 0.1881005078125 0.971953409375 0.18274140156250002 0.989531759375 0.21591766093750003 0.998283715625
2 0.43959669218749997 0.913279415625 0.50362275625 0.8641631171874999 0.48275795937500005 0.835906478125 0.4119145203125 0.8893245765625 0.43959669218749997 0.913279415625
2 0.46894465468749996 0.8009416312500001 0.4966399859375 0.78071556875 0.47913059062499996 0.750316771875 0.448702278125 0.7672463875 0.46894465468749996 0.8009416312500001
2 0.40402449687499997 0.7450762875 0.388158440625 0.7586842890625001 0.43013302031249995 0.8175583312500001 0.44562634218749997 0.801599853125 0.40402449687499997 0.7450762875
2 0.4058268171875 0.7168268906249999 0.39294050937499997 0.7247485218749999 0.427123884375 0.77190245 0.4390154296875 0.7557270859375 0.4058268171875 0.7168268906249999
2 0.57257333125 0.9810963921875 0.5834704640624999 0.993981040625 0.6383338859375 0.9882146625000001 0.6096788734375 0.9539126421875 0.57257333125 0.9810963921875
2 0.7874786390625 0.6707434625 0.8218815046874999 0.64623185625 0.7960508500000001 0.6161106390625 0.764940834375 0.6399776421875 0.7874786390625 0.6707434625
2 0.89118104375 0.658649859375 0.9291235562500001 0.6451096125 0.9117064296875 0.60992338125 0.873286928125 0.624112353125 0.89118104375 0.658649859375
2 0.6639183609375 0 0.7063513734375 0.0577671859375 0.7405059828125 0.030893590625 0.7176311 0 0.6639183609375 0
2 0.4100539421875 0.643544525 0.38282596406249997 0.6058089046874999 0.36596627656249997 0.61384964375 0.397726209375 0.6567806328125 0.4100539421875 0.643544525
2 0.251733078125 0.1586843234375 0.21404353125000003 0.09518233125 0.147007146875 0.1389464734375 0.191373125 0.1972690875 0.251733078125 0.1586843234375
2 0.0244320484375 0.629149128125 0.013138318749999999 0.639293028125 0.0368292890625 0.70754836875 0.059885515624999996 0.682736790625 0.0244320484375 0.629149128125