2 0.34193038124999997 0 0.34168168906249996 0.0311498421875 0.390970365625 0.020057959375 0.38755903125 0 0.34193038124999997 0
2 0.6759525125 1 0.659121790625 0.9330978984374999 0.6195146578124999 0.9429150390625001 0.6376668046875 1 0.6759525125 1
2 0.385922703125 0.7624095921875 0.395530625 0.7944250562499999 0.43369563749999995 0.783344775 0.42517190156250007 0.7501969984375 0.385922703125 0.7624095921875
2 0.46981499375 0.737077959375 0.48070044999999995 0.76737668125 0.5085894359375 0.7649736109374999 0.49606315 0.7235894453125 0.46981499375 0.737077959375
2 0.3644729859375 0.7636637187499999 0.32837335625 0.772473984375 0.33876161875 0.8122596890624999 0.373427296875 0.796835625 0.3644729859375 0.7636637187499999
2 0.1828522890625 0.3076240640625 0.20411459999999998 0.298630771875 0.18271502343749998 0.23091800624999997 0.1592669140625 0.24098587500000002 0.1828522890625 0.3076240640625
2 0.913942253125 0.105733109375 0.9277251171875 0.11478091093750001 0.9734819281249999 0.057720875000000005 0.9604318875000001 0.04663206875 0.913942253125 0.105733109375
2 0.875979034375 0.1614178953125 0.9206912390624999 0.1923002734375 0.9378647843750001 0.15931010625 0.8967666031249999 0.1226714828125 0.875979034375 0.1614178953125
2 0.467115965625 0 0.468759090625 0.0318640375 0.49108208124999997 0.028277417187499997 0.48120915000000003 0 0.467115965625 0
2 0.43753617968749997 0 0.44001393125000005 0.0363032171875 0.4588228609375 0.0319378671875 0.4538533703125 0 0.43753617968749997 0
2 0.413189090625 0 0.409648453125 0.037684653125 0.42749965625 0.034755524999999995 0.4271791171875 0 0.413189090625 0
2 0.4337918125 0.2910485703125 0.461916525 0.3097633390625 0.49836505000000003 0.2632164921875 0.4604405359375 0.24725667968749998 0.4337918125 0.2910485703125
2 0.9273281125 0.1676763734375 0.9154587203125001 0.22413254999999999 0.9466061015625 0.23052143281249998 0.9669970109375001 0.176295546875 0.9273281125 0.1676763734375
2 0.541858696875 0.5184847984375 0.5480674921875 0.5473492984375 0.5838714828125 0.5352534328125 0.5732816656249999 0.508240309375 0.541858696875 0.5184847984375
2 0.5084081453125 0.71472338125 0.604022378125 0.692384328125 0.571921271875 0.5795183578125 0.482045271875 0.605725528125 0.5084081453125 0.71472338125
2 0.3652273921875 0.613278353125 0.33732724687500004 0.6355987609375 0.359531278125 0.6653015375 0.38555939375000003 0.644666715625 0.3652273921875 0.613278353125
2 0.579682403125 0.012110995312500001 0.56952210625 0.035955675 0.6100849562499999 0.044027131250000004 0.614739046875 0.0142455171875 0.579682403125 0.012110995312500001