2 1 0.670056346875 0.97484148125 0.668067815625 0.9757504000000001 0.7022488234375001 1 0.7046593265625 1 0.670056346875
2 0.9757938656249999 0.540878059375 0.9789637765625001 0.5046837078124999 0.9538240296874999 0.5071153984375 0.9509974874999999 0.5355356718750001 0.9757938656249999 0.540878059375
2 0.493798053125 0.570446203125 0.460940475 0.5721829875 0.46225128125000003 0.6068677671875 0.49221178125 0.6086750000000001 0.493798053125 0.570446203125
2 0.6144193640625 0.9106343656250001 0.6515391359375 0.9145171796874999 0.6571166484375001 0.8872054875 0.624780125 0.8811189671875 0.6144193640625 0.9106343656250001
2 0.63011075625 0.44263908281250003 0.63124578125 0.4079120203125 0.5970074999999999 0.4084804078125 0.5966694765625 0.43930574218749996 0.63011075625 0.44263908281250003
2 0.0033079234375 0.5647658859375 0.0452861859375 0.5587724671875 0.044116146875 0.5212806062500001 0.0007762437500000001 0.5285611953125 0.0033079234375 0.5647658859375
2 0.120984390625 0.9306663703125 0.136273496875 0.9327166218749999 0.1426751390625 0.8947342859375 0.125934665625 0.8918435390624999 0.120984390625 0.9306663703125
2 0.15947071562499998 0.9344936 0.16404588281250002 0.896691703125 0.15142404375000001 0.89300471875 0.1445312359375 0.936036221875 0.15947071562499998 0.9344936
2 0.18892861249999998 0.93213101875 0.189025921875 0.8936881109374999 0.1731679796875 0.893940096875 0.1727315140625 0.9358563249999999 0.18892861249999998 0.93213101875
2 0.645166103125 0.3620754578125 0.6651506515625 0.36256021875 0.6655173078125001 0.324965565625 0.6478261578125 0.325403028125 0.645166103125 0.3620754578125
2 0.63154489375 0.29749407968749997 0.6599011875 0.2994238109375 0.6643331734375 0.2724190625 0.6340634109375001 0.2694636890625 0.63154489375 0.29749407968749997