2 0.8596378515625 0.8144433062499999 0.8542550359375 0.8648688859375 0.9064673140625 0.87216773125 0.9096101828125001 0.8215234312499999 0.8596378515625 0.8144433062499999
2 0.8228218484375001 0.746824521875 0.8199136171875001 0.7880822609375 0.8809418953125 0.7886778421875 0.8809500531250001 0.7582424515625 0.8228218484375001 0.746824521875
2 0.75926204375 0.644531646875 0.760626628125 0.6774262703125 0.7968416328125 0.674031896875 0.7950998109375 0.6459957984375 0.75926204375 0.644531646875
2 0.6282096562499999 0.49207345937499997 0.63181446875 0.5282339296874999 0.6875594765625 0.529820621875 0.68474354375 0.49217884375 0.6282096562499999 0.49207345937499997
2 0.2484371734375 1 0.265755365625 0.9941487656250001 0.24488432656249998 0.9431391781249999 0.18495653437499998 0.9654411078124999 0.201299646875 1 0.2484371734375 1
2 0.27045274375 0.7759652406249999 0.2798312671875 0.8076564171875 0.334592175 0.7948601796875 0.32142824375 0.7578953140625 0.27045274375 0.7759652406249999
2 0.168426953125 0.49911647031250006 0.1860007609375 0.549495328125 0.2543636265625 0.5101055640625 0.2305660046875 0.46272912968749996 0.168426953125 0.49911647031250006
2 0.3410956234375 0.5419679421875 0.3438612578125 0.5571116843749999 0.41384077656249996 0.532148375 0.40666094062499997 0.518818215625 0.3410956234375 0.5419679421875
2 0.167168984375 0.3162909734375 0.13701273281249998 0.3354463703125 0.1618484734375 0.363874134375 0.1869865578125 0.342526034375 0.167168984375 0.3162909734375
2 0.2767971703125 0.386488921875 0.24528515 0.4073022125 0.253300425 0.4172725546875 0.2846373546875 0.3958919140625 0.2767971703125 0.386488921875
2 0.3089616296875 0.4673298078125 0.3180117671875 0.47560802031250005 0.3448614765625 0.458837640625 0.3345734828125 0.44956213749999996 0.3089616296875 0.4673298078125
2 0.4340702171875 0.9029420281249999 0.4681457921875 0.994090159375 0.5627487015625 0.962347046875 0.5366239734375 0.87282995625 0.4340702171875 0.9029420281249999
2 0.6638492968749999 0.253249203125 0.6669655453125001 0.2888270578125 0.7229919437500001 0.284231665625 0.7210435328125 0.24942742187500003 0.6638492968749999 0.253249203125
2 0.69499585625 0.29217005 0.6321235625 0.2977277875 0.6373992515625 0.32716862343750003 0.6986476875000001 0.32645350624999997 0.69499585625 0.29217005
2 0.817017796875 0.21201044218749998 0.8142421546874999 0.24659403593749998 0.8734479921875 0.2463057015625 0.8699697562500001 0.21259005000000003 0.817017796875 0.21201044218749998
2 0.62270971875 0.1105644828125 0.6221778546875 0.1423331234375 0.6817718937499999 0.1372221234375 0.6749202765625 0.1107498828125 0.62270971875 0.1105644828125
2 0.8070311953125 0.002665684375 0.8066565734375001 0.0207383390625 0.8737025218750001 0.0164387546875 0.8695353125 0.0028084234374999998 0.8070311953125 0.002665684375
2 0.837074684375 0.0481325671875 0.8367607312500001 0.067413728125 0.8895042999999999 0.0681240390625 0.8817297125 0.050005409375 0.837074684375 0.0481325671875
2 0.9695679578125 0.42869760156250003 0.9961822140625 0.43453204218749997 0.9941169203125 0.4109256171875 0.9862240578125 0.3844801109375 0.9745548421875 0.3718999796875 0.9695679578125 0.42869760156250003
2 0.710787271875 0.8332455109374999 0.7129094234375 0.850340784375 0.7474794515625 0.8456275421875 0.742791453125 0.830293790625 0.710787271875 0.8332455109374999
2 0.7462864625 0.803140153125 0.70712038125 0.8070413578125001 0.7107202421875 0.8208467781250001 0.7489243078125 0.8178605703124999 0.7462864625 0.803140153125