2 0.7725101953125 0.76510415 0.8199246578125001 0.77315275 0.824591546875 0.748035515625 0.7746019328125 0.7456239703125 0.7725101953125 0.76510415
2 0.2574453359375 0.3464152265625 0.30313779687500003 0.344819609375 0.3024125421875 0.32405101875 0.25672008125 0.3256466359375 0.2574453359375 0.3464152265625
2 0.009243314062499999 0.7376938328125 0.010597087500000001 0.7764608281250001 0.04330263125 0.7642291578125 0.0408038828125 0.7324313671875 0.009243314062499999 0.7376938328125
2 0.030515662500000002 0.675954453125 0.0071158625 0.6767715921875 0.009001526562499999 0.730769928125 0.0376968421875 0.72283708125 0.030515662500000002 0.675954453125
2 0.165624625 0.6546012109375 0.16514110312500002 0.6407549640625 0.056146123437499994 0.6556507203125 0.05791649375 0.6666800281249999 0.165624625 0.6546012109375
2 0.1540337765625 0.6799586734374999 0.153453571875 0.6633438 0.0596400578125 0.6763241890625 0.0600752109375 0.68878534375 0.1540337765625 0.6799586734374999
2 0.1534222515625 0.7021591640625 0.151457009375 0.685594221875 0.0755950921875 0.6965609453125 0.0731648828125 0.7063485953125 0.1534222515625 0.7021591640625
2 0.1831752203125 0.720528865625 0.182691753125 0.7066841796875 0.076320346875 0.7173295359375 0.073986875 0.7298873718750001 0.1831752203125 0.720528865625
2 0.1709558 0.7278863609374999 0.07833401250000001 0.7352811328125 0.07762580625 0.7547129984375001 0.17282446875 0.7416858015625001 0.1709558 0.7278863609374999
2 0.136214575 0.765143384375 0.135731053125 0.7512971359375 0.08884691875 0.7584799328125 0.0948708125 0.7721327062500001 0.136214575 0.765143384375
2 0.31476279687500003 0.3998646234375 0.3109788140625 0.370885278125 0.27932758281250003 0.3775361296875 0.2801011515625 0.3996882515625 0.31476279687500003 0.3998646234375
2 0.68658256875 0.7458443734375 0.68737020625 0.768399375 0.7569002453125 0.7689418921875 0.7585614671875 0.748460503125 0.68658256875 0.7458443734375