2 0.42548935312499997 0.5792460390625 0.44749740156250006 0.571218784375 0.4113020328125 0.4850410765625 0.387881453125 0.4932167953125 0.42548935312499997 0.5792460390625
2 0.4764133234375 0.6153128 0.49076485937500003 0.602377734375 0.479840278125 0.566391275 0.4584260828125 0.5800686578125 0.4764133234375 0.6153128
2 0.4445786640625 0.6929296828125 0.45640206406250006 0.6831166078125 0.44109142500000004 0.6461630078125 0.42250229375000004 0.6595434625000001 0.4445786640625 0.6929296828125
2 0.5866564765625 0.7265580390624999 0.5974406343750001 0.706857240625 0.5430975859375 0.665435725 0.52777890625 0.68275685 0.5866564765625 0.7265580390624999
2 0.611792171875 0.693922175 0.6254013921875 0.67392445 0.5974485109375001 0.6525809609375 0.5841363796875 0.675405303125 0.611792171875 0.693922175
2 0.6794434140625001 0.7396574874999999 0.6836890484375 0.684937371875 0.6653245812499999 0.68686755625 0.6604850921875001 0.7359375421875 0.6794434140625001 0.7396574874999999
2 0.6923690484375 0.8082854671874999 0.6929724953124999 0.7596607046875 0.677136165625 0.7584688984375 0.6752686484375 0.8086546546875001 0.6923690484375 0.8082854671874999
2 0.83592771875 0.8831788359375 0.8196578125 0.7963350140625 0.787611859375 0.8039875875 0.8027661593750001 0.8938049359375 0.83592771875 0.8831788359375
2 0.644342665625 0.3209405515625 0.6506551078125 0.3634055359375 0.7083975296875 0.360725440625 0.70077431875 0.31254585 0.644342665625 0.3209405515625
2 0.6284456640625 0.240051309375 0.6433492140625 0.31734815312500003 0.674692053125 0.3165189546875 0.6587950499999999 0.2356297109375 0.6284456640625 0.240051309375
2 0.415469084375 0.47032174375 0.4360646 0.46244295312499994 0.406789084375 0.34697365156250004 0.3836652671875 0.3579728765625 0.415469084375 0.47032174375