2 0.20919929218750002 0.976468153125 0.2169574671875 0.93542564375 0.18447984687500002 0.92562963125 0.177496953125 0.9736945578125 0.20919929218750002 0.976468153125
2 0.2591063390625 0.9140804359375 0.2248858140625 0.9083040656250001 0.21059901406249998 0.9446032687500001 0.248953746875 0.9507413343750001 0.2591063390625 0.9140804359375
2 0.17342226875 0.6868494562499999 0.160514440625 0.7232708718749999 0.179207353125 0.731859309375 0.1990090265625 0.696042596875 0.17342226875 0.6868494562499999
2 0.1920369046875 0.632850721875 0.174146753125 0.6785685875 0.19985429999999998 0.6863810640625 0.21510703125 0.639041221875 0.1920369046875 0.632850721875
2 0.671836265625 0.32436755625 0.6470330765625001 0.40146795781250005 0.7124730453125 0.41553746406250003 0.7239031437500001 0.34839065156250004 0.671836265625 0.32436755625
2 0.6941115625000001 0.16499156718750002 0.6878325359375 0.2367611671875 0.7278079609375 0.24025856562499998 0.738755028125 0.178632846875 0.6941115625000001 0.16499156718750002
2 0.274921628125 0.6368240968750001 0.2911755625 0.643906734375 0.29932081250000003 0.609752296875 0.288610875 0.6028551171875 0.274921628125 0.6368240968750001
2 0.2518112921875 0.6243703218750001 0.26641942812499997 0.6319065546875 0.2778713046875 0.60310913125 0.266954371875 0.5985779171875001 0.2518112921875 0.6243703218750001
2 0.313349390625 0.5537619078125 0.3281542140625 0.5592292875 0.3369090734375 0.5272142468750001 0.3238880359375 0.51951885625 0.313349390625 0.5537619078125
2 0.30154134374999997 0.5503447671874999 0.311581125 0.5172501046875 0.2970666125 0.513000159375 0.28610415 0.5430340046875 0.30154134374999997 0.5503447671874999
2 0.2604592796875 0.5357242171875 0.276213396875 0.540380621875 0.2857372484375 0.5132010046875 0.27158497656249997 0.504810625 0.2604592796875 0.5357242171875
2 0.2341077578125 0.5307366765625 0.25239962031249996 0.5335290421875001 0.261309725 0.49973953125000004 0.24895262499999998 0.49806240625 0.2341077578125 0.5307366765625
2 0.2047553265625 0.5192284 0.2256831171875 0.5258290578125 0.23346368125 0.4913431375 0.2175090015625 0.4899472828125 0.2047553265625 0.5192284
2 0.1841196234375 0.5108668125 0.1962195375 0.5155015265625 0.211807315625 0.48706437812500003 0.1948249 0.4837905546875 0.1841196234375 0.5108668125