2 0.185257409375 0.7864229015624999 0.226689925 0.781930440625 0.22617177656249998 0.7670926109375 0.18404120625 0.7685638421875 0.185257409375 0.7864229015624999
2 0.224218084375 0.745172440625 0.22946799062499998 0.725378725 0.18081015 0.7270778953125 0.180919896875 0.7472785578125001 0.224218084375 0.745172440625
2 0.9751172984375 0.28798697500000003 0.9409675890625 0.2928577046875 0.9498924125 0.3782998453125 0.9875340734375 0.3763369140625 0.9751172984375 0.28798697500000003
2 0.9700808765625 0.25215096875 0.917154490625 0.25743906875 0.921064978125 0.29286167500000004 0.9748910703125 0.2863772765625 0.9700808765625 0.25215096875
2 0.960479265625 0.183831953125 0.91184535625 0.1904710609375 0.9117980734375 0.231694696875 0.96673765625 0.2283627171875 0.960479265625 0.183831953125
2 0.9480655234375 0.095503590625 0.9293597328125 0.0965572953125 0.9360498921874999 0.186059584375 0.9606714999999999 0.1851997796875 0.9480655234375 0.095503590625
2 0.9153087187500001 0.06852277812499999 0.9172538375 0.022100053124999998 0.8566437828125 0.0218401546875 0.8543156156249999 0.074217375 0.9153087187500001 0.06852277812499999
2 0.31904514375000004 0.755530271875 0.32288140468750004 0.77181411875 0.42865609843749997 0.7469465484375 0.4211193921875 0.7353259343749999 0.31904514375000004 0.755530271875
2 0.47439619843749997 0.76377299375 0.47631749218749997 0.776258859375 0.5829317374999999 0.7754328859374999 0.5788532609375 0.7607193828125001 0.47439619843749997 0.76377299375
2 0.5272337984375 0.728648215625 0.475609015625 0.7304509921875 0.47496110937499997 0.745923653125 0.5242331140625 0.7447987140625 0.5272337984375 0.728648215625
2 1 0.749432571875 0.9551474546875 0.7499553484375 0.9536223890625 0.7658291796875 1 0.7638641828125 1 0.749432571875
2 1 0.718242490625 0.95511133125 0.7148946265625 0.9499264234375 0.73654970625 1 0.7352779296875 1 0.718242490625