2 0.1889440203125 0.9365551015625 0.22031514218749998 0.9488892421875 0.24974253281249997 0.8970720859375 0.218657709375 0.8833834984375001 0.1889440203125 0.9365551015625
2 0.613286459375 0.199587278125 0.6626940953125 0.2936559546875 0.7089057671875 0.2694857234375 0.6573643390624999 0.17213129375 0.613286459375 0.199587278125
2 1 0.458191415625 0.9941754640625 0.45334565937500004 0.9528399500000001 0.501214765625 0.9895476890625 0.5217645453124999 1 0.502987553125 1 0.458191415625
2 0.9742328125 0.213989146875 0.9396085234375 0.2236259390625 0.952938128125 0.26753336562499996 0.98358298125 0.2499694109375 0.9742328125 0.213989146875
2 0.9604929999999999 0.27197140625 0.975091940625 0.32323154062500004 0.99394604375 0.31449179531250004 0.9855459984375001 0.2673830765625 0.9604929999999999 0.27197140625
2 0.1104194328125 0.14652262968750002 0.0993701109375 0.25181850156249996 0.114853671875 0.2522774296875 0.125413328125 0.1426267765625 0.1104194328125 0.14652262968750002
2 0.528378215625 0.34583919218750003 0.5467923484375 0.305846903125 0.4978883328125 0.2827047234375 0.47783039687500006 0.3237645125 0.528378215625 0.34583919218750003
2 0.33588219375 0.851645090625 0.3070311109375 0.90075094375 0.32427585 0.9129146328125 0.348569990625 0.85859106875 0.33588219375 0.851645090625
2 0.360478115625 0.86253911875 0.3379122421875 0.9087318312500001 0.3483802546875 0.9194550828124999 0.37916329531250004 0.8679260781249999 0.360478115625 0.86253911875
2 0.716723415625 0.272664953125 0.6143340578125 0.311602896875 0.6482166453125 0.380720365625 0.7475368453125 0.338094978125 0.716723415625 0.272664953125
2 0.6130560140625 0.0976604578125 0.546210646875 0.135049884375 0.5857779937500001 0.20810725312499997 0.6509828265625 0.1791724296875 0.6130560140625 0.0976604578125
2 0.5504310203125 0.152334753125 0.5008041578125 0.143001865625 0.488953621875 0.2473175484375 0.5378937078125 0.25347098125 0.5504310203125 0.152334753125
2 0.150455228125 0.043038284375 0.10338615625 0.0245352375 0.0978187015625 0.040650159375 0.1431425 0.060299775 0.150455228125 0.043038284375