2 0.472125365625 0.65387613125 0.5440125921875001 0.668588175 0.5439093374999999 0.62980869375 0.470469221875 0.6185108453125 0.472125365625 0.65387613125
2 0.5096429312499999 0.55821279375 0.5741636859375 0.5691686296875 0.5800598796875 0.5357911671875 0.514139690625 0.5211092640625 0.5096429312499999 0.55821279375
2 0.6541125328125 0.6264801421875 0.6577088015625 0.5922639281250001 0.572423234375 0.563021778125 0.5650084078125001 0.6023276640625 0.6541125328125 0.6264801421875
2 0.987299665625 0.5010565359375 0.9937863578125 0.4677411375 0.9389616515625001 0.4554178875 0.9339505062500001 0.49173521718749996 0.987299665625 0.5010565359375
2 0.9801578718749999 0.40427829062500004 0.9740875796875 0.36546866875 0.9389706562500001 0.3701281640625 0.9435763015624999 0.408672296875 0.9801578718749999 0.40427829062500004
2 0.6606293234375 0.3486267234375 0.6897321640625 0.281901709375 0.644603509375 0.26821104375 0.624603475 0.3420531109375 0.6606293234375 0.3486267234375
2 0.419976565625 0.29231788124999997 0.422137896875 0.237672575 0.3797150078125 0.2379852 0.3765376421875 0.29093690156249996 0.419976565625 0.29231788124999997
2 0.2903499640625 0.5315851921875 0.2883821109375 0.49917067656249997 0.2224353578125 0.5017822953125 0.2285982265625 0.53119071875 0.2903499640625 0.5315851921875
2 0.3832571578125 0.59622260625 0.38421093125 0.5587466921875001 0.347820090625 0.5585008421875 0.34916718125 0.5939514781249999 0.3832571578125 0.59622260625
2 0.26007003906250004 0.74014069375 0.2511713859375 0.6998397578125 0.142806225 0.714096865625 0.14633589687499998 0.7515176875 0.26007003906250004 0.74014069375
2 0 0.84310335 0.020172875 0.841370721875 0.0101816890625 0.78306319375 0 0.7849269640625 0 0.84310335
2 0.2020469015625 0.50262134375 0.19448717499999998 0.46663713749999997 0.14274029375 0.46477730156249997 0.1446318640625 0.5035829171875 0.2020469015625 0.50262134375
2 0.093005546875 0.5460331078125 0.0920652546875 0.5095521609375 0.03770845625 0.5098029515625 0.03649230625 0.544094934375 0.093005546875 0.5460331078125
2 0.235490903125 0.633179278125 0.22864424843750003 0.5960759765625 0.19430385 0.599027596875 0.20140410625 0.636558184375 0.235490903125 0.633179278125
2 0.11158539375000001 0.64759095 0.11008701875 0.6164198171875 0.05737465781249999 0.6067050953125 0.0611805109375 0.6414982015625 0.11158539375000001 0.64759095
2 0.6096101625 0.390980475 0.6114704421875 0.3732810921875 0.539053225 0.3579163234375 0.5340842453125 0.3711113953125 0.6096101625 0.390980475
2 0.8036820796875 0.8336587390625001 0.7974540359375 0.7793241421875 0.7639505093750001 0.7799787828125 0.7670657640625 0.8355431765624999 0.8036820796875 0.8336587390625001
2 0.5975746984375 0.84062625625 0.597317990625 0.8089870375 0.5607676640625 0.8045484234375 0.5586904671874999 0.8413673718749999 0.5975746984375 0.84062625625
2 0.5010375765624999 1 0.5169257968750001 0.96038344375 0.4820540390625 0.9513498031250001 0.4727728578125 0.9998924515625 0.4737961125 1 0.5010375765624999 1
2 0.3322953734375 0.7346099984375 0.3282756859375 0.6989962937499999 0.300960746875 0.7032833390625 0.30440985781249996 0.73861555 0.3322953734375 0.7346099984375
2 0.2395518375 0.1117190234375 0.238211540625 0.0960697578125 0.2082525515625 0.09709694375 0.21215944687500002 0.10819267031249999 0.2395518375 0.1117190234375
2 0.2124777484375 0.0909785171875 0.2968862953125 0.0944833109375 0.2927173109375 0.077345840625 0.2158612640625 0.0758273140625 0.2124777484375 0.0909785171875
2 0.7595988671875 0.060210634375 0.760309028125 0.0364280203125 0.7268987703125 0.0305299484375 0.7212970203125 0.0525855421875 0.7595988671875 0.060210634375
2 0.746301190625 0.550281871875 0.8193042593750001 0.5543773937500001 0.81995405625 0.54251470625 0.747913378125 0.5349429265625 0.746301190625 0.550281871875
2 0.9954690265625 0.5573846625 0.9970812140625 0.542045715625 0.969439909375 0.5403345390625 0.9705155453125001 0.5528216296874999 0.9954690265625 0.5573846625
2 0.8786774109375 0.6029638015625001 0.9295812234374999 0.5957891453124999 0.9207430796875 0.55489755 0.8684101828124999 0.5643085125 0.8786774109375 0.6029638015625001
2 0.9551849765625 0.6986822515625 0.9811461765624999 0.693657471875 0.9829442296875 0.6765501406250001 0.9531921156250001 0.6835614203125 0.9551849765625 0.6986822515625
2 0.9778600624999999 0.724922753125 0.977998859375 0.7088334984375 0.9575823046874999 0.715635084375 0.958212596875 0.7295192125 0.9778600624999999 0.724922753125
2 0.7794152515625 0.9736578437500001 0.77583831875 0.9565826015625 0.7014666734375 0.954132725 0.7001159234375 0.9698243703125 0.7794152515625 0.9736578437500001
2 0.7804959171875 0.946335190625 0.7772599984374999 0.931680728125 0.74857371875 0.9262791671875 0.7442076046875 0.9422587609375 0.7804959171875 0.946335190625
2 0.3631273484375 0.50941165625 0.40813066718749996 0.5129492265625 0.4135767203125 0.4270369203125 0.3659028109375 0.4262021921875 0.3631273484375 0.50941165625