2 0.78065418125 0 0.750116975 0.050338246875000006 0.808868759375 0.0991687625 0.8453632125 0.063526415625 0.7808041718750001 0 0.78065418125 0
2 0.8684677734375 0.26448973124999997 0.8972225734375 0.2788385140625 0.9213270671875 0.2308980296875 0.88954176875 0.21303754062500002 0.8684677734375 0.26448973124999997
2 0.644470840625 0.49590457343749994 0.6279444765625 0.4676793265625 0.5967085734375 0.481293728125 0.61122025 0.5132609578125 0.644470840625 0.49590457343749994
2 0.6743178046875 0.4027179171875 0.6519274359375 0.378755034375 0.62151321875 0.40542270937499997 0.6401772484375 0.4370408546875 0.6743178046875 0.4027179171875
2 0.36844966874999996 0.3664770953125 0.4047279171875 0.33554861874999997 0.3852229453125 0.3067846453125 0.341839653125 0.33891855937500004 0.36844966874999996 0.3664770953125
2 0.37557174375 0.2641840953125 0.33801700625 0.2220721625 0.3128316859375 0.2421131984375 0.3498259140625 0.286224278125 0.37557174375 0.2641840953125
2 0.4336455640625 0.7674800328125 0.45152039374999997 0.73687435 0.425140259375 0.72248568125 0.40515274375 0.7511294984375 0.4336455640625 0.7674800328125
2 0.3011504234375 0.9337380265625 0.3178586859375 0.9043419500000001 0.29496791718750004 0.8857323640624999 0.27434453125 0.9119681625 0.3011504234375 0.9337380265625
2 0.9095066656249999 0.94866208125 0.9226959812500001 0.9217027906249999 0.89077591875 0.8961216000000001 0.8705218140625 0.9265031484374999 0.9095066656249999 0.94866208125
2 0.0922360703125 0.6682999078125 0.053597665625 0.6321468578125 0.0279016390625 0.65695065625 0.065660046875 0.6938097953125 0.0922360703125 0.6682999078125
2 0.14911340312500002 0.6607748640625 0.12367178281249999 0.632111390625 0.1014858734375 0.6538831546874999 0.13133864687500002 0.680192721875 0.14911340312500002 0.6607748640625
2 0.2031382640625 0.7620005421875 0.22037795781249997 0.7290290234375 0.1879783 0.7099931374999999 0.1698754703125 0.7445471515625 0.2031382640625 0.7620005421875
2 0.41263719062500004 0.14235928281250002 0.38595799999999997 0.11074821093750001 0.350949996875 0.146406803125 0.37578600624999997 0.17448544375 0.41263719062500004 0.14235928281250002
2 0.9904730015625001 0.2184549375 0.987411978125 0.1307987015625 0.9534600609374999 0.2006357484375 0.9904730015625001 0.2184549375
2 0.9450582437499999 0.535802178125 0.92323041875 0.510046390625 0.900430125 0.5306411984375 0.9255305234375 0.5567664890625 0.9450582437499999 0.535802178125
2 0.339145803125 0.42282522499999997 0.3017424078125 0.45733638593750003 0.3076440421875 0.4722403453125 0.3524654546875 0.4374434296875 0.339145803125 0.42282522499999997
2 0.379207103125 0.5064747390625 0.348483184375 0.4814680734375 0.3215376359375 0.5027290765625 0.349570253125 0.5267356828125 0.379207103125 0.5064747390625
2 0.3902019234375 0.796156659375 0.3976085453125 0.778207475 0.37364293593750003 0.766152021875 0.364717153125 0.782121165625 0.3902019234375 0.796156659375
2 0.385954296875 0.7570263921875 0.3778726796875 0.7702366359374999 0.4206532140625 0.8057235421875 0.4310711453125 0.7900971578125 0.385954296875 0.7570263921875