2 1 0.245341240625 0.9802911218749999 0.218743221875 0.9399165999999999 0.24992205781250001 0.98009523125 0.314897965625 1 0.3063492109375 1 0.245341240625
2 0.8383834968749999 0.1541866796875 0.8251204812499999 0.1202250140625 0.7742918546875 0.1374228984375 0.7844991015625 0.167894825 0.8383834968749999 0.1541866796875
2 0.5023469625 0.3880165703125 0.5319834546875 0.4068359984375 0.5498125609375 0.3777988390625 0.5241620234375 0.3575051125 0.5023469625 0.3880165703125
2 0.5818553328125 0.369949165625 0.6105682406249999 0.3928319546875 0.6412092296874999 0.36642515000000003 0.6205956875 0.3409176921875 0.5818553328125 0.369949165625
2 0.6375021421875 0.6790393453125 0.6753611171875 0.6405504328125 0.6495916421875 0.617232109375 0.6139152015625 0.6488528890625 0.6375021421875 0.6790393453125
2 0.6907950781250001 0.67846443125 0.7293282703124999 0.7212377109375 0.7526793859375001 0.699086665625 0.7162038953125001 0.6560365609375001 0.6907950781250001 0.67846443125
2 0.2381142890625 0.5589737390625 0.26926107187500004 0.5431671875 0.25868383906250003 0.51504126875 0.22588831250000002 0.5284826515625001 0.2381142890625 0.5589737390625
2 0.0606359125 0.6661245203124999 0.08948660625 0.6493531546875 0.0742439078125 0.6240952046875 0.0428085703125 0.63654971875 0.0606359125 0.6661245203124999
2 0.12921422031250002 0.07372631406249999 0.1621189234375 0.057897614062500005 0.141229103125 0.02272798125 0.11269657968749999 0.03203693125 0.12921422031250002 0.07372631406249999
2 0.247627909375 0.9031398765624999 0.27887338281249996 0.9456606234375 0.3070119890625 0.9236666890624999 0.27658820624999997 0.880372778125 0.247627909375 0.9031398765624999
2 0.27025315625 0.8399955859375 0.292151978125 0.87321941875 0.3167995421875 0.8542794656250001 0.2919558109375 0.8250962562499999 0.27025315625 0.8399955859375
2 0.211888309375 0.7928773953125 0.24862547343750002 0.7797597296875 0.23428400625 0.7450261 0.199234059375 0.7575092703124999 0.211888309375 0.7928773953125
2 0.8050594249999999 0.6683080218749999 0.8294083015625 0.6968101203125 0.869592040625 0.6671055296875 0.842001628125 0.63628656875 0.8050594249999999 0.6683080218749999
2 0.8595603031250001 0.09261643124999999 0.93815054375 0.0671913796875 0.9379913671875 0.0644008703125 0.8458940593750001 0.049814090625 0.8595603031250001 0.09261643124999999
2 0.503008359375 0.07071034375 0.525386103125 0.0992024015625 0.5489536703125 0.07949024375 0.5264863828124999 0.054290331250000004 0.503008359375 0.07071034375
2 0.5414149328125 0.6548049406249999 0.5007187234375 0.694347359375 0.514656290625 0.7022657890625 0.5540371359375 0.670029428125 0.5414149328125 0.6548049406249999
2 0.4525887328125 0.6452448875 0.47246032343750005 0.6763457671875 0.49726451093749996 0.6526214109375 0.4767771515625 0.6187162390625 0.4525887328125 0.6452448875
2 0.201796684375 0.59470260625 0.21885264843750002 0.5880861640624999 0.21024988437499997 0.5626759906250001 0.191444578125 0.5675124874999999 0.201796684375 0.59470260625
2 0.20313300625 0.527884321875 0.1862088 0.5360260953125 0.21539645 0.583329115625 0.2296028765625 0.5771646578125 0.20313300625 0.527884321875