2 0.53645869375 0.1089277984375 0.6039549734375 0.122652609375 0.606861340625 0.068803753125 0.5374651593750001 0.060177282812499996 0.53645869375 0.1089277984375
2 0.82502765625 0.21759366406249997 0.8298725812500001 0.167774678125 0.7594617968749999 0.1534849375 0.7559285578125 0.208994696875 0.82502765625 0.21759366406249997
2 0.753347925 0.3094081046875 0.7494711203125 0.3449112921875 0.7944628828125 0.3530535328125 0.7984860546875 0.319909109375 0.753347925 0.3094081046875
2 0.7747575546875 0.47309915625 0.7743608234375 0.506257671875 0.806999928125 0.5126020703124999 0.8107482140625001 0.480871803125 0.7747575546875 0.47309915625
2 0.5174841578125 0.1723140578125 0.51585385 0.1931482625 0.551633746875 0.1988934453125 0.55604799375 0.1761841140625 0.5174841578125 0.1723140578125
2 0.14042406093749998 0.002336828125 0.1365432703125 0.0160864578125 0.1877187625 0.026637235937499996 0.19148903125 0.013472578125 0.14042406093749998 0.002336828125
2 0.10803866250000001 0.04136349375 0.1759878140625 0.052758475000000006 0.18399868749999998 0.03644829375 0.11145114062499999 0.0269195625 0.10803866250000001 0.04136349375
2 0.1168051765625 0.40079944999999995 0.11305680468749998 0.43874546406250003 0.151525853125 0.44622309062500004 0.16220638125 0.4146146703125 0.1168051765625 0.40079944999999995
2 0.20086759999999998 0.232834578125 0.1431323796875 0.215569725 0.12744404375 0.2838240234375 0.1870253421875 0.297823315625 0.20086759999999998 0.232834578125
2 0.0674904546875 0.265524690625 0.124625859375 0.27965182187500004 0.1426252984375 0.2259496140625 0.0816268921875 0.21146953124999998 0.0674904546875 0.265524690625
2 0.3125426 0.1717553515625 0.31355481093750004 0.207000734375 0.36029539375 0.21548132031249997 0.3661204546875 0.182402225 0.3125426 0.1717553515625
2 0.933675978125 0.21876978593750002 0.9335172843749999 0.2320331921875 0.9693929046875001 0.23417416875 0.9694370671874999 0.22149177187500002 0.933675978125 0.21876978593750002