2 0.44800607187499997 0.907023940625 0.40990952031249994 0.902072740625 0.40469067968749994 0.9357543328125001 0.44145079374999996 0.9411445078125 0.44800607187499997 0.907023940625
2 0.27532036875 0.762185759375 0.242131109375 0.7471664546875 0.2284635625 0.7823346328125 0.2626834125 0.7951560468750001 0.27532036875 0.762185759375
2 0.2543970078125 0.7219964359375 0.28615857031249997 0.7347777171875001 0.29938803593749996 0.6790583734375 0.26804306875 0.6653377765624999 0.2543970078125 0.7219964359375
2 0.0428276609375 0.7860247078125 0.032939449999999995 0.839601809375 0.050339159375 0.8461313140625 0.064617915625 0.7977644421875 0.0428276609375 0.7860247078125
2 0 0.42086117187500005 0.0096272375 0.4247315203125 0.022351725 0.3786175828125 0 0.37060065937500003 0 0.42086117187500005
2 0.18525545937500001 0.0868646890625 0.17982099375 0.1202735765625 0.210742415625 0.128663934375 0.222078746875 0.09672745 0.18525545937500001 0.0868646890625
2 0.27709110312499996 0.20019860625 0.2448633328125 0.1886619390625 0.23569608749999998 0.21290925781249997 0.270197246875 0.22540259218749997 0.27709110312499996 0.20019860625
2 0.49080322968749995 0.1168404609375 0.45767425 0.11375523125 0.4473604203125 0.1673786390625 0.4820751296875 0.175670384375 0.49080322968749995 0.1168404609375
2 0.6221356124999999 0.18602429843749999 0.6636186875 0.13808175 0.627643184375 0.11260735156249999 0.5940064234375 0.1567401140625 0.6221356124999999 0.18602429843749999
2 0.802175684375 0 0.8260398796875 0.020711145312500002 0.8396072390624999 0 0.802175684375 0
2 0.7129676500000001 0.4373770125 0.679778390625 0.42235770781250004 0.666373546875 0.44705041406249996 0.7016041234375 0.46543729218749996 0.7129676500000001 0.4373770125
2 0.69349695625 0.507483809375 0.659002571875 0.49140763437499996 0.640900134375 0.5365942687499999 0.6766355734375 0.5570192234375 0.69349695625 0.507483809375
2 0.6616640687500001 0.6529220390625 0.627946146875 0.649898709375 0.6292110765625 0.689169115625 0.6615057765625 0.691147990625 0.6616640687500001 0.6529220390625
2 0.6190294515625 0.7409859937500001 0.5784498921875 0.735101728125 0.5729642640625 0.7667233578125 0.6141536234375 0.7683643874999999 0.6190294515625 0.7409859937500001
2 0.5491983203124999 0.8086246156250001 0.51647209375 0.8037059921875 0.509732346875 0.845907296875 0.5516488828125 0.8489660203125 0.5491983203124999 0.8086246156250001
2 0.35107257187499996 0.3422765671875 0.343153771875 0.363409134375 0.377524025 0.37830431249999996 0.3871050734375 0.3599821390625 0.35107257187499996 0.3422765671875
2 0.51502166875 0.6593794671875 0.4969818265625 0.6523202234375 0.4850579421875 0.686409603125 0.497957771875 0.6913224921875 0.51502166875 0.6593794671875