2 0.8262847890625 0.2208974921875 0.7743618 0.21617545 0.7717797984375 0.261418121875 0.8242829640625 0.267308125 0.8262847890625 0.2208974921875
2 0.826187459375 0.270806290625 0.79212701875 0.2654604765625 0.7865457328125001 0.32684890625 0.8188866640624999 0.3340386671875 0.826187459375 0.270806290625
2 0.9841139140624999 0.2664796015625 0.986925040625 0.2019202921875 0.936517321875 0.19684828125 0.9334546390625 0.26230754218749996 0.9841139140624999 0.2664796015625
2 0.8636266687499999 0.134633915625 0.8627096562500001 0.1934845828125 0.901989384375 0.1950834640625 0.9000001125000001 0.1381181875 0.8636266687499999 0.134633915625
2 0.54694495 0.119553325 0.5428672390625 0.20703017343750002 0.6163317359375 0.21753519843750002 0.6202405515625 0.1253113515625 0.54694495 0.119553325
2 0.516628315625 0.4937158515625 0.515063234375 0.5680344953125 0.5572891828125 0.56893638125 0.5576037609375 0.4928790703125 0.516628315625 0.4937158515625
2 0.15574338593749998 0.0637017265625 0.1193699953125 0.06021901875 0.119931753125 0.17842923593749999 0.154931871875 0.1766128921875 0.15574338593749998 0.0637017265625
2 0.054539064062499996 0.2977528453125 0.01834195625 0.298422765625 0.02096795 0.40764765625 0.052446112499999996 0.407144090625 0.054539064062499996 0.2977528453125
2 0.22524276875 0.5734023546875 0.1650048328125 0.5671883421875 0.166587209375 0.6295148359375 0.224899984375 0.63163885625 0.22524276875 0.5734023546875
2 0.667464440625 0.751344625 0.593879928125 0.7488643015625 0.590871871875 0.7988747468749999 0.6705751 0.80084434375 0.667464440625 0.751344625
2 0.490240559375 0.6740606953125 0.5599343359375 0.678754715625 0.556338209375 0.643827690625 0.49436004375 0.6388642375 0.490240559375 0.6740606953125
2 0.6415270375000001 0.6497660734374999 0.643962371875 0.6003681765625 0.566428659375 0.5923832640625 0.561514546875 0.6388955968750001 0.6415270375000001 0.6497660734374999
2 0.5672103515625 0.46164978124999995 0.5659425796875001 0.5104112296875 0.64290368125 0.5190118140625 0.6399348484375 0.4680218640625 0.5672103515625 0.46164978124999995
2 0.5076596 0.338964271875 0.5074331640625 0.404920165625 0.577112690625 0.40486335156250003 0.583266590625 0.34285925 0.5076596 0.338964271875
2 0.417363575 0.0204043140625 0.3102941140625 0.013746301562499999 0.3096181703125 0.062487084375 0.42088083281250005 0.0663251625 0.417363575 0.0204043140625
2 0.1771376328125 0.6695475796875 0.123376053125 0.668452853125 0.12110051562499999 0.70536881875 0.1811726796875 0.706835725 0.1771376328125 0.6695475796875
2 0.126723246875 0.645167165625 0.16485010625000002 0.6494798078125 0.1616087125 0.5720598328125 0.12974443125 0.578519565625 0.126723246875 0.645167165625
2 0.397632259375 0.7313588328125 0.33524305625 0.7281905046875 0.3365692375 0.76616735625 0.3966414 0.7676342609375 0.397632259375 0.7313588328125
2 0.504265453125 0.1100510921875 0.457007453125 0.11378076875000001 0.4594036734375 0.165386390625 0.5034719515625 0.1680062765625 0.504265453125 0.1100510921875