2 0.4108852140625 0.8751499703125001 0.4956983984375 0.8976019078125 0.5201555859375 0.8190956875 0.4382108609375 0.801306128125 0.4108852140625 0.8751499703125001
2 0.5315428234375 0.7661770921875 0.51494185625 0.8140586921875 0.6190365234375 0.8381265000000001 0.632005175 0.79231308125 0.5315428234375 0.7661770921875
2 0.613560190625 0.64687930625 0.6009180265625 0.67734705625 0.6749919906249999 0.69549888125 0.6832828046875 0.662130340625 0.613560190625 0.64687930625
2 0.690200934375 0.8917283703125 0.6722067203125001 0.9484065703125 0.740704390625 0.9638005546875 0.7600164296874999 0.906392965625 0.690200934375 0.8917283703125
2 0.89691145625 1 0.9049088453125 0.9708321734375 0.8360513203125001 0.9539147015625 0.8272020421875 0.99460476875 0.8642442328125 1 0.89691145625 1
2 0.8473520750000001 0.7079606765625 0.8349508578125 0.7559047203125 0.9003531453125 0.7699668328125 0.91430065625 0.7179631390625001 0.8473520750000001 0.7079606765625
2 0.7609783015625 0.6004739390625 0.745857759375 0.6503950515625 0.8119412515625 0.6620639515625 0.8220609390625 0.609547328125 0.7609783015625 0.6004739390625
2 0.83859850625 0.5051332375 0.798784575 0.494617690625 0.7908643703125 0.529441815625 0.825410046875 0.537172375 0.83859850625 0.5051332375
2 0.8825639109375001 0.5463701999999999 0.8754172125 0.580116115625 0.9322379015625 0.5933252687499999 0.9380623421875001 0.5527556828125 0.8825639109375001 0.5463701999999999
2 0.667752884375 0.3692339484375 0.7203191140625 0.3751550171875 0.7265380390625 0.34727683125 0.6737280015625 0.3353040546875 0.667752884375 0.3692339484375
2 0.2126403109375 0.6579431453125 0.20258925625000002 0.69483438125 0.26373700625 0.7015989046875 0.2747100640625 0.6683751796874999 0.2126403109375 0.6579431453125
2 0.0437740328125 0.5740705921875 0.079239078125 0.57788425 0.081104715625 0.5547285140625 0.04795474375 0.5476746203125 0.0437740328125 0.5740705921875
2 0.0222200296875 0.328327990625 0.0810303671875 0.338843353125 0.08870676562499999 0.29796752031249996 0.033488526562499996 0.2898229609375 0.0222200296875 0.328327990625
2 0.58543185 0.2437502515625 0.62540419375 0.249480096875 0.629206128125 0.23685219218750003 0.592045503125 0.22856192343749998 0.58543185 0.2437502515625
2 0.5873072500000001 0.2584780765625 0.5781331734374999 0.2708546875 0.6181925109375 0.27982079843749996 0.6234807609375 0.2654097015625 0.5873072500000001 0.2584780765625
2 1 0.24084914531249998 0.9742498562499999 0.23317426718749998 0.9667726578125 0.25002927656249996 1 0.25902514375 1 0.24084914531249998
2 0.212383153125 0.3217655765625 0.1786469859375 0.31461725625 0.169680178125 0.35035610625 0.20631360937499998 0.35628166562499997 0.212383153125 0.3217655765625