2 0.8716035156249999 0.8240533156250001 0.8734936875000001 0.8608607656249999 0.9084582265625001 0.8587822062500001 0.9086975453124999 0.821290384375 0.8716035156249999 0.8240533156250001
2 0.16544644375 0.9765172453125001 0.174661809375 0.942616559375 0.11278903437500001 0.9251924640625001 0.10378796562499999 0.9602844375 0.16544644375 0.9765172453125001
2 0.0340700796875 0 0.033064109375 0.0480037203125 0.0554888125 0.050762209375 0.0667135328125 0 0.0340700796875 0
2 0.2344081078125 0.11799582812500001 0.226374734375 0.152016759375 0.26610060625 0.15419789687500002 0.270872603125 0.1200021625 0.2344081078125 0.11799582812500001
2 0.634450440625 0.091510290625 0.6339731421875 0.1281271296875 0.6667570421875 0.1274420375 0.6674260000000001 0.092362625 0.634450440625 0.091510290625
2 0.841464284375 0.87201305 0.8553335171875001 0.835419503125 0.8103874828125001 0.8227502390625 0.7977097875 0.8593722859374999 0.841464284375 0.87201305
2 0.4891656234375 0.8711373671875 0.4940645640625 0.9244997125 0.5551109875 0.9239724359375 0.5572682 0.8675651984374999 0.4891656234375 0.8711373671875
2 0.0660997609375 0.103300684375 0.11008480000000001 0.10841106250000002 0.11188965312500002 0.08685633125 0.0654414609375 0.08717955625 0.0660997609375 0.103300684375
2 0.0659308453125 0.046134021875 0.10732770312499999 0.0457207140625 0.1084708515625 0.0336288125 0.0677676796875 0.028400204687500003 0.0659308453125 0.046134021875
2 0.3780893890625 0.1316142015625 0.3725203 0.1729529828125 0.4069154390625 0.17476135937499998 0.41383877656249995 0.13535769687500002 0.3780893890625 0.1316142015625
2 0.745960259375 0.22049834375000002 0.781091015625 0.21604277500000002 0.7743047546875 0.1641351328125 0.740390009375 0.1724803125 0.745960259375 0.22049834375000002
2 0.267059378125 0.8639859718749999 0.20427824218750001 0.85955203125 0.19428292656249999 0.9088624109375001 0.26036008437499997 0.9087198109375001 0.267059378125 0.8639859718749999