2 0.24415882656250001 0.12049899687500001 0.1952969234375 0.1392513828125 0.21327234375 0.1916333546875 0.2619812171875 0.1704219796875 0.24415882656250001 0.12049899687500001
2 0.31067301875000003 0.132817578125 0.2789219953125 0.15095629375 0.2944273328125 0.186423834375 0.3309408453125 0.166869359375 0.31067301875000003 0.132817578125
2 0.46136830937499995 0.054370571874999996 0.4485412359375 0.06621404374999999 0.47755208437499996 0.1009101828125 0.49317196875 0.0838937015625 0.46136830937499995 0.054370571874999996
2 0.4778361140625 0.26789960625 0.461726875 0.2723682703125 0.4849850078125 0.339832859375 0.5393488203125 0.3158778828125 0.5113894609375 0.26410532343750004 0.4856015125 0.27986944375 0.4778361140625 0.26789960625
2 0.28615669062500004 0.39651559375 0.265910221875 0.349114028125 0.23113493125 0.36721692968749997 0.24725750624999998 0.399780596875 0.28615669062500004 0.39651559375
2 0.1092905671875 0.3983774953125 0.08489700624999999 0.40472576406250005 0.0970821875 0.435845496875 0.12006953125 0.43162638593749997 0.1092905671875 0.3983774953125
2 0.0704419046875 0.40711636875 0.051849981249999996 0.414697815625 0.0610598890625 0.45125528125000003 0.0810053484375 0.4442650453125 0.0704419046875 0.40711636875
2 0.2155938125 0.5915456828125001 0.1881869859375 0.606358684375 0.21100039375000001 0.6530918406249999 0.23785310312500002 0.6433206828125 0.2155938125 0.5915456828125001
2 0.12868390624999998 0.45834503125000003 0.1018590609375 0.4732833328125 0.1129700015625 0.506601190625 0.138355403125 0.49105501562500004 0.12868390624999998 0.45834503125000003
2 0.42332310624999997 0.90096534375 0.4097424078125 0.8507315296875 0.389238603125 0.846678415625 0.39196603125 0.9058350703125001 0.42332310624999997 0.90096534375
2 0.8289032046875 0.88155349375 0.7951899484375 0.8889558734375 0.8041395343750001 0.93122464375 0.8416798390625001 0.921298746875 0.8289032046875 0.88155349375
2 0.87876501875 0.6384197921875 0.8720859109375001 0.6042197109375 0.839409228125 0.6124494359375 0.8503425328124999 0.649676728125 0.87876501875 0.6384197921875
2 0.7842150375 0.6638486765625 0.7839180171875 0.6310067484374999 0.753949059375 0.6282787390625 0.7505370390625 0.66822188125 0.7842150375 0.6638486765625
2 0.7007499687500001 0.163526128125 0.673885603125 0.181491103125 0.70492093125 0.21236685781250003 0.7256296109375 0.1924896328125 0.7007499687500001 0.163526128125
2 0.9656353937500001 0.689056440625 0.960907515625 0.65709215 0.9401278609375 0.6551033578125 0.943970209375 0.691128525 0.9656353937500001 0.689056440625
2 0.6697753718749999 0.20368400625 0.6520361796875 0.22722908749999998 0.6656522093749999 0.245905646875 0.6915629296875 0.22440098593750002 0.6697753718749999 0.20368400625
2 0.6534560140625 0.12069469375 0.6406654046875 0.1295108421875 0.6643561984375 0.15214830625 0.677647240625 0.135852440625 0.6534560140625 0.12069469375
2 0.6934907359375 0.75686235625 0.6960455421875 0.7191634703124999 0.681294878125 0.7172405515625 0.679197075 0.7556451890625 0.6934907359375 0.75686235625
2 0.6466176484374999 0.7177624671875 0.6466662421875 0.751765621875 0.6605926203125 0.754725765625 0.6626203609375 0.7199499203124999 0.6466176484374999 0.7177624671875
2 0.34200600625 0.7386043421874999 0.3157117375 0.748190690625 0.33055084375 0.7810885609375 0.35508573593750004 0.77203876875 0.34200600625 0.7386043421874999
2 0.4234952640625 0.6205595359375 0.4117795421875 0.627174503125 0.4288149203125 0.6611478187500001 0.44165832656250004 0.6556830703125 0.4234952640625 0.6205595359375
2 0.39795348750000004 0.663693240625 0.40985342031250005 0.6598489937500001 0.41065678906249997 0.6524320703125001 0.397607475 0.6253777640625 0.383361278125 0.62963381875 0.39795348750000004 0.663693240625
2 0.18729779062500002 0.5934223703125 0.20877985625 0.577955440625 0.190384378125 0.550373384375 0.168157040625 0.5647697828125 0.18729779062500002 0.5934223703125