2 0.912617409375 0.48856056875 0.9379173218749999 0.44856195468750004 0.770511609375 0.3567621296875 0.7436761734374999 0.40129416874999996 0.912617409375 0.48856056875
2 0.9656686890625 0.8061232453124999 0.994466953125 0.7727051515625 0.913342828125 0.725889615625 0.8916777953125001 0.7638110171875 0.9656686890625 0.8061232453124999
2 0.8485994625 0.939144415625 0.86814715625 0.90833878125 0.8369678593750001 0.8882607984374999 0.8178990453124999 0.918094578125 0.8485994625 0.939144415625
2 0.58976765625 0.9407264312500001 0.5325318109375 0.9008797156250001 0.5086184828125 0.93754229375 0.5659840578125 0.9711375406249999 0.58976765625 0.9407264312500001
2 0.5410392500000001 0.7582343500000001 0.5702698515625 0.708849240625 0.5219500125 0.6807173171875001 0.49340639687500004 0.7308382546875001 0.5410392500000001 0.7582343500000001
2 0.42408610625 0.7923116718750001 0.448862746875 0.757821009375 0.415760121875 0.7415668609375 0.39344423281249996 0.7741874453124999 0.42408610625 0.7923116718750001
2 0.251589228125 0.9586769421874999 0.2757772515625 0.92668759375 0.24099003125000001 0.9064575484375 0.21956217812499998 0.9365794078125 0.251589228125 0.9586769421874999
2 0.6364929609375001 0.9436790593750001 0.6070591796875 0.979242153125 0.6314178546875 0.987618828125 0.67321904375 0.9675326406250001 0.6364929609375001 0.9436790593750001
2 0.910267571875 0.2647977984375 0.8876975015624999 0.31727235 0.9260947703125 0.33765891875 0.9507286453124999 0.2898126671875 0.910267571875 0.2647977984375
2 0.826555740625 0.228562425 0.8821914515625 0.1311277484375 0.7626101875 0.078041278125 0.7149879109375 0.16277500312499998 0.826555740625 0.228562425
2 0.7525586234375 0.09361830156249999 0.717398778125 0.0752254859375 0.6964062578125 0.10888 0.7296536015624999 0.1263127953125 0.7525586234375 0.09361830156249999
2 0.966605653125 0.2388557328125 0.97132585 0.235886478125 0.961991609375 0.1598651984375 0.9258528281249999 0.2187599625 0.966605653125 0.2388557328125
2 0.61056731875 0.44751841875 0.622419709375 0.417375859375 0.5770451343749999 0.3888838796875 0.5581206609375 0.4198932078125 0.61056731875 0.44751841875
2 0.5443369312499999 0.5292978828125 0.5582446671875 0.4939834765625 0.5102862484374999 0.4687950734375 0.49254061406250005 0.49966123281249997 0.5443369312499999 0.5292978828125
2 0.660094325 0.271113009375 0.6000823937499999 0.23545300624999999 0.5821810234375 0.26992281875 0.6360106515624999 0.3039522234375 0.660094325 0.271113009375
2 0.5981597468750001 0 0.591401425 0.006411521874999999 0.6494363843750001 0.0381504171875 0.6702843765625001 0.0033188078125 0.6612557671875 0 0.5981597468750001 0
2 0.48711533593749995 0 0.4550900140625 0.0046417624999999995 0.436218425 0.0433898265625 0.4885272734375 0.06746946875 0.5252860218750001 0 0.48711533593749995 0
2 0.29694785156250003 0.173411490625 0.3268294171875 0.11959684374999999 0.28240675312499997 0.0939727296875 0.249077734375 0.14408303125 0.29694785156250003 0.173411490625
2 0.5396254359375 0.2643896703125 0.4993798640625 0.243553121875 0.47040271406249995 0.2950024171875 0.508353446875 0.3166370859375 0.5396254359375 0.2643896703125
2 0.21117865 0.1959493078125 0.1642150375 0.154502859375 0.13608928125 0.1836540640625 0.18298053281249999 0.2245111890625 0.21117865 0.1959493078125
2 0.20563575781250001 0.34325090468749997 0.166558034375 0.3197584859375 0.1335401046875 0.362658378125 0.16655026875 0.3878907171875 0.20563575781250001 0.34325090468749997
2 0.21181403593749998 0.48857336093750003 0.18995950781249998 0.5200794125 0.234732575 0.553429346875 0.259622459375 0.52228419375 0.21181403593749998 0.48857336093750003
2 0.2612472234375 0.584237034375 0.329643396875 0.6248449484374999 0.3682778875 0.5740832171875 0.291112846875 0.53515176875 0.2612472234375 0.584237034375
2 0.3402011375 0.5500413328125 0.3714524140625 0.5707055359375001 0.3918556109375 0.5371233859375 0.3594131203125 0.5213863921875 0.3402011375 0.5500413328125
2 0.45213668125 0.42394271406249995 0.4153518421875 0.4069442671875 0.379404571875 0.4747067921875 0.40939556250000003 0.4997100546875 0.45213668125 0.42394271406249995
2 0.43267626562499995 0.3677627734375 0.4055280375 0.3561551015625 0.385280575 0.3861336015625 0.418538934375 0.39878409531250003 0.43267626562499995 0.3677627734375
2 0.2489896453125 0.1189926828125 0.27070519375 0.0912267609375 0.22365684843750003 0.053975031250000007 0.1954477140625 0.087319215625 0.2489896453125 0.1189926828125
2 0.2837803 0.0418102765625 0.2592359078125 0.027061865624999997 0.19571342187500002 0.0358909953125 0.257493325 0.0713339171875 0.2837803 0.0418102765625
2 0.15593723125 0.8714809156250001 0.10599395 0.844743171875 0.09969367343749999 0.8616526468749999 0.1446331109375 0.8866135265624999 0.15593723125 0.8714809156250001
2 0.6785722703125 0.4021157125 0.711363803125 0.42558026875 0.7284589609375 0.389416396875 0.6985920140624999 0.37515464375 0.6785722703125 0.4021157125
2 0.5931770234375 0.2912825796875 0.5569145765625 0.3467213421875 0.6058827124999999 0.37040201562499997 0.64665625 0.31758616562499997 0.5931770234375 0.2912825796875
2 0.6168066171875 0.10371254999999999 0.638834809375 0.068736028125 0.6080045546874999 0.0563856109375 0.5916560078125 0.088873278125 0.6168066171875 0.10371254999999999