2 1 0.4899423328125 0.9799452453124999 0.491542459375 0.9899096093749999 0.5392728921875001 1 0.53767473125 1 0.4899423328125
2 0.8307271078125 0.8949377203125 0.8367877390625 0.9237142296874999 0.87713006875 0.9203303859374999 0.8739362265624999 0.8925742265625001 0.8320492390625001 0.8937965312499999 0.8307271078125 0.8949377203125
2 0.19003503125 0.9603443078125 0.1916350609375 0.9002193953125 0.127368928125 0.90438505625 0.128850428125 0.9630806265625 0.188703934375 0.961418890625 0.19003503125 0.9603443078125
2 0.0990476140625 0.9495069484374999 0.10093322656249999 0.938639109375 0.06316528437499999 0.9301901734375001 0.0664169203125 0.9507201999999999 0.0990476140625 0.9495069484374999
2 0.10872487500000001 0.9043322281249999 0.10723231250000001 0.8835220078124999 0.058650925 0.8918192765624999 0.0600062859375 0.9102450421875 0.10872487500000001 0.9043322281249999
2 0.3817612734375 0.844312228125 0.3803425421875 0.8619133671875 0.45646984531249996 0.875713396875 0.45087066093750006 0.8555536015625 0.3817612734375 0.844312228125
2 0.47232407500000007 0.8353788515625 0.47739949218750005 0.82188753125 0.37235240625 0.8114656421875001 0.3631595359375 0.8255489890625001 0.47232407500000007 0.8353788515625
2 0.483317528125 0.8023097734375 0.484298453125 0.789525490625 0.377918778125 0.7745054546875 0.377123375 0.788461071875 0.483317528125 0.8023097734375
2 0.29690655625 0.20038834687499998 0.299129784375 0.0948664078125 0.24687443125000003 0.0989347859375 0.24028954531250002 0.2015991671875 0.29690655625 0.20038834687499998
2 0.4530368546875 0.1044233234375 0.4484647984375 0.0850452875 0.402014015625 0.095408125 0.40510902968750007 0.11115375000000001 0.4530368546875 0.1044233234375
2 0.445286828125 0.0668781390625 0.44273348593749995 0.0450636859375 0.39862870781250004 0.0550565328125 0.398884159375 0.07185147187499999 0.445286828125 0.0668781390625
2 0.375924590625 0.061631375 0.3739280546875 0.043332474999999995 0.3413952078125 0.0466817171875 0.341184946875 0.06054624374999999 0.375924590625 0.061631375
2 0.3293447828125 0.06359853125 0.33395725625 0.0490620765625 0.2854032203125 0.053746523437500006 0.2862757984375 0.0668368109375 0.3293447828125 0.06359853125
2 0.23040489687500001 0.07656389062499999 0.23033566093750002 0.055251392187500005 0.169003271875 0.05895239375 0.1679643078125 0.078961265625 0.23040489687500001 0.07656389062499999
2 0.0492304828125 0.0827159296875 0.05346865625 0.06582624375 0.0071271140625 0.07309325 0.009919878125 0.0793395171875 0.0492304828125 0.0827159296875
2 0.45091424843750005 0.022702378125 0.4487194828125 0.0031518890624999997 0.39828564843750003 0.011139825 0.405868759375 0.0286535625 0.45091424843750005 0.022702378125
2 0.9012637218749999 0.6457083734375 0.9019834453125 0.6331727 0.8468887765625001 0.6382919296875 0.854023340625 0.649188115625 0.9012637218749999 0.6457083734375