2 0 0.1865963140625 0.067818015625 0.2084622765625 0.0729934734375 0.165021584375 0 0.1515133421875 0 0.1865963140625
2 0.2180551203125 0.2165290046875 0.16315116093749998 0.197890621875 0.15083887499999998 0.24026820624999998 0.20762599375000002 0.2517476328125 0.2180551203125 0.2165290046875
2 0.168635925 0.1722597453125 0.20437656406250002 0.1805434984375 0.22106931406250002 0.15115394375 0.18164393125 0.1358084234375 0.168635925 0.1722597453125
2 0.0524532 0.6196711828125 0.089888765625 0.6231730625 0.091871078125 0.56672361875 0.0618239140625 0.56338813125 0.0524532 0.6196711828125
2 0.0310200078125 0.837392465625 0.0056859828125 0.8301131843749999 0.0063802890625 0.8698899390625 0.0254333203125 0.8731204078125 0.0310200078125 0.837392465625
2 0.29195221875 0.9492306046874999 0.328785353125 0.9521507234375 0.3356386796875 0.9086807453124999 0.3023711 0.900353825 0.29195221875 0.9492306046874999
2 0.358637096875 0.9629126265625001 0.3943243625 0.9682281078124999 0.4008824609375 0.9360462515625001 0.368059809375 0.9312746093750001 0.358637096875 0.9629126265625001
2 0.3511241671875 0.8044868031249999 0.3827035390625 0.8122509125 0.4033335765625 0.760522053125 0.3667051359375 0.7454246328125 0.3511241671875 0.8044868031249999
2 0.49176555468750005 0.704642065625 0.5429998203124999 0.7168122593749999 0.554971965625 0.681269778125 0.5029749812500001 0.6670344578125 0.49176555468750005 0.704642065625
2 0.400580725 0.0690382171875 0.368253871875 0.052382675000000004 0.3472620890625 0.1073808453125 0.3805798640625 0.1195684140625 0.400580725 0.0690382171875
2 0.3593833359375 0.25800630625 0.38618700625 0.264070690625 0.41083965781250004 0.21494546093750003 0.378374884375 0.19710308125 0.3593833359375 0.25800630625
2 0.412571709375 0.1442482125 0.4447535171875 0.15259408593749998 0.46274742343749997 0.09586359531250001 0.42893781875 0.086655378125 0.412571709375 0.1442482125
2 0.539755065625 0.123025325 0.5631226875 0.1362757734375 0.5797827890625 0.10510526718749999 0.552656025 0.08984199375 0.539755065625 0.123025325
2 0.6241747234374999 0.20112639375 0.659446053125 0.21654442343750002 0.681351140625 0.1799378015625 0.6483296468749999 0.168340465625 0.6241747234374999 0.20112639375
2 0.8463117921875 0 0.8286867812500001 0.0217798515625 0.852741325 0.040362871875 0.8877020109375 0 0.8463117921875 0
2 0.9279869734374999 0.8163912859375 0.9584012890625001 0.82536185 0.9819184328125001 0.779225640625 0.9401748828125 0.766888225 0.9279869734374999 0.8163912859375
2 0.761357696875 0.7189392125 0.7906158078125001 0.729713040625 0.8061365765625 0.697373178125 0.7744398015625 0.6866434781249999 0.761357696875 0.7189392125
2 0.674390203125 0.902767815625 0.7030649890625 0.914144103125 0.7176684796874999 0.8788526125 0.6879607812499999 0.8645251500000001 0.674390203125 0.902767815625
2 0.616312259375 0.872308025 0.649086165625 0.8806435625000001 0.659826253125 0.8501686671875 0.621683040625 0.8401468937500001 0.616312259375 0.872308025
2 0.0851355125 0.1808433359375 0.07919023593749999 0.2142021765625 0.09406825156250001 0.218990125 0.10230336874999998 0.17876215 0.0851355125 0.1808433359375
2 0.9984098625 0.5004234875 0.9980400484375 0.454705790625 0.968498978125 0.45225222968749995 0.9620460671875 0.4903706546875 0.9984098625 0.5004234875
2 0.77225345 0.11956089218749999 0.789649278125 0.1305402140625 0.8239955203125 0.0895579859375 0.808830503125 0.0737890015625 0.77225345 0.11956089218749999
2 0.7635458671875 0.09655154218749999 0.7726398624999999 0.10767733906250002 0.8102046015625 0.0639666484375 0.7971992515624999 0.053209171875 0.7635458671875 0.09655154218749999