2 0 0.8180575156250001 0.011896865625 0.8250275078125 0.0244891015625 0.7022140296875 0 0.7000736953125 0 0.8180575156250001
2 0.2949686796875 0.204065796875 0.40068773125 0.24731606093749997 0.41747356875 0.1946025796875 0.3111290859375 0.1492495203125 0.2949686796875 0.204065796875
2 0.380802875 0.0084406359375 0.34550914062500004 0.12463280937500001 0.4303020734375 0.16007300156249998 0.457585671875 0.0444344296875 0.380802875 0.0084406359375
2 0.47985392656250003 0.21510305000000002 0.4714687578125 0.2643622921875 0.578867834375 0.28018729375 0.59434225 0.21743599218749998 0.47985392656250003 0.21510305000000002
2 0.4511055609375 0.18245329375 0.5613485500000001 0.18838401875 0.5623035109375001 0.136368471875 0.4529645578125 0.12921855468750001 0.4511055609375 0.18245329375
2 0.5844986859375 0.4452796890625 0.595118953125 0.379025596875 0.5536816703125 0.3761917921875 0.5486893078125 0.43986416093749997 0.5844986859375 0.4452796890625
2 0.46425350468750004 0.3203242609375 0.46173616093750003 0.392411571875 0.49892906875 0.3978754140625 0.5083594421875001 0.3260279484375 0.46425350468750004 0.3203242609375
2 0.2319995921875 0.23874870937499998 0.26063481718750003 0.172828221875 0.20873873281250002 0.157035578125 0.1851978390625 0.21926754843750002 0.2319995921875 0.23874870937499998
2 0.0207078640625 0.091777440625 0.0119832234375 0.258253521875 0.070059046875 0.1170963984375 0.0207078640625 0.091777440625
2 0.072505215625 0.2510258515625 0.006254975 0.3675550078125 0.0060155750000000004 0.37212303593749996 0.1478657140625 0.44549780156249996 0.208211221875 0.3081123265625 0.072505215625 0.2510258515625
2 0.118407478125 0.2695813109375 0.20240813124999998 0.304338753125 0.227030521875 0.2451182359375 0.14409540468749998 0.2065315859375 0.118407478125 0.2695813109375
2 0.209850815625 0.142202853125 0.1768492203125 0.125286121875 0.146446675 0.20720780625000002 0.17869753593749998 0.21844644062500002 0.209850815625 0.142202853125