2 0.3785679625 0.9082231875 0.39795055 0.8802895656249999 0.3668862375 0.8549160718750001 0.35052471406249996 0.8854941625 0.3785679625 0.9082231875
2 0.21094685000000002 0.916049040625 0.252113778125 0.8841187625 0.2181291171875 0.8377314078125 0.1772294390625 0.8694057703125001 0.21094685000000002 0.916049040625
2 0.36517701874999997 0.5640107015625 0.3389246828125 0.5147664 0.31005876875 0.5349987609375 0.334470053125 0.5769849765624999 0.36517701874999997 0.5640107015625
2 0.0749522171875 0.4097387046875 0.0932662421875 0.44251052968750004 0.12017483749999999 0.423138859375 0.096430546875 0.38699789375 0.0749522171875 0.4097387046875
2 0.3896500546875 0.257825953125 0.4134980078125 0.242134975 0.3833650359375 0.18075113125 0.3599017703125 0.19711284843750002 0.3896500546875 0.257825953125
2 0.43820267656249995 0.4026446484375 0.48435175468749997 0.380035175 0.456519465625 0.3226728734375 0.4092571828125 0.35775033437500003 0.43820267656249995 0.4026446484375
2 0.5147494890625001 0.8327555890625 0.530934215625 0.83319775625 0.5465026374999999 0.7654024703125 0.528107534375 0.759445825 0.5147494890625001 0.8327555890625
2 0.8201320781250001 0.7575801359375001 0.8664539031249999 0.74765905 0.8655279546875001 0.7119241171875 0.8137961015625 0.7220955 0.8201320781250001 0.7575801359375001
2 0.8484128171875 0.7782424421874999 0.8445997468750001 0.7793788234375 0.8240155687499999 0.7902191046875 0.8267295984375 0.8226518687500001 0.8579651328125 0.809469340625 0.8484128171875 0.7782424421874999
2 0.63783961875 0.7188050515625 0.672065096875 0.7194121531250001 0.6660532421875 0.6851936624999999 0.6356049578125 0.6825379015624999 0.63783961875 0.7188050515625
2 0.6041636015625 0.7321601656250001 0.60670685625 0.7621511796875 0.630931678125 0.7579819343749999 0.629367903125 0.7230388999999999 0.6041636015625 0.7321601656250001
2 0.74556686875 0.7329769953125 0.712200271875 0.7343284796875 0.7114528734375 0.7646436249999999 0.7445693906249999 0.7659611390625 0.74556686875 0.7329769953125
2 0.930544928125 0.6130559156250001 0.9200663312499999 0.5768424125 0.8907920890625001 0.5774082125 0.8988277671875 0.6255506093750001 0.930544928125 0.6130559156250001
2 0.891672615625 0.8744980140624999 0.8878599859375 0.8346366250000001 0.8558359515625 0.8371292015625 0.8605400218750001 0.8768479093750001 0.891672615625 0.8744980140624999