2 0.8379803125 0.9574137515625001 0.8301822078125 0.9143588546875 0.7980662453125 0.925282353125 0.8063131546875001 0.9618642796874999 0.8379803125 0.9574137515625001
2 0.7666239671875 0.9417053671875 0.804741121875 0.9342324765625 0.7891962015625 0.898453990625 0.7551981125 0.9054211203125 0.7666239671875 0.9417053671875
2 0.80764940625 0.6854187390625001 0.828689 0.7205225671875 0.8470707953125001 0.7112869859375001 0.832899740625 0.6753382343750001 0.80764940625 0.6854187390625001
2 0.7895718890625 0.6290139 0.8064674640625 0.6757925921875 0.8318867015625001 0.66708769375 0.8124119171874999 0.6220220359375 0.7895718890625 0.6290139
2 0.2709421609375 0.35629711406250003 0.2847086875 0.4230041203125 0.349617775 0.4066593625 0.322138928125 0.330471546875 0.2709421609375 0.35629711406250003
2 0.2501748625 0.187161046875 0.2632659671875 0.248367175 0.30309498437500004 0.24347678749999999 0.2943150609375 0.17197004062500001 0.2501748625 0.187161046875
2 0.7148499453125 0.5954150874999999 0.7043872390625 0.602681834375 0.7137195000000001 0.6365312015625 0.7297163515625 0.628885625 0.7148499453125 0.5954150874999999
2 0.7363439828125 0.590384690625 0.7255918359375 0.5952941421875 0.7380417515625 0.62367435625 0.7523779796875 0.6156328953125 0.7363439828125 0.590384690625
2 0.6766858796874999 0.5133607484375 0.6639413390625 0.5215058781249999 0.673808175 0.5531958765625 0.68841316875 0.5472151453125 0.6766858796874999 0.5133607484375
2 0.7152674140624999 0.5355429328125 0.7032634640625 0.5059099671875 0.6889061140625 0.5106638718750001 0.7000947671875 0.5433879890625 0.7152674140624999 0.5355429328125
2 0.7284437687499999 0.496836125 0.7145929375 0.5057153 0.7250595421875 0.532545984375 0.74064155625 0.5273426031249999 0.7284437687499999 0.496836125
2 0.7508268234375 0.48930215937500005 0.7385357796875 0.4914095203125 0.7486196953124999 0.5248674890625 0.7668029609375 0.5214384484375 0.7508268234375 0.48930215937500005
2 0.781968078125 0.48009461406250004 0.76607183125 0.482046428125 0.7750511999999999 0.5162398031250001 0.7957358796875 0.508912796875 0.781968078125 0.48009461406250004
2 0.8044234937500001 0.47314997343750004 0.787565678125 0.4770144796875 0.8041364015625 0.5048902984375 0.8160671953125 0.49983612656250004 0.8044234937500001 0.47314997343750004