2 0.494104721875 1 0.5031111625 0.9544731656250001 0.4664465546875 0.948686984375 0.46204351250000003 0.9986969578125 0.48690703125 1 0.494104721875 1
2 0.3105360484375 0.634908171875 0.3496686296875 0.6381465890625 0.3827220953125 0.49480502968750006 0.335798559375 0.4834273984375 0.3105360484375 0.634908171875
2 0.4339007578125 0.5414849859374999 0.47685171875 0.546114209375 0.48279799062500006 0.48934761718750003 0.44987336093749997 0.48286559218749997 0.4339007578125 0.5414849859374999
2 0.6485495296875 0.592867378125 0.6840949140625 0.6039475515625 0.7037538984375 0.534817621875 0.6644701453125 0.5250295046875 0.6485495296875 0.592867378125
2 0.7596293078125 0.5680687328125 0.7448684 0.65856085 0.77850933125 0.672512475 0.7978530484374999 0.5754230390624999 0.7596293078125 0.5680687328125
2 0.86522435625 0.5706299125000001 0.834315934375 0.7194365375 0.8801258046875 0.7396742749999999 0.9178534921875 0.5864685140625 0.86522435625 0.5706299125000001
2 0.7581017953125 0.39318505625 0.794956253125 0.404036553125 0.8021475062500001 0.3461445125 0.772310296875 0.33744603125 0.7581017953125 0.39318505625
2 0.7003290171875001 0.192167225 0.7064948125 0.15384208125 0.6731667328125 0.1437730875 0.6646292734375 0.18197237187499998 0.7003290171875001 0.192167225
2 0.5857818203125 0.5304186609375 0.548769384375 0.525208815625 0.5266590828125 0.6498005250000001 0.5634499140625 0.6618362531249999 0.5857818203125 0.5304186609375
2 0.69402645 0.8904537250000001 0.6853948234375 0.9265686625 0.7592585796875 0.9491684906250001 0.761900871875 0.9100656875 0.69402645 0.8904537250000001
2 0.6964015671875 1 0.6988738890625 0.9792994937499999 0.6483041953125 0.9695144703125 0.636550440625 0.9917892281249999 0.6709954828125 1 0.6964015671875 1