2 0.9894595765625 0.1946534328125 0.9812323171875 0.15779921875 0.9295570874999999 0.185722515625 0.9400340859374999 0.215469196875 0.9894595765625 0.1946534328125
2 0.9950995984375 0.2386179484375 0.9473088953125 0.2519227859375 0.9600543203124999 0.316547690625 0.9863697515625001 0.302787890625 0.9950995984375 0.2386179484375
2 0.8456654140625 0.4781702296875 0.803559328125 0.4789051953125 0.8081832312499999 0.5536483828125001 0.8528940515625001 0.5478796921875 0.8456654140625 0.4781702296875
2 0.35994506406250004 0.5988843562499999 0.2758214765625 0.5762428171875 0.22902949218750002 0.84310165625 0.3089316171875 0.8566717390624999 0.35994506406250004 0.5988843562499999
2 0.5384273375 0.9532640109375 0.5437735859374999 0.9041194703125001 0.5204878468749999 0.9012004171875001 0.50639716875 0.9496662140625001 0.5384273375 0.9532640109375
2 0.0836611078125 0.9445744515625 0.15116154375 0.9458903578125 0.15329015937499998 0.8776787562499999 0.09181402968749999 0.8737635656249999 0.0836611078125 0.9445744515625
2 0.142497728125 0.734870359375 0.1487425453125 0.62959065 0.0809108015625 0.6295275921875 0.07281303125000001 0.7360867109375 0.142497728125 0.734870359375
2 0.6586343046875001 0.0098718421875 0.6645354828125 0.025734353124999998 0.7047633890625 0.017134092187499998 0.7039115734375 0.0130379375 0.6586343046875001 0.0098718421875
2 0.3426849109375 0.08580900625 0.3671027140625 0.100761696875 0.3829975875 0.06057817343750001 0.3529302828125 0.0494637265625 0.3426849109375 0.08580900625
2 0.1443279796875 0.075414540625 0.16940564062500002 0.0056943828125 0.151420878125 0.0060083078125000005 0.1276290953125 0.0701629890625 0.1443279796875 0.075414540625
2 0.1733813640625 0.0749074125 0.20406509375 0.00924628125 0.1860304234375 0.0067903437499999995 0.1608076640625 0.0681977078125 0.1733813640625 0.0749074125
2 0.2164921359375 0.00764321875 0.188575171875 0.073256053125 0.199763121875 0.07998838593749999 0.2291368125 0.018508567187499998 0.2164921359375 0.00764321875
2 0.1690768859375 0.54194116875 0.13990414843750001 0.5355211984375 0.1275920515625 0.623032215625 0.1538544828125 0.6211876546874999 0.1690768859375 0.54194116875