2 0.21186031875000003 0.0527372546875 0.18037528281249998 0.0669055640625 0.2059701953125 0.12505613124999998 0.2383774921875 0.1108108203125 0.21186031875000003 0.0527372546875
2 0.3364856921875 0 0.3237175796875 0.0047314359374999995 0.3382657015625 0.045022612499999996 0.38402742343749996 0.0243097453125 0.37112646250000003 0 0.3364856921875 0
2 0.324273309375 0.22591849218750001 0.3397104828125 0.2616358984375 0.39151022968750004 0.2378658453125 0.37748317187499997 0.2073410296875 0.324273309375 0.22591849218750001
2 0.3606643359375 0.2814194359375 0.4019796984375 0.27736580312500003 0.40550363906250003 0.2623402640625 0.3603531828125 0.26746142968750003 0.3606643359375 0.2814194359375
2 0.369728403125 0.295467990625 0.3689593015625 0.30720405156249997 0.3945891703125 0.3091632703125 0.3976447984375 0.29344343125 0.369728403125 0.295467990625
2 0.36895460468749997 0.3476891671875 0.43525778437499996 0.31465217968750003 0.4294747734375 0.30083868593749996 0.3607256984375 0.3340035125 0.36895460468749997 0.3476891671875
2 0.05021345000000001 0.46580785 0.1057198546875 0.438527440625 0.092258665625 0.4050914859375 0.0344208953125 0.4319187234375 0.05021345000000001 0.46580785
2 0.049338915625 0.6632354687500001 0.08105161093749999 0.64946000625 0.057903190625 0.591178534375 0.0246509859375 0.6004270734375 0.049338915625 0.6632354687500001
2 0 0.729926590625 0.00725381875 0.7583862546875 0.06219589062500001 0.73401728125 0.0414461296875 0.688289771875 0 0.70046080625 0 0.729926590625
2 0.347113940625 0.481823703125 0.3316226671875 0.4448287515625 0.2974085296875 0.46370182499999996 0.32440533125000004 0.502185103125 0.347113940625 0.481823703125
2 0.2370454953125 0.305924259375 0.2521024125 0.295365765625 0.20785811875000001 0.2335901265625 0.195137453125 0.24924426875 0.2370454953125 0.305924259375
2 0.55029533125 0.104024746875 0.557086365625 0.13287879062500002 0.58484790625 0.12075157031249999 0.575839834375 0.092412071875 0.55029533125 0.104024746875
2 0.62575746875 0.2292445546875 0.63354430625 0.249863875 0.6847627484375 0.22598082812500003 0.679528928125 0.20623023125 0.62575746875 0.2292445546875
2 0.2538263984375 0.5556630499999999 0.259567234375 0.568137646875 0.2927839578125 0.552839946875 0.2878270484375 0.541000028125 0.2538263984375 0.5556630499999999
2 0.2667031796875 0.578102646875 0.273690909375 0.59505365625 0.3042212484375 0.5780256421875001 0.2959920453125 0.5643415203125 0.2667031796875 0.578102646875
2 0.228871553125 0.343299728125 0.23032666875 0.357604253125 0.26498598281249997 0.35044381874999997 0.26503168125 0.33776171875 0.228871553125 0.343299728125
2 0.5998584296875 0.659663925 0.583028628125 0.627991040625 0.5419293359374999 0.649611784375 0.56793765625 0.6776298 0.5998584296875 0.659663925
2 0.5473267359375 0.660741453125 0.5186548578125 0.672884325 0.5290212515625 0.6942358625 0.5579145296875 0.676286365625 0.5473267359375 0.660741453125
2 0.8193838375 0.43271127500000006 0.8479382624999999 0.44139902343750004 0.8613970734375 0.3908381390625 0.8306182515625 0.384250478125 0.8193838375 0.43271127500000006
2 0.2480396390625 0.36605493437500003 0.24627821249999998 0.378228440625 0.2660778390625 0.37905596406250003 0.2648275875 0.363705690625 0.2480396390625 0.36605493437500003
2 0.567876778125 0.433662378125 0.55508923125 0.44188121406249997 0.5751089125 0.4820294109375 0.5884648718750001 0.47556215 0.567876778125 0.433662378125
2 0.17282410625 0.748337684375 0.1720299609375 0.7602025828125 0.20871500625 0.7612911703125 0.209326571875 0.7456979328125 0.17282410625 0.748337684375
2 0.1940787609375 0.7696854828124999 0.19648086250000002 0.7806658796875 0.20847726406249997 0.7811847453125 0.21096732187499997 0.7683745109375 0.1940787609375 0.7696854828124999
2 0.268687121875 0.7126007453125001 0.2662774015625 0.7265535515625 0.28538089375000003 0.7278506265625 0.2832236609375 0.7171581812500001 0.268687121875 0.7126007453125001
2 0.270027325 0.7337035625 0.26767305937499997 0.7473710828125 0.2832980109375 0.751013128125 0.2892669046875 0.7358563890625 0.270027325 0.7337035625
2 0.2435016390625 0.70679948125 0.24668555625000002 0.72153715 0.2656590796875 0.7203910984374999 0.2637142296875 0.705510671875 0.2435016390625 0.70679948125
2 0.14221221875 0.6164293843750001 0.140044621875 0.5793485703125001 0.09022960625000001 0.5835646265625 0.10160298906250001 0.618406159375 0.14221221875 0.6164293843750001