2 0.2157992453125 0.9010607421874999 0.19563849375 0.873268371875 0.1252496453125 0.93337275 0.152369015625 0.9593614453124999 0.2157992453125 0.9010607421874999
2 0.196886590625 1 0.1895088265625 0.984122934375 0.17455617968749998 1 0.196886590625 1
2 0.7227622734375 0.8424027640625 0.7050139546875 0.78798669375 0.647083140625 0.808265021875 0.666274303125 0.8573672078125 0.7227622734375 0.8424027640625
2 0.213434053125 0.6186958453125 0.17422275468749998 0.5575625718749999 0.1422135078125 0.5794453796875 0.17897953125 0.640151596875 0.213434053125 0.6186958453125
2 0.3487457453125 0.5660521625 0.300132103125 0.6037356859375 0.329135140625 0.6450528281250001 0.3699325953125 0.6119198375 0.3487457453125 0.5660521625
2 0.33961683125 0.3528505234375 0.3327072515625 0.3185006125 0.28545954687499997 0.33806385625 0.29297487968749997 0.37005202812500004 0.33961683125 0.3528505234375
2 0.7590659171875 0.202644175 0.7303577781249999 0.1320478515625 0.669016590625 0.16351425625 0.6982665 0.22634290625000003 0.7590659171875 0.202644175
2 1 0.4956365671875 0.9994665265625 0.46507389374999997 0.9988852687499999 0.460339934375 0.94964408125 0.49047649687500006 0.974654765625 0.5382675015625 1 0.5226033265625001 1 0.4956365671875
2 0.9199565968750001 0.7383294499999999 0.9041529328125 0.6851480875 0.8642133484375 0.6960357171875 0.8819263562499999 0.74771538125 0.9199565968750001 0.7383294499999999
2 0.8510354390625 0.7324348890625 0.8498733828124999 0.72053468125 0.7918820140625 0.7354349890625 0.79147900625 0.7516408375 0.8510354390625 0.7324348890625
2 0.871953228125 0.15737738437499998 0.8616118625 0.12430995 0.7955663359375 0.1515667296875 0.8047788328125 0.18274830625 0.871953228125 0.15737738437499998
2 0.881587365625 0.0482555265625 0.8699659125 0.0071986062500000005 0.8110648265625 0.0341779421875 0.8298394281249999 0.07016910312499999 0.881587365625 0.0482555265625
2 0.9306044390625001 0.3134869671875 0.9775520406249999 0.28659473125 0.9728473125000001 0.2482777953125 0.9126795515625 0.2819929609375 0.9306044390625001 0.3134869671875
2 0.194237971875 0.45504826718749997 0.18365039218749998 0.41997557968750004 0.1478258203125 0.43514519218750003 0.1613806671875 0.467588221875 0.194237971875 0.45504826718749997
2 0.135039725 0.4991083234375 0.10749193125 0.45745035468750006 0.073704265625 0.48433719531249997 0.0994696921875 0.5236590296875 0.135039725 0.4991083234375
2 0 0.488956584375 0.028481132812499997 0.4789899015625 0.0239624703125 0.4300082984375 0 0.44298436875 0 0.488956584375
2 0.1446427765625 0.5456379546875 0.125937434375 0.5102365 0.108454278125 0.5237522796875 0.1302612125 0.555182078125 0.1446427765625 0.5456379546875
2 0.089568440625 0.8473975359375 0.066646509375 0.8214900921874999 0.041396965625 0.8575012859375001 0.0460934890625 0.8928281828125 0.089568440625 0.8473975359375
2 0.68734370625 0.7171543671875 0.6785742609375001 0.6847219734375 0.6512277546874999 0.69585956875 0.6628714609374999 0.7273408390625 0.68734370625 0.7171543671875