2 0.8236607140625001 0.9182703562500001 0.785954271875 0.8792665671875 0.7587217703125 0.9031805734375 0.8049479500000001 0.945335628125 0.8236607140625001 0.9182703562500001
2 0.8906059687500001 0.7499044109375 0.9139930703125 0.7806334734375 0.9542572546875 0.738964478125 0.9242631812500001 0.7119950187499999 0.8906059687500001 0.7499044109375
2 0.414804321875 0.42530755937500003 0.36579775468750003 0.4842086 0.39554067187499997 0.5070805078125 0.4445825109375 0.449844546875 0.414804321875 0.42530755937500003
2 0.2190799015625 0.5072151203125 0.188536665625 0.5558277953124999 0.2208165046875 0.5759565421875 0.2505195421875 0.5345464203125 0.2190799015625 0.5072151203125
2 0.325184753125 0.45976058125 0.293895775 0.429580275 0.243439465625 0.49005357031249996 0.2722601703125 0.5168403500000001 0.325184753125 0.45976058125
2 0.205517959375 0.3537241484375 0.1791503015625 0.3759732609375 0.2061190484375 0.40306628906249997 0.22825911250000003 0.3771449984375 0.205517959375 0.3537241484375
2 0.118279315625 0.38074563437500003 0.0854408796875 0.364133740625 0.069967053125 0.393512296875 0.094014321875 0.41249216874999994 0.118279315625 0.38074563437500003
2 0.2784856203125 0.2649853453125 0.24830626718749998 0.23918568125 0.22696625468749998 0.267636709375 0.2578897234375 0.28874818593749996 0.2784856203125 0.2649853453125
2 0.111990734375 0.162344884375 0.14917398906249998 0.1970609125 0.1821797953125 0.1746608765625 0.13830067343750002 0.13287914218750002 0.111990734375 0.162344884375
2 0.450298209375 0.1480607203125 0.4260920890625 0.1718544890625 0.44952156875 0.200418209375 0.4797995359375 0.1743557296875 0.450298209375 0.1480607203125
2 0.687948596875 0.22654115625000001 0.657819059375 0.24218768124999998 0.6699848890625 0.2659569109375 0.7018650640625 0.24496056875 0.687948596875 0.22654115625000001
2 0.5514060453125 0.9406116499999999 0.58010448125 0.9643748890625 0.606349625 0.9391037796875 0.5707080921875 0.9136412937499999 0.5514060453125 0.9406116499999999
2 0.20345293125000002 0.814633478125 0.1656794921875 0.7912347703125 0.1444597890625 0.8341182453125 0.1739598171875 0.8604114671875 0.20345293125000002 0.814633478125
2 0.33988741093749997 0.7161294093749999 0.37676483125 0.73758433125 0.40261808906249996 0.688228834375 0.360490796875 0.6695461593750001 0.33988741093749997 0.7161294093749999
2 0.3127440453125 0.7508671812500001 0.342923396875 0.7766668453125 0.37056315781250004 0.744488234375 0.33550238125 0.7172367609375 0.3127440453125 0.7508671812500001
2 0.21425265 0.1352982453125 0.174688715625 0.108012209375 0.155172571875 0.132548796875 0.19556797343750001 0.165971709375 0.21425265 0.1352982453125
2 0.15936658125 0.7133619062500001 0.18574888750000002 0.7403620515625 0.22393077031250003 0.7023514140625 0.19555531875 0.6746511671875 0.15936658125 0.7133619062500001
2 0.082046065625 0.522146509375 0.068238675 0.5523901578125 0.1197153859375 0.5803622734375 0.1341092171875 0.5502115078125 0.082046065625 0.522146509375
2 0.0453288515625 0.567979453125 0.032508575 0.5995817453125001 0.0584307015625 0.6181007968750001 0.08236500625 0.58465663125 0.0453288515625 0.567979453125
2 0.2333499890625 0.9142604203125 0.17881880781249998 0.8828003484375 0.1613368875 0.9172664734374999 0.21733172343749999 0.94897418125 0.2333499890625 0.9142604203125
2 0.304523290625 0.18022594375 0.2728296484375 0.160191621875 0.2669911328125 0.1742814328125 0.2977854671875 0.1961982484375 0.304523290625 0.18022594375
2 0.23283670625 0.128033175 0.22669015781250001 0.1402723265625 0.24117415156250002 0.1494052515625 0.2487002171875 0.13414945 0.23283670625 0.128033175
2 0.3134536390625 0.15041056875 0.298417609375 0.1618429171875 0.3108013578125 0.176645215625 0.327989921875 0.16112109531250002 0.3134536390625 0.15041056875
2 0.29333290624999997 0.1370136796875 0.279929934375 0.15711288437499998 0.2945550015625 0.15966181875000002 0.30484410624999997 0.1478462328125 0.29333290624999997 0.1370136796875