2 0.24548497500000002 0.69707105625 0.2668841234375 0.605660678125 0.18916414374999999 0.5790626390625 0.1654503078125 0.6730458109375 0.24548497500000002 0.69707105625
2 0.28552197968750004 0.6882197265625 0.3409181953125 0.7041289984375 0.3584650875 0.6325367515625 0.3011840375 0.6159570828125001 0.28552197968750004 0.6882197265625
2 0.4141608578125 0.3802443078125 0.3937236296875 0.476983 0.42762962031249996 0.479037184375 0.44808784062499996 0.38623577343750004 0.4141608578125 0.3802443078125
2 0.2926137484375 0.4328322765625 0.316684140625 0.340126546875 0.2834363171875 0.33064110156250004 0.2584255921875 0.42195273125000005 0.2926137484375 0.4328322765625
2 0.160961959375 0.2136839984375 0.24847817968750002 0.24279268906249998 0.26167081406250003 0.184265909375 0.17593587187499998 0.1615520953125 0.160961959375 0.2136839984375
2 0.273175384375 0.2433592984375 0.3224235625 0.26079539375 0.3379148078125 0.19666678906249999 0.2871759125 0.18377983281250002 0.273175384375 0.2433592984375
2 0.1121118453125 0.4183116046875 0.120917278125 0.38857033125 0.0849164375 0.38701624375 0.0788806984375 0.4118521234375 0.1121118453125 0.4183116046875
2 0 0.703921034375 0.0271724234375 0.712097384375 0.0372063578125 0.6511420265625001 0.0053511 0.6407159515624999 0 0.658454571875 0 0.703921034375
2 0.09574967031250001 0.7919623859375 0.10780784218749999 0.73926371875 0.046088815625 0.7206132625 0.0316992796875 0.77285875625 0.09574967031250001 0.7919623859375
2 0.0554564875 0.644406821875 0.09268851875 0.658297490625 0.1029519171875 0.617952078125 0.0657362625 0.607088909375 0.0554564875 0.644406821875
2 0.5517392328125 0.7889610265625 0.5996805937499999 0.8016066296875 0.616756403125 0.7293179515625 0.5714912 0.7162852453124999 0.5517392328125 0.7889610265625
2 0.4791696015625 0.42554333125 0.46400444375000005 0.48882961875 0.52549246875 0.504713290625 0.53902498125 0.4444379859375 0.4791696015625 0.42554333125
2 0.46260558593749995 0.1652552296875 0.5007600375 0.1775121984375 0.5139347609375 0.115957625 0.48010439375 0.10635735312500001 0.46260558593749995 0.1652552296875
2 0.6242264328125 0.199092184375 0.64141736875 0.1262194296875 0.607716671875 0.1190638140625 0.5954165859375 0.191677528125 0.6242264328125 0.199092184375
2 0.8813682078125 0.535479721875 0.9096401359374999 0.548536015625 0.9295540250000001 0.5052275671875 0.89722951875 0.49410382343750003 0.8813682078125 0.535479721875
2 1 0.5287036875 0.9826406609375 0.5215951953125 0.9673910328125 0.565810284375 0.9933736062499999 0.5756996890625 1 0.5416098468749999 1 0.5287036875
2 0.6432730015625 0.4347594375 0.65324204375 0.43579152031249996 0.67270018125 0.373037271875 0.6566023171875 0.36870003125 0.6432730015625 0.4347594375
2 0.6672161171875 0.437600509375 0.679459653125 0.437863390625 0.695777 0.3757083625 0.6820287078125 0.37485055312500004 0.6672161171875 0.437600509375
2 0.600647803125 0.6161000921875 0.587894753125 0.691650075 0.62021935 0.70216738125 0.6327281124999999 0.6253601890625 0.600647803125 0.6161000921875
2 0.6385865671875 0.47286374374999995 0.686153915625 0.4905779828125 0.6903759218750001 0.4532906953125 0.64392989375 0.43700573593750003 0.6385865671875 0.47286374374999995
2 0.624012490625 0.586164534375 0.6346199921875 0.5876215593749999 0.65197151875 0.5232496953125 0.637154459375 0.5185549625 0.624012490625 0.586164534375
2 0.454639275 0.630361753125 0.5158725609375 0.641357003125 0.5275461375 0.6031002937500001 0.46807947031249997 0.59154114375 0.454639275 0.630361753125
2 0.3003170328125 0.9690317531250001 0.30612925625 0.9453621484375001 0.2713910140625 0.9404243093750001 0.2673124734375 0.961406590625 0.3003170328125 0.9690317531250001
2 0.5579411796875 0.026522203124999998 0.6116106546875 0.043003121875 0.61595100625 0.014450457812500001 0.5564843359375 0.0028913078125 0.5579411796875 0.026522203124999998