2 0.4395274734375 0.7448734796875 0.4758285421875 0.8573639703125 0.518686759375 0.8504728781249999 0.483391184375 0.7305082171875 0.4395274734375 0.7448734796875
2 0.2636902203125 0.611262165625 0.27126343125 0.64923481875 0.32123924375 0.6276992 0.3121758328125 0.5954291796875 0.2636902203125 0.611262165625
2 0.26748383593749997 0.48262814218749994 0.2702711671875 0.5205083609375001 0.30565291562499997 0.522007234375 0.30897226718750004 0.4854254953125 0.26748383593749997 0.48262814218749994
2 0.052627654687500004 0.17657105312500002 0.0975644296875 0.18377585000000002 0.1022337328125 0.148692459375 0.06218797499999999 0.139740278125 0.052627654687500004 0.17657105312500002
2 0.71695915 0.635193446875 0.745087509375 0.6244836265625 0.7323655234374999 0.5943263562500001 0.6995631640625 0.6060081937499999 0.71695915 0.635193446875
2 0.899808765625 0.812801853125 0.9579859468749999 0.8096691453125 0.9476788546874999 0.768406425 0.9024209609374999 0.77233210625 0.899808765625 0.812801853125
2 0.077676753125 0.89205501875 0.09283643124999999 0.9226693593749999 0.12786317656249999 0.9094449984375 0.111275965625 0.8765941859374999 0.077676753125 0.89205501875
2 0.261668546875 0.9782856437499999 0.2747865421875 0.9667685359375 0.231656915625 0.90007395 0.2150368109375 0.9151924828125001 0.261668546875 0.9782856437499999
2 0.3008894640625 0.9765498703125 0.34328131093750003 0.9709018374999999 0.3411406890625 0.956215453125 0.30091161875 0.9625599796875 0.3008894640625 0.9765498703125
2 0.9696582421875 0.6253345671874999 0.9205259218749999 0.61797371875 0.9118707171875 0.6719664 0.971254509375 0.6774437953125 0.9696582421875 0.6253345671874999
2 0.7480429234375 0.6128406078124999 0.7573464328124999 0.6899970468750001 0.79464224375 0.6813056484375 0.7847158234375 0.60958315 0.7480429234375 0.6128406078124999
2 0.7814035968749999 0.7995999921875 0.7789590609375 0.8785866499999999 0.8204504171875 0.8700513031250001 0.8140374937500001 0.7919956 0.7814035968749999 0.7995999921875