2 0.29263533124999996 0.14498236250000002 0.3148763625 0.1784101328125 0.3665513828125 0.1566116125 0.344070228125 0.124545646875 0.29263533124999996 0.14498236250000002
2 0.7300035453125 0.034107048437499995 0.687678946875 0.034792878124999996 0.7132937140625 0.0730311359375 0.7396879125 0.0509889453125 0.7300035453125 0.034107048437499995
2 0.49978836718749997 0.2068010875 0.5314256187499999 0.25874492031249996 0.554534134375 0.24736446406249998 0.5313237625 0.1954992 0.49978836718749997 0.2068010875
2 0.8107374734375 0.1267446578125 0.837073421875 0.1608928859375 0.86940585625 0.137089478125 0.851334871875 0.095965784375 0.8107374734375 0.1267446578125
2 0.9511744500000001 0.1121660515625 0.914194909375 0.0665849546875 0.867536809375 0.06791240312499999 0.92341536875 0.1339675765625 0.9511744500000001 0.1121660515625
2 0.923767734375 0.21973647500000001 0.9606140046875 0.250119790625 0.982991765625 0.218939765625 0.9536126078124999 0.1940871234375 0.923767734375 0.21973647500000001
2 0.9360527140625001 0.469190759375 0.9667216218749999 0.502700446875 0.9995265390625001 0.45228256250000004 0.97624753125 0.4327227359375 0.9360527140625001 0.469190759375
2 0.8895352296875 0.5495067 0.9129792296874999 0.576121103125 0.9337535234375001 0.5460624890625 0.907984875 0.5246595265625 0.8895352296875 0.5495067
2 0.8841460343750001 0.7396422765625 0.9192069640625 0.7163183875 0.8868558390624999 0.6923490250000001 0.8599811234375 0.7171163640625 0.8841460343750001 0.7396422765625
2 0.6751556328125 0.7041973609375 0.640975990625 0.73048651875 0.6938776265625 0.7735361890625 0.7205904265624999 0.7417148171875 0.6751556328125 0.7041973609375
2 0.7867758671875 0.6775121015625001 0.738370915625 0.6408766578125 0.718077409375 0.6682085859375 0.761908465625 0.706848990625 0.7867758671875 0.6775121015625001
2 0.30693635937499997 0.6462958515625 0.270483821875 0.597716975 0.2399952484375 0.6190356296874999 0.27259480156250004 0.6655309765624999 0.30693635937499997 0.6462958515625
2 0.8913190312499999 0.6032136343750001 0.9224671890625 0.6339963640625 0.9420431328125 0.6107519296875 0.9181170765625 0.586862403125 0.8913190312499999 0.6032136343750001
2 0.7996812328125 0.5045964296875 0.8519772718749999 0.56019565625 0.8641489171875 0.5424648703125 0.8115522859375 0.5005288328125 0.7996812328125 0.5045964296875
2 0.8161264703125 0.5207474859375 0.8023992156249999 0.5062783296875 0.7675305421874999 0.5296456375 0.7830122562499999 0.544422565625 0.8161264703125 0.5207474859375