2 0.19765573593750002 0.109445596875 0.164958125 0.176599790625 0.2545440046875 0.2153991078125 0.291918953125 0.14245240312500002 0.19765573593750002 0.109445596875
2 0.1131073703125 0 0.1052329296875 0.0213222703125 0.1459652203125 0.032626274999999996 0.1589969125 0 0.1131073703125 0
2 0.6597868078125 0.06951320625 0.637503065625 0.12326622031250001 0.6745829140625 0.13544271562500002 0.6910140046875 0.0838848359375 0.6597868078125 0.06951320625
2 0.48636920625 0.1918503328125 0.45852925781250004 0.240985896875 0.5167932562499999 0.26990210000000003 0.5395754984375001 0.220687928125 0.48636920625 0.1918503328125
2 0.43279144062499997 0.4568265375 0.4212301515625 0.4901911796875 0.48165954062500005 0.507981896875 0.5007317140625 0.47392392031249997 0.43279144062499997 0.4568265375
2 0.07362373125 0.546117475 0.14405671250000002 0.5653794125 0.1535341453125 0.5388199828125 0.08487408125 0.51971315625 0.07362373125 0.546117475
2 0.023448728125000002 0.6018690875 0.0160513921875 0.638733396875 0.06115978749999999 0.640893384375 0.061895617187499995 0.6052327546875 0.023448728125000002 0.6018690875
2 0.49444953125 0.794386475 0.49229258124999997 0.8292593109374999 0.610575471875 0.8193635 0.6113631859375 0.783109821875 0.49444953125 0.794386475
2 0.213797025 0.895733528125 0.2061554765625 0.9387954484375 0.2994042703125 0.9493345968750001 0.3054940203125 0.90699643125 0.213797025 0.895733528125
2 0.356459521875 0.6923340125 0.35986399062499996 0.7283584390625 0.40479305625000006 0.72573773125 0.40182496875 0.6915379671874999 0.356459521875 0.6923340125
2 0.6889285609375 0.492628784375 0.6521106671875 0.5830342265625 0.7244231734375 0.6012685640625001 0.75534935 0.5134689156250001 0.6889285609375 0.492628784375
2 0.8095354968749999 0.1121189796875 0.7941484437499999 0.1687747515625 0.8275599578125 0.1785991421875 0.8445079906249999 0.12113258281249999 0.8095354968749999 0.1121189796875
2 0.6925877671875 0.072709159375 0.730494778125 0.07543114375 0.73434175 0.0382546484375 0.6968711203125 0.037357328125 0.6925877671875 0.072709159375
2 0.9569053249999999 1 0.9597374875 0.9636393 0.9093946421875 0.9565904328125001 0.9048428578125 0.9915862640625001 0.9518190203125 1 0.9569053249999999 1
2 0.3236009359375 0.5910331546875 0.31122649375 0.6234734078125 0.34678892031249997 0.6325386234375 0.3504307265625 0.5977251156250001 0.3236009359375 0.5910331546875
2 0.9269181828124999 0.73926415625 0.92899168125 0.7734703515625 0.9551942062500001 0.7703186203125 0.9518641484374999 0.740256178125 0.9269181828124999 0.73926415625
2 0.5263906140625 0.42929823906250003 0.5175123375 0.44562093437500006 0.5663431296875 0.4665643265625 0.5809569421874999 0.44938513281250003 0.5263906140625 0.42929823906250003
2 0.18814573437499998 0.248801725 0.1688902 0.3019868171875 0.1846021125 0.30633681562500004 0.2067411140625 0.2576623859375 0.18814573437499998 0.248801725