2 0.1144347703125 0.504289296875 0.1131679171875 0.59201478125 0.1952588953125 0.5967531125 0.1926958078125 0.5129388109375 0.1144347703125 0.504289296875
2 0.24936040625000003 0.594999934375 0.1988849546875 0.5904756921875001 0.20071484375 0.697300834375 0.248304809375 0.6988009921875 0.24936040625000003 0.594999934375
2 0.384956334375 0.6457202890625 0.3523351890625 0.640824465625 0.352642665625 0.717089440625 0.387025746875 0.7170614015625 0.384956334375 0.6457202890625
2 0.1659214078125 0.7793188234375 0.1065735984375 0.7755708125 0.1082079671875 0.8457579515625 0.16858230937500002 0.8506081875 0.1659214078125 0.7793188234375
2 0.14108659375 1 0.14086667656250002 0.9358810656250001 0.0992444453125 0.9371384656249999 0.10553336093750001 1 0.14108659375 1
2 0.0920740140625 1 0.0957523953125 0.9994298562499999 0.092987459375 0.974639 0.06276190625 0.976687375 0.0645318921875 1 0.0920740140625 1
2 0.38224871718750003 0.8873444765625 0.332728690625 0.886910340625 0.334906528125 0.9537718328125001 0.388739696875 0.9547242125000001 0.38224871718750003 0.8873444765625
2 0.46564693124999995 0.7775329765625 0.4135506984375 0.7749385906249999 0.418215459375 0.8418820828125 0.47162028906250003 0.8389962515624999 0.46564693124999995 0.7775329765625
2 0.576933634375 0.8297825265625001 0.5775049625 0.788607296875 0.5417991921875001 0.7893470765624999 0.54265561875 0.824736790625 0.576933634375 0.8297825265625001
2 0.5475577796875 0.8824180953124999 0.51308531875 0.8836475593750001 0.514014703125 0.9419760140625 0.5547882578125 0.9378127734374999 0.5475577796875 0.8824180953124999
2 0.6674648375000001 0.631134734375 0.6744365718750001 0.683571959375 0.70299115 0.6828618125 0.7018323796875 0.6287239828125 0.6674648375000001 0.631134734375
2 0.277229840625 0.259386028125 0.23900286249999997 0.258558328125 0.24723225312500002 0.3195262171875 0.28212371406250003 0.3221357796875 0.277229840625 0.259386028125
2 0.3177585703125 0.0752451921875 0.32263796562499997 0.11057938125 0.345557215625 0.106787721875 0.34438187343750004 0.07291595625 0.3177585703125 0.0752451921875
2 0.551332803125 0 0.5550116765625 0.054488234375 0.5965304125 0.052047851562500004 0.5914183562499999 0 0.551332803125 0
2 0.769305871875 0.520901734375 0.7734164109375 0.561072903125 0.786588984375 0.5617069375 0.785643028125 0.5236445437499999 0.769305871875 0.520901734375
2 0.755469225 0.5262844109375 0.7412408421875 0.520377015625 0.7422322953125 0.56141551875 0.7574946640625 0.5630603234375 0.755469225 0.5262844109375
2 0.8736312921874999 0.8956116218749999 0.8554680515624999 0.8924341234375 0.8546897281250001 0.931243390625 0.8720028718749999 0.931516740625 0.8736312921874999 0.8956116218749999
2 0.6033592859375 0.1778077921875 0.6021337531250001 0.14334439999999998 0.5652872343750001 0.1432899515625 0.5684001171874999 0.1802687375 0.6033592859375 0.1778077921875
2 0.2462870234375 0.021538728125 0.21318525937500002 0.024792368749999998 0.218111796875 0.0377717578125 0.24815153125 0.0360376484375 0.2462870234375 0.021538728125