2 0.8208179359375001 0.159444528125 0.79214225625 0.2929783015625 0.829867859375 0.3094373921875 0.86054386875 0.16866244218749998 0.8208179359375001 0.159444528125
2 0.76480453125 0.1457275578125 0.7484727171875 0.1971371296875 0.7748415843750001 0.2011062796875 0.7853684953125 0.1523823203125 0.76480453125 0.1457275578125
2 0.020848981250000002 0.19958543125 0.030608721875 0.2383277421875 0.0932127703125 0.230287153125 0.08704003906249999 0.1862467296875 0.020848981250000002 0.19958543125
2 0 0.28841710625 0.0328777328125 0.2816230140625 0.0152568046875 0.2290200046875 0 0.2298195796875 0 0.28841710625
2 0.26844073125 0.5220381421875 0.27302404999999996 0.5414232734375 0.3105056921875 0.5305373421875 0.30416716875 0.5173384859375 0.26844073125 0.5220381421875
2 0.27498938906250003 0.544889228125 0.2747049203125 0.5621512078124999 0.312312503125 0.5536385015625 0.31052749375 0.5366257937500001 0.27498938906250003 0.544889228125
2 0.2749846734375 0.5674891953125 0.27997448281250004 0.5832856359374999 0.3153019828125 0.576676115625 0.315297015625 0.5595638609375 0.2749846734375 0.5674891953125
2 0.6755998359375 0.5197306046875 0.678747128125 0.5344344765625 0.7159482203125 0.5295104609375 0.7145066703125 0.5190215312500001 0.6755998359375 0.5197306046875
2 0.6687907125 0.548634390625 0.6743718984375 0.5643998375 0.70495746875 0.55803883125 0.7014866265624999 0.5428934765625 0.6687907125 0.548634390625
2 0.6626040375 0.578100121875 0.6664390499999999 0.5945516453125 0.7006118328125 0.588598771875 0.6978296984375 0.5751900625 0.6626040375 0.578100121875
2 0.6930582359375 0.6032673234375 0.6535801828125 0.6100943640625001 0.6603798765625 0.6263905171874999 0.6951144390625 0.6198120734375 0.6930582359375 0.6032673234375
2 0.5614728234374999 0.6791517203125 0.486330084375 0.66346445 0.482794109375 0.7094437734375 0.5586246515625 0.7268802562500001 0.5614728234374999 0.6791517203125
2 0.8428282906250001 0.4205676453125 0.8425111890625001 0.437236771875 0.959883059375 0.430491009375 0.9615485140625 0.41688989374999996 0.8428282906250001 0.4205676453125
2 0.7904735984375 0.36324317968750003 0.79608741875 0.3796014796875 0.8270484031249999 0.369058846875 0.8272620125 0.3561471578125 0.7904735984375 0.36324317968750003
2 0.83472158125 0.3793620078125 0.8089432125 0.3866602078125 0.8133416468749999 0.402487640625 0.8366844796875 0.3941263859375 0.83472158125 0.3793620078125
2 0.8674743046875 0.44841750156250004 0.8740875499999999 0.4611560375 0.9553213812499999 0.45689875156250004 0.9526722421875 0.440385078125 0.8674743046875 0.44841750156250004
2 0.8231981078124999 0.5679000484375 0.8282500671875 0.584882359375 0.9272417109375001 0.5678 0.92486623125 0.550805721875 0.8231981078124999 0.5679000484375
2 0.8057326359375001 0.5182632828125 0.8158412703125 0.5296279375 0.827606771875 0.5272276390624999 0.828485734375 0.5099344984374999 0.8057326359375001 0.5182632828125
2 0.8407280874999999 0.6074227015625 0.8474656328125001 0.62253298125 0.9131596203125 0.6054119828125 0.9110010890625 0.5925573359375 0.8407280874999999 0.6074227015625
2 0.8233154140625001 0.60417330625 0.776504521875 0.6072211265624999 0.77528521875 0.6179903234374999 0.8263398859375 0.6165037921875001 0.8233154140625001 0.60417330625
2 0.8578229437499999 0.6386426875 0.8657152859374999 0.65309788125 0.896268221875 0.646144021875 0.8953572203125001 0.634403734375 0.8578229437499999 0.6386426875
2 0.7585629140625 0.44639439843749995 0.761711765625 0.4610981890625 0.7937923921875 0.46060447968749996 0.7926029421874999 0.4435808984375 0.7585629140625 0.44639439843749995
2 0.72804576875 0.431341225 0.6994293734375 0.4298665578125 0.6858757109375 0.477561578125 0.7159576515625 0.484310521875 0.72804576875 0.431341225
2 0.7617046109375 0.49499658125 0.773771590625 0.5437287046875 0.800515790625 0.5435146671875 0.7942305703125 0.49165535 0.7617046109375 0.49499658125
2 0.8637957999999999 0.287437840625 0.8611022374999999 0.326831234375 0.9042614890625 0.33349095625 0.9118614812500001 0.302660325 0.8637957999999999 0.287437840625
2 0.865531321875 0.1957588671875 0.8617809812500001 0.21498774687500002 0.916392471875 0.2246146703125 0.9209164921875 0.203190728125 0.865531321875 0.1957588671875
2 0.0385729875 0.356260046875 0.048115043749999996 0.39084868125 0.0911522734375 0.3838351109375 0.078623125 0.349004040625 0.0385729875 0.356260046875
2 0 0.399975428125 0.037504421875 0.392595453125 0.0367320296875 0.355167396875 0 0.3606144515625 0 0.399975428125