2 0.5036812140625 1 0.510758090625 0.9752148703125 0.42721063125000003 0.9580557875 0.42037531093749997 0.9936212515625 0.46265151718749997 1 0.5036812140625 1
2 0.25369369218750004 0.8086583640624999 0.2471387328125 0.84245370625 0.27605121875 0.8515811765624999 0.2872136515625 0.8133662515625 0.25369369218750004 0.8086583640624999
2 0.1369700015625 0.7637458078125 0.16195687187500002 0.7160549609375 0.133472290625 0.6947270343749999 0.1044411453125 0.7489848171875 0.1369700015625 0.7637458078125
2 0.9644291703125001 0.0864360703125 0.9583889187500001 0.0676299453125 0.9170464453125 0.061081940625 0.9288960734374999 0.0982241625 0.9644291703125001 0.0864360703125
2 0.5889070921874999 0.2521725921875 0.581702440625 0.290069928125 0.6143279265625 0.2928342734375 0.615187896875 0.253254953125 0.5889070921874999 0.2521725921875
2 0.5799247265624999 0.251952228125 0.5510036484375 0.2485722984375 0.543613475 0.28764097187500004 0.575066325 0.29021800937500003 0.5799247265624999 0.251952228125
2 0.4563938921875 0.16272135468749999 0.42701263125000005 0.150860334375 0.4135488546875 0.16374242187500002 0.4509565390625 0.1780738421875 0.4563938921875 0.16272135468749999
2 0.408200396875 0.18992021875 0.44193330781249995 0.2084756578125 0.44764930625000005 0.19136385 0.418664171875 0.17889955625 0.408200396875 0.18992021875
2 0.4032495328125 0.038993829687499995 0.39373803125 0.0573063609375 0.4313279078125 0.0704674984375 0.43540864375000005 0.05609928125 0.4032495328125 0.038993829687499995
2 0.3742577109375 0.0626291875 0.3688201140625 0.0779832171875 0.41894371406250003 0.09553094375 0.4219339609375 0.0785490203125 0.3742577109375 0.0626291875
2 0.10052179531250001 0.177824134375 0.0944980046875 0.19308373750000002 0.127152875 0.199458065625 0.1305368796875 0.18189780625000002 0.10052179531250001 0.177824134375
2 0.1264105453125 0.2041449546875 0.0919961078125 0.19749352343749998 0.08871875312500001 0.21439042343749998 0.1245857703125 0.21947163125000002 0.1264105453125 0.2041449546875
2 0.102040534375 0.540206053125 0.1176961375 0.5210663609374999 0.08821872343750001 0.5003136390625 0.07395816875 0.5201441328125 0.102040534375 0.540206053125
2 0.1562524421875 0.604046078125 0.142389534375 0.6156626468749999 0.1987432875 0.6432064890625 0.20232867968749998 0.62816025 0.1562524421875 0.604046078125
2 0.10310905 0.575210415625 0.0974547578125 0.5881271031249999 0.11690170312499999 0.5906060453124999 0.12246156875 0.5782755546875 0.10310905 0.575210415625