1 0.6249003906249999 0.1779101375 0.554317615625 0.0725685234375 0.5387676640625 0.0820540390625 0.6133968109375 0.1854267625 0.6249003906249999 0.1779101375
1 0.712683440625 0.060082878125 0.6973827906250001 0.04015005 0.6454464375 0.075893890625 0.6597764671874999 0.0980647015625 0.712683440625 0.060082878125
1 0.6750771171875 0.11799752968749999 0.7271463234375 0.080717234375 0.7195641187499999 0.069981171875 0.665120825 0.10782858437500001 0.6750771171875 0.11799752968749999
1 0.746657096875 0.105665771875 0.730856465625 0.0825914765625 0.6778165015625001 0.12211131093750001 0.6929811859375 0.143580321875 0.746657096875 0.105665771875
1 0.841016759375 0.32000224843749997 0.9474681531250001 0.6175184875 0.9882264609375 0.60326500625 0.8824094578125001 0.307353915625 0.841016759375 0.32000224843749997
1 0.8450157875000001 0.34514333124999996 0.8360683218749999 0.3234434328125 0.824063478125 0.327815340625 0.8335122078125 0.35265995625 0.8450157875000001 0.34514333124999996
1 0.8886698093750001 0.6077253578125 0.8995203109375 0.634242259375 0.938876846875 0.6183164921875 0.9294279812499999 0.593473434375 0.8886698093750001 0.6077253578125
1 0.7856987359375001 0.42982386874999995 0.81407115 0.5128783609374999 0.8373089234375 0.5040654421874999 0.80957245625 0.42261623593750003 0.7856987359375001 0.42982386874999995
1 0.797703715625 0.42545040468749995 0.7831138671875 0.3885367859375 0.7711778546875 0.3921398921875 0.7857660078125 0.42905493124999994 0.797703715625 0.42545040468749995
1 0.743036190625 0.3153041765625 0.761670990625 0.3502472125 0.77611719375 0.3445392484375 0.7567793093749999 0.30875830937500004 0.743036190625 0.3153041765625
1 0.749965590625 0.3600706515625 0.76384325625 0.3519869078125 0.7429689171875 0.3160731140625 0.7299275984375 0.3234536359375 0.749965590625 0.3600706515625
1 0.719538284375 0.371353859375 0.7461209015625 0.359734284375 0.7260156359375001 0.32388620625 0.7040466453125 0.3359094234375 0.719538284375 0.371353859375
1 0.8038071078125 0.5770592671875 0.8285365171875 0.6574721359375 0.8572915374999999 0.6475906984375001 0.829986084375 0.57005331875 0.8038071078125 0.5770592671875
1 0.77510001875 0.4978480453125 0.8035090828125 0.5716094296875001 0.8282862890624999 0.5629311953125 0.8006446046875 0.489236946875 0.77510001875 0.4978480453125
1 0.7416538953125 0.40195405468749995 0.77256231875 0.49142900625 0.79797249375 0.48435422656249993 0.767833009375 0.39494655 0.7416538953125 0.40195405468749995
1 0.6357542609375 0.5143222015625 0.72844274375 0.792041715625 0.839350190625 0.755260159375 0.7479977640625 0.4799820046875 0.6357542609375 0.5143222015625
1 0.6717296015625001 0.7584146296875 0.6561982000000001 0.7322630265625001 0.627174221875 0.7452186578125 0.6392936421875001 0.7749443 0.6717296015625001 0.7584146296875
1 0.664089396875 0.7306289453125 0.6743055078125 0.7555406984374999 0.705703571875 0.7420179484375 0.6950547546875 0.713195790625 0.664089396875 0.7306289453125
1 0.6301827 0.7462566890625 0.6206206359374999 0.7492942328125001 0.62913539375 0.767083725 0.63799735 0.7632101046875001 0.6301827 0.7462566890625
1 0.70016666875 0.7167423203125 0.6521323906250001 0.583933290625 0.6353809312500001 0.5894395703125 0.6819461625 0.7213452515625 0.70016666875 0.7167423203125
1 0.6660307765625 0.726151421875 0.6834840390625 0.721479796875 0.6423578125 0.6070945156249999 0.6263752890625 0.61266806875 0.6660307765625 0.726151421875
1 0.6180157984375 0.743642575 0.6651272921875 0.727622025 0.6277402765625 0.6236350171875 0.5799271171875 0.63881935625 0.6180157984375 0.743642575
1 0.6476047031250001 0.363650434375 0.6507501484375 0.37945503125 0.700066359375 0.36306428749999997 0.6942949359374999 0.34767615625000003 0.6476047031250001 0.363650434375
1 0.6068904625 0.266911959375 0.6164035640625001 0.28392143281250004 0.6583504578125 0.2630024296875 0.6519375984375 0.2475597484375 0.6068904625 0.266911959375
1 0.6381477078125 0.3459996609375 0.6464313390624999 0.36225379062499996 0.69217601875 0.3423148296875 0.686348353125 0.32756955468750004 0.6381477078125 0.3459996609375
1 0.63907150625 0.3428447328125 0.6860440999999999 0.3236609765625 0.67851411875 0.30617879531250003 0.6282195609375 0.326365903125 0.63907150625 0.3428447328125
1 0.6988464343749999 0.3270615875 0.724006825 0.3150791765625 0.6608743234375 0.182845503125 0.63418214375 0.1961117953125 0.6988464343749999 0.3270615875
1 0.6271601015625 0.3236852390625 0.6768696015625 0.3027991671875 0.6698138859375 0.28730024374999996 0.62191749375 0.309638928125 0.6271601015625 0.3236852390625
1 0.6202714203124999 0.306259165625 0.6669398984375 0.283165275 0.6618658828124999 0.2671919484375 0.6133842953124999 0.2888332265625 0.6202714203124999 0.306259165625
1 0.8610512140625 0.2618222859375 0.873356090625 0.2562798859375 0.858257565625 0.21808110468750003 0.8459117 0.224092028125 0.8610512140625 0.2618222859375
1 0.847889853125 0.2663439671875 0.8592561265624999 0.26071944999999996 0.82458008125 0.170690584375 0.8118066828125 0.17619199375 0.847889853125 0.2663439671875
1 0.83362565625 0.272660734375 0.8474197734375 0.266302840625 0.7944685921875 0.1311783390625 0.7817346281249999 0.13621108906249998 0.83362565625 0.272660734375
1 0.7769808734375 0.2932364890625 0.8327280453125001 0.2721100953125 0.7734600953124999 0.12272139687500001 0.72065028125 0.1426868796875 0.7769808734375 0.2932364890625
1 0.7360074125 0.30761858124999997 0.77689875625 0.29417509062499997 0.723359928125 0.1495428796875 0.6819590703125 0.16341390312499998 0.7360074125 0.30761858124999997
1 0.7040764640625 0.2348509015625 0.6760755671875 0.176610715625 0.6618950421875 0.1819890171875 0.6903234734375 0.240738715625 0.7040764640625 0.2348509015625