2 1 0.25815633125000004 0.9189077828125001 0.241800878125 0.9207685515625 0.323983978125 0.996409715625 0.3260930375 1 0.28498785937500004 1 0.25815633125000004
2 0.7070130859375 0.385676396875 0.6980621421875 0.43422870468749997 0.7260427968750001 0.4448428046875 0.7345491375 0.395039490625 0.7070130859375 0.385676396875
2 0.4084342703125 0.258684403125 0.2968126859375 0.2707019796875 0.30525430781249996 0.3333540046875 0.4194857109375 0.31806919218749996 0.4084342703125 0.258684403125
2 0.4177331625 0.3289192984375 0.3065142109375 0.33769616406249997 0.30897845625000003 0.390642696875 0.42263135781249994 0.3800693765625 0.4177331625 0.3289192984375
2 0.14157810937499998 0.45443598124999995 0.1451859609375 0.5272622546875 0.1973482265625 0.525890259375 0.1903418046875 0.44666460468749997 0.14157810937499998 0.45443598124999995
2 0.1206693875 0.3764943859375 0.20431388749999999 0.3664239609375 0.1969682265625 0.3051029203125 0.11796853125 0.3157436578125 0.1206693875 0.3764943859375
2 0.6292507953124999 0.27772144062500004 0.6111467640625 0.280583321875 0.6114427484375 0.3171104109375 0.6274009109375001 0.3136859453125 0.6292507953124999 0.27772144062500004
2 0.505114128125 0.5442373703125 0.45108106562500005 0.5474733921875 0.45350682343750004 0.5812709375 0.4994200578125 0.582124278125 0.505114128125 0.5442373703125
2 0.45879840312500003 0.7571974625 0.46440254999999997 0.7991619828125 0.5156682625 0.790501396875 0.513749021875 0.752578578125 0.45879840312500003 0.7571974625
2 0.5421947609375 0.5598571640625 0.52520266875 0.561958259375 0.530432034375 0.6361816234375001 0.54573895625 0.6380610765625 0.5421947609375 0.5598571640625
2 0.5530982828125001 0.7095533453125 0.5358891125 0.7134224140625001 0.53897110625 0.7808002375 0.5525220515625 0.7872497578125001 0.5530982828125001 0.7095533453125
2 0.523771484375 0.7134285031250001 0.511016034375 0.7115648015625 0.5126338406250001 0.747057771875 0.524854075 0.7497546453124999 0.523771484375 0.7134285031250001
2 0.51801050625 0.5924811437499999 0.49944848124999996 0.5964832078125 0.5054777031250001 0.6301265703125 0.522406328125 0.6334015609375 0.51801050625 0.5924811437499999
2 0.7084147453125 0.90300329375 0.6900544421875 0.903439296875 0.6984146203125 0.9618954328125 0.7147554734375 0.9650982562499999 0.7084147453125 0.90300329375
2 0.6776366484375 0.9055054140625 0.66056293125 0.9099893218749999 0.6644536765625 0.9415739109375 0.680277565625 0.94411505 0.6776366484375 0.9055054140625
2 0.6567224359375 0.9298568734374999 0.644128225 0.9318981796875001 0.6455624421875 0.9494239125 0.661891296875 0.9478395890625 0.6567224359375 0.9298568734374999
2 0.58883105625 0.9831363828124999 0.587781878125 0.9381403125000001 0.541414765625 0.9312523046875001 0.540418715625 0.9831741828125 0.58883105625 0.9831363828124999
2 0.21354743125 0.067853434375 0.17942008125 0.073234465625 0.1878332828125 0.12152755781249999 0.22211598906250002 0.11975328125 0.21354743125 0.067853434375