2 0.62956093125 0.8331078234374999 0.6829095406250001 0.7832204 0.6191466515624999 0.7164693890625 0.5627549640625 0.7657892375 0.62956093125 0.8331078234374999
2 0.8191377093750001 0.58561921875 0.9120204359375 0.5330430578125 0.8722368203125 0.48968231093750003 0.795894446875 0.5447229265625 0.8191377093750001 0.58561921875
2 0.46941868906249995 0 0.42344056874999997 0.005645403125 0.4719555421875 0.07263729375 0.5591377718749999 0.020253934374999998 0.54312323125 0 0.46941868906249995 0
2 0.40648835937500005 0.752947496875 0.43421037343749996 0.729143521875 0.41194236249999994 0.70670435 0.3830747296875 0.7265130796875 0.40648835937500005 0.752947496875
2 0.3889368375 0.701771634375 0.41532810624999994 0.678349246875 0.3844868859375 0.641073425 0.35791005781249996 0.6688711406250001 0.3889368375 0.701771634375
2 0.29768353125 0.84035545625 0.3273019359375 0.81312575 0.2863859625 0.7758552359374999 0.2565706703125 0.7973758656250001 0.29768353125 0.84035545625
2 0.24147697343750002 0.8852984749999999 0.2289130234375 0.8716061515625 0.20289158281250003 0.8862733796875 0.216229390625 0.9127150359374999 0.24147697343750002 0.8852984749999999
2 0.09935683749999999 0.7862475265625 0.118780159375 0.8138277703125001 0.1506765390625 0.7845030734375 0.1276562546875 0.7694853125 0.09935683749999999 0.7862475265625
2 0.08884831875 0.7445831875 0.09345687968750001 0.780733615625 0.1337417703125 0.770623896875 0.12362917031250001 0.7403738484375 0.08884831875 0.7445831875
2 0.2238054671875 0.7433567578125 0.2522915140625 0.7222172812500001 0.22619137500000003 0.676374653125 0.18876486406249998 0.6914302765625 0.2238054671875 0.7433567578125
2 0.06491381562500001 0.46031199687499996 0.10526414843750001 0.5006266609375001 0.1354595203125 0.48043720624999997 0.091872228125 0.43384502812500003 0.06491381562500001 0.46031199687499996
2 0.2826766609375 0.5520841437499999 0.3081206984375 0.530375159375 0.28337589375 0.5043208265625 0.256971365625 0.5176577375 0.2826766609375 0.5520841437499999
2 0.20823825468749999 0.8057798937499999 0.180491825 0.77265885625 0.1257090359375 0.8170912093749999 0.15891503906249999 0.853277696875 0.20823825468749999 0.8057798937499999
2 0.6224696328125 0.7073843234375 0.656083184375 0.6789066203125 0.613924484375 0.6474491484375 0.58885460625 0.671931175 0.6224696328125 0.7073843234375