2 0.15007812812500002 0.178081984375 0.180866 0.1539681484375 0.1576032640625 0.125147009375 0.13008453281250001 0.1459183703125 0.15007812812500002 0.178081984375
2 0.3028365421875 0.3822744078125 0.334038528125 0.3660698296875 0.3126638484375 0.3128639015625 0.2813300125 0.3344682421875 0.3028365421875 0.3822744078125
2 0.2143643265625 0.4667573546875 0.243536434375 0.44838771250000004 0.23087111875000002 0.4244497328125 0.2000355640625 0.44674643124999996 0.2143643265625 0.4667573546875
2 0.175712509375 0.5696715359375 0.2478856765625 0.5263270234374999 0.23387704843749998 0.4997405421875 0.16501734375 0.5427665296875 0.175712509375 0.5696715359375
2 0.22760233749999997 0.6071578609375 0.2570130046875 0.58400700625 0.2388035 0.53678536875 0.2036624765625 0.5595287171875001 0.22760233749999997 0.6071578609375
2 0.20716712187500003 0.6204376359375 0.2310543015625 0.6764998109375 0.26538741093749996 0.6596431015625 0.24070929375 0.60464728125 0.20716712187500003 0.6204376359375
2 0.05910125625 0.854788140625 0.0887549890625 0.83710633125 0.07136116875000001 0.802085125 0.0370082484375 0.82617166875 0.05910125625 0.854788140625
2 0.529923615625 0.855809540625 0.49404252499999995 0.8711874796875 0.5237812359375 0.9385324875000001 0.557226453125 0.9239308562499999 0.529923615625 0.855809540625
2 0.51612130625 0.8178041578125 0.48096309687499994 0.8393402421875 0.4947994109375 0.8634847015625 0.5273436984375001 0.8472169390625 0.51612130625 0.8178041578125
2 0.6175681453124999 0.7555050015625 0.6533784875 0.737100040625 0.620992703125 0.6813480609375 0.5872745593750001 0.7022305296875 0.6175681453124999 0.7555050015625
2 0.7082979218750001 0.79501658125 0.746931884375 0.7777124093750001 0.7360238671875 0.751069740625 0.7009983875 0.7611723609375 0.7082979218750001 0.79501658125
2 0.9288983984374999 0.41609490468750004 0.9093557953125 0.41747387968750005 0.9210651078125001 0.48103532343750005 0.9378694921875 0.4782691625 0.9288983984374999 0.41609490468750004
2 0.630453803125 0.118085296875 0.6613800999999999 0.100024965625 0.6193749046875 0.027805540625000003 0.5253088078125 0.08507556875 0.5477112843749999 0.1221857546875 0.61434635625 0.0863054625 0.630453803125 0.118085296875
2 0.4449406265625 0.4621959609375 0.46349009687500003 0.49380348281249997 0.4998528125 0.4791133765625 0.480649403125 0.444376 0.4449406265625 0.4621959609375
2 0.43109448125 0.37655140781249996 0.38578839375 0.39750238125 0.4006214671875 0.42966200781249997 0.44390975 0.4074492890625 0.43109448125 0.37655140781249996
2 0.5748417406249999 0.5942276609375 0.514012934375 0.5835019015625 0.5071076890625 0.632930309375 0.5635333359375 0.641975309375 0.5748417406249999 0.5942276609375