2 0.9680106531250001 0.16855361875 0.8979822499999999 0.11090481249999999 0.8663498671875001 0.1509249828125 0.9210541171875001 0.2042507390625 0.9680106531250001 0.16855361875
2 0.678428875 0.08183578281250001 0.6957047484375 0.10893320468750001 0.744672246875 0.0825964359375 0.7235871296874999 0.052852190624999996 0.678428875 0.08183578281250001
2 0.518769778125 0.3693779875 0.488971675 0.355892496875 0.47518600468749994 0.39077517500000003 0.5084949984375 0.40186587031250004 0.518769778125 0.3693779875
2 0.6047000312499999 0.3362312890625 0.5785279875 0.316468378125 0.5479617359375 0.354009634375 0.5813575953125001 0.369266425 0.6047000312499999 0.3362312890625
2 0.6735091453125001 0.577560321875 0.6465422046875 0.6168727406250001 0.6767312796875 0.6404563328124999 0.70415436875 0.593951790625 0.6735091453125001 0.577560321875
2 0.793337153125 0.6320442640625 0.7475303765625 0.5990971515625 0.728302103125 0.6270057687499999 0.7760384874999999 0.659186475 0.793337153125 0.6320442640625
2 0.2694907703125 0.572974140625 0.24092117812499997 0.5939502156249999 0.260160453125 0.6205778546875 0.2865580921875 0.5977057375 0.2694907703125 0.572974140625
2 0.1169120296875 0.7234087671875 0.0894234765625 0.7430982265625 0.1138760609375 0.7674817046875 0.13781240625 0.74422890625 0.1169120296875 0.7234087671875
2 0.0364235796875 0.12369953593750001 0.010990634374999999 0.1396346125 0.0371032046875 0.1760896625 0.06520118750000001 0.152770775 0.0364235796875 0.12369953593750001
2 0.4152388046875 0.9577700015625 0.37524499375000003 0.9231222859375 0.35265280312499997 0.952219234375 0.3932568515625 0.9859179687499999 0.4152388046875 0.9577700015625
2 0.4079493390625 0.888076053125 0.3767835140625 0.8657699515624999 0.3593299984375 0.8854770546875 0.38861590156250003 0.9124161953125001 0.4079493390625 0.888076053125
2 0.301454084375 0.8020302953125 0.27046522500000003 0.8226220109375 0.2912999140625 0.8538782109374999 0.3237723765625 0.8322626718749999 0.301454084375 0.8020302953125
2 0.8990400640624999 0.5727293734375001 0.8648134234375 0.5495005921875 0.8367152515624999 0.589508 0.8672361453124999 0.6112729390625 0.8990400640624999 0.5727293734375001
2 0.44576901874999997 0.080138215625 0.41787269531250004 0.0611221796875 0.39906443281250004 0.0827342921875 0.4276703125 0.10496635000000001 0.44576901874999997 0.080138215625
2 0.5631534578124999 0.692711953125 0.59356584375 0.6519060609375 0.5776354359375 0.64018739375 0.54771425625 0.6884005359375001 0.5631534578124999 0.692711953125
2 0.5342682265625001 0.6487496765625 0.506187028125 0.620807975 0.48913496875 0.6524003171875 0.515940271875 0.6777699953125 0.5342682265625001 0.6487496765625
2 0.2340193953125 0.63091114375 0.2169427421875 0.640153390625 0.23356522968750001 0.6640314468749999 0.24851389687499997 0.6534853296875001 0.2340193953125 0.63091114375
2 0.2440095296875 0.649705715625 0.256302646875 0.6402875234375001 0.218697053125 0.5988746640625 0.204245240625 0.610868928125 0.2440095296875 0.649705715625