2 0.1796958265625 0.9344218109375 0.22736503749999998 0.8939057078125 0.20098371093749998 0.8690558671874999 0.1619390265625 0.9067199609375001 0.1796958265625 0.9344218109375
2 0.0685967484375 0.69705930625 0.0376797265625 0.7229655578124999 0.07646515625 0.76601436875 0.1009104390625 0.736120225 0.0685967484375 0.69705930625
2 0.55713413125 0.45180914375 0.6041485875 0.5107217734375 0.6346716046875 0.48890181093749996 0.5877505078125 0.42832634687500004 0.55713413125 0.45180914375
2 0.7481228265625 0.5432321171875001 0.7763625796875 0.5856536359375 0.8093252375000001 0.5666637 0.780497165625 0.5170146953125 0.7481228265625 0.5432321171875001
2 0.7270133765625 0.5247780953125 0.7567513703125 0.49901346249999995 0.7084362859375 0.43681610624999995 0.6761130890625 0.46588605781250003 0.7270133765625 0.5247780953125
2 0.775862928125 0.38670345781250004 0.7970848640625 0.41338163437500003 0.8249827156249999 0.3872463078125 0.7994076031249999 0.36409053125 0.775862928125 0.38670345781250004
2 0.9087923421875 0.42671417187499994 0.93348735 0.4085851015625 0.9190482453125 0.37868440937500003 0.8856500687500001 0.39414014062499997 0.9087923421875 0.42671417187499994
2 0.749335371875 0.2973264015625 0.7809767828124999 0.2773069984375 0.7606426953125001 0.248128546875 0.7295813328125 0.2728592515625 0.749335371875 0.2973264015625
2 0.8742913218749999 0.14572590624999998 0.8289807687499999 0.1859508296875 0.86118471875 0.20948910625 0.89955689375 0.17609190156250001 0.8742913218749999 0.14572590624999998
2 0.5315529796875 0.1752590890625 0.5609029343749999 0.202362378125 0.5853150015625 0.1746337359375 0.5619540171875 0.1500096796875 0.5315529796875 0.1752590890625
2 0.3071586546875 0.23807094375 0.338286646875 0.260167096875 0.3512746 0.23683692656250002 0.321709471875 0.220148428125 0.3071586546875 0.23807094375
2 0.41489910781250006 0.9109216375000001 0.378390659375 0.9351247421875 0.40373786562499997 0.9612963984375 0.43324814375000004 0.9385491968749999 0.41489910781250006 0.9109216375000001
2 0.8132633890625 0.8715705515625001 0.8436630671875 0.8463228828125 0.8239529031249999 0.8027249765625 0.7853858703125 0.8247911546875001 0.8132633890625 0.8715705515625001
2 0.6335071421875 0.674311678125 0.5907534953125 0.69151275 0.614868525 0.7417404453125 0.652472246875 0.7215855984374999 0.6335071421875 0.674311678125
2 0.65681595625 0.722845309375 0.620825478125 0.7488565796875 0.6473253828125001 0.781980203125 0.6783867453125 0.7572494984375 0.65681595625 0.722845309375
2 0.8159039937499999 0.1767997140625 0.8574412296875 0.1448069421875 0.8387932890625001 0.11960419687499999 0.7983011875 0.14549285 0.8159039937499999 0.1767997140625
2 0.798163984375 0.6851697406249999 0.76883909375 0.7118628250000001 0.8056711640625001 0.751182834375 0.832979690625 0.72511986875 0.798163984375 0.6851697406249999
2 0.8639155359374999 0.562950325 0.8772483515625 0.593585059375 0.9296699171875 0.567426496875 0.916926425 0.5367194015625001 0.8639155359374999 0.562950325
2 0.914426109375 0.5991803124999999 0.9371786484375001 0.6334394 0.9637312890624999 0.6158362984375 0.9520217265625 0.583805834375 0.914426109375 0.5991803124999999
2 0.766827109375 0.958565659375 0.8238944187499999 0.9288314578125 0.8076259968749999 0.8937762203125 0.7520300953125 0.9233140140625 0.766827109375 0.958565659375
2 0.7126938765624999 0.203440503125 0.7442343375 0.1826117453125 0.7388911078125 0.16832675625 0.706517584375 0.1872427796875 0.7126938765624999 0.203440503125
2 0.763914696875 0.143142553125 0.770903759375 0.158651715625 0.7856976640625 0.1500298390625 0.7799819984374999 0.13758363125 0.763914696875 0.143142553125
2 0.683731996875 0.16733059687500002 0.70036830625 0.18344513125 0.7132611046874999 0.1690840375 0.6986332156249999 0.157133903125 0.683731996875 0.16733059687500002
2 0.707327 0.15487159687500002 0.7171974765625 0.1670390703125 0.7319025921875 0.165002096875 0.7192092375 0.144447378125 0.707327 0.15487159687500002