2 0.9126200859375 0.8462184859375 0.9465902328125001 0.8598469921874999 0.9725944421875001 0.8160250281250001 0.9360606421875 0.8001307109375 0.9126200859375 0.8462184859375
2 0.6010675890625 0.1704145265625 0.63814479375 0.172933153125 0.6420906390625001 0.1474863703125 0.606453703125 0.14350796875 0.6010675890625 0.1704145265625
2 0.6610474671875 0.157123778125 0.681817875 0.15074512812500002 0.6547936328125 0.09997115625 0.6449334125 0.1089542125 0.6610474671875 0.157123778125
2 0.0655731125 0.4631415375 0.129960290625 0.4164752921875 0.0977158828125 0.37024399375 0.034599789062500004 0.41880105468749995 0.0655731125 0.4631415375
2 0.1364594 0.9215036234375 0.167296409375 0.915158690625 0.159347665625 0.8700791156250001 0.122888634375 0.871678203125 0.1364594 0.9215036234375
2 0.15396270625 0.856842803125 0.17106135625000002 0.8511099968750001 0.1527337765625 0.8018234609375 0.13537905 0.8024687578125 0.15396270625 0.856842803125
2 0.061022759375 0.8282567421874999 0.052043003125 0.8388948656249999 0.061850325 0.8945149609374999 0.089514309375 0.849794253125 0.061022759375 0.8282567421874999
2 0.35173009375 0.926103075 0.4005007625 0.95674179375 0.4203894265625 0.9260706390625 0.37151692187499996 0.8948453781250001 0.35173009375 0.926103075
2 0.633005225 0.669147046875 0.6579947500000001 0.688585790625 0.6799818890625 0.6629771484375 0.649906384375 0.639304121875 0.633005225 0.669147046875
2 0.67294455 0.4909656171875 0.6959937828125 0.5146701593749999 0.7222411859375 0.48589550625 0.6916858640625 0.4629115796875 0.67294455 0.4909656171875
2 0.7501344546875 0.29353893750000004 0.7789006765625001 0.315329471875 0.7922276703125 0.2918507546875 0.7660704234375 0.26990164375000003 0.7501344546875 0.29353893750000004
2 0.74469261875 0.5444155953125 0.77119376875 0.565399703125 0.786928821875 0.5487392296875 0.7620081625 0.523554353125 0.74469261875 0.5444155953125
2 0.7579216515625 0.8499539625000001 0.7883125296875 0.8708535296875001 0.8075146265625 0.8396989359375 0.7791249125 0.8187479640624999 0.7579216515625 0.8499539625000001
2 0.24993298125000002 0.9196030828125 0.272100625 0.891247934375 0.24340078593749997 0.868538159375 0.2212783890625 0.9002092656249999 0.24993298125000002 0.9196030828125
2 0.9157828390624999 0.7360946890625 0.9209545609375 0.721298403125 0.8985453359375001 0.7035180375000001 0.8874850437499999 0.719354225 0.9157828390624999 0.7360946890625
2 0.9023050390625 0.7589970859374999 0.91412210625 0.740614234375 0.885663725 0.72269309375 0.8745344906250001 0.7415575703124999 0.9023050390625 0.7589970859374999
2 0.78515195625 0.748263375 0.7944019078125 0.7550841968750001 0.8096495031250001 0.7185898625 0.7928795046875 0.7191320546875 0.78515195625 0.748263375
2 0.83161218125 0.8478253984374999 0.8471392296875001 0.8526334500000001 0.8550681828125001 0.8156192734375001 0.839912753125 0.811650059375 0.83161218125 0.8478253984374999
2 0.10783437031250001 0.6567108875 0.12808894375 0.63472850625 0.1042688046875 0.6123657140625001 0.08661059843749999 0.631778515625 0.10783437031250001 0.6567108875