2 0.8193988515624999 0.485416471875 0.800181865625 0.5670382468749999 0.873537565625 0.5956484828125 0.897466278125 0.5112400578125 0.8193988515624999 0.485416471875
2 0.840152475 0.3868827265625 0.7945723671875 0.373116496875 0.76668705 0.47310741093750003 0.8142716296874999 0.49054149999999996 0.840152475 0.3868827265625
2 0.6985231375 0.3284465875 0.6653043734375 0.31957467500000003 0.6488388328125 0.3890205015625 0.67908130625 0.402192475 0.6985231375 0.3284465875
2 0.9679307859374999 0.26742670468749996 0.9108689812499999 0.24711570625 0.8949881718749999 0.3166646359375 0.951343696875 0.33564528125000004 0.9679307859374999 0.26742670468749996
2 1 0.1098675875 0.9778270984375 0.103369978125 0.959710471875 0.171921765625 1 0.1814232578125 1 0.1098675875
2 0.776912840625 0.104419403125 0.7251604875 0.0895664265625 0.7139911328124999 0.1563302421875 0.7617114421875 0.169566309375 0.776912840625 0.104419403125
2 0.66748339375 0.19093466406249998 0.6151513796875 0.179899975 0.6050133359375 0.2408149578125 0.6546629562499999 0.25680444062499996 0.66748339375 0.19093466406249998
2 0.5345136140625 0.20969375937499998 0.542845903125 0.1752882625 0.5110418140624999 0.16154265 0.4998330203125 0.201166996875 0.5345136140625 0.20969375937499998
2 0.600854646875 0.0694566796875 0.560392890625 0.0629250921875 0.5530397984375 0.1183036265625 0.586655846875 0.126038184375 0.600854646875 0.0694566796875
2 0.3512537265625 0.2708310765625 0.33836110937499997 0.32342411718749997 0.37218155468749997 0.329990484375 0.37901912968749996 0.277535596875 0.3512537265625 0.2708310765625
2 0.69744484375 0.7397453953124999 0.664417684375 0.7281941765625 0.6529039703125 0.790072409375 0.6896141734375 0.8007657765625 0.69744484375 0.7397453953124999
2 0.5474094484375 0.919786628125 0.5397780828125 0.9528084437500001 0.5660970703125 0.957449190625 0.570529096875 0.9220561046875 0.5474094484375 0.919786628125
2 0.2908202359375 0.907704640625 0.28171322499999996 0.9627723250000001 0.320015728125 0.9747111125 0.3315558703125 0.91609325 0.2908202359375 0.907704640625
2 0.2391472296875 0.3662209890625 0.23020968125 0.40323126875000004 0.24528027031250002 0.41010898593749995 0.2517068578125 0.37024273124999996 0.2391472296875 0.3662209890625
2 0.281917075 0.37798283125 0.267600465625 0.37244388125 0.260038584375 0.40849090937500004 0.27225320000000003 0.417879590625 0.281917075 0.37798283125
2 0.24820453125 0 0.24149170781249998 0.0211656234375 0.2582136546875 0.028935843750000002 0.2665923265625 0 0.24820453125 0
2 0.344614021875 0.8276578671875001 0.3511780203125 0.79113343125 0.3167731171875 0.784462421875 0.309037109375 0.8180686937500001 0.344614021875 0.8276578671875001