2 0.8150971140625 0 0.7989204703125 0.0230182421875 0.8441670531250001 0.06376103125 0.8804889078125001 0.0093241625 0.8652349203125 0 0.8150971140625 0
2 0.644933425 0.01205205625 0.6233831328125 0.06519501250000001 0.6576953265625 0.08305528437500001 0.68314679375 0.029271440625 0.644933425 0.01205205625
2 0.760902009375 0.1193216703125 0.7474105671875 0.1556670828125 0.78002229375 0.1677159453125 0.79483335 0.132147540625 0.760902009375 0.1193216703125
2 0.9667181828125001 0.11204498125 0.958645246875 0.019770890625000002 0.9062413921875001 0.099157465625 0.959807415625 0.14006485625 0.9667181828125001 0.11204498125
2 0.9347407953125 0 0.9275333031249999 0.015936634375 0.94493896875 0.02454614375 0.9522340343750001 0 0.9347407953125 0
2 0.939797525 0.5238677578125001 0.9185917453125001 0.5537343015625 0.9510814203125 0.5708599953125 0.9667367859375 0.5459460484374999 0.939797525 0.5238677578125001
2 0.870873328125 0.9202912187500001 0.8739399609375 0.934923375 0.904836728125 0.9200018875 0.8962219749999999 0.9037690671874999 0.870873328125 0.9202912187500001
2 0.881340559375 0.9378520140625 0.8887499515625 0.9544882984375 0.9182892234375 0.938195534375 0.9103867875 0.9221984031250001 0.881340559375 0.9378520140625
2 0.565929403125 0.8581636687499999 0.638150959375 0.8941608140625 0.6607537328124999 0.8653640843750001 0.581019234375 0.82644499375 0.565929403125 0.8581636687499999
2 0.5568613375 0.7749169124999999 0.5879071406249999 0.789486846875 0.6013482531250001 0.7525482515624999 0.5682486718749999 0.7417356765625 0.5568613375 0.7749169124999999
2 0.6591460031249999 0.7325911546875 0.6409749234375 0.72226055625 0.6109226249999999 0.78568363125 0.6291763125000001 0.7983926421875001 0.6591460031249999 0.7325911546875
2 0.6479765468750001 0.70019134375 0.633815478125 0.6948740796874999 0.608659140625 0.7393922546875 0.623418609375 0.75300141875 0.6479765468750001 0.70019134375
2 0.5127846468749999 1 0.520557565625 0.986104940625 0.4789468515625 0.9665007031249999 0.4604736921875 1 0.5127846468749999 1
2 0.21193471874999997 0.704963053125 0.2503825421875 0.722459934375 0.2666358671875 0.6879589515625 0.231543390625 0.6704665249999999 0.21193471874999997 0.704963053125
2 0.106448871875 0.724324175 0.1462778734375 0.7303758765625 0.1572531578125 0.6930585640625 0.1168321453125 0.6864610703125 0.106448871875 0.724324175
2 0.2442091359375 0.039362653125 0.2030848609375 0.025318428124999997 0.1744030671875 0.0854031015625 0.213057884375 0.10526594687499999 0.2442091359375 0.039362653125
2 0.635210509375 0.5815070359375001 0.6156830828125 0.6237446906249999 0.6303098874999999 0.634385371875 0.65329468125 0.586183065625 0.635210509375 0.5815070359375001
2 0.703459790625 0.048056906249999996 0.6785794578125001 0.117583690625 0.7451927484375 0.1439423234375 0.77761511875 0.07822583281249999 0.703459790625 0.048056906249999996
2 1 0.541142840625 0.99147324375 0.536033653125 0.9668961656249999 0.5954016 0.99426305625 0.6153579828125 1 0.5752565765625001 1 0.541142840625