2 0.6503248875 0.5406464203125 0.663142884375 0.5895197203125 0.7167995890625 0.5762919937500001 0.7009686515625 0.518955490625 0.6503248875 0.5406464203125
2 0.6994736515625 0.471926115625 0.7524552109375 0.44943476406249994 0.7384472343749999 0.40961771249999995 0.6886452000000001 0.42384554999999996 0.6994736515625 0.471926115625
2 0.678130853125 0.41151209062499994 0.7360632593750001 0.39373504375 0.71986551875 0.3364765078125 0.6670710953125 0.35376845625 0.678130853125 0.41151209062499994
2 0.8700001890625 0.568617403125 0.8994500515625001 0.5584120453125 0.8868405421875 0.4964436140625 0.8500811 0.5006149859375 0.8700001890625 0.568617403125
2 0.34667870624999997 0.47467864375 0.39426986249999996 0.45636973125 0.3773014578125 0.395936421875 0.33014201875000004 0.4168851375 0.34667870624999997 0.47467864375
2 0.11764272656250001 0.608345403125 0.19028972500000002 0.576210903125 0.168716234375 0.505828575 0.096701446875 0.532670665625 0.11764272656250001 0.608345403125
2 0.09717283437499999 0.52346525 0.1482316359375 0.5068457265624999 0.1299091328125 0.44609162812500003 0.0774504421875 0.46209978281249997 0.09717283437499999 0.52346525
2 0 0.42919825468750006 0.014549681249999998 0.471826065625 0.11958995624999999 0.44039544218750004 0.0987129328125 0.3507441109375 0 0.3823185171875 0 0.42919825468750006
2 0.062854515625 0.3134469625 0.090590740625 0.304212865625 0.0792082171875 0.2589816390625 0.045672470312500005 0.2697519703125 0.062854515625 0.3134469625
2 0.1186601078125 0.1589350609375 0.149007415625 0.1445949453125 0.137569746875 0.11363869062500001 0.109474465625 0.121431571875 0.1186601078125 0.1589350609375
2 0.1527977328125 0.9365537187499999 0.177764553125 0.9285168875 0.1673414703125 0.8964344546874999 0.1389490984375 0.9085411828125001 0.1527977328125 0.9365537187499999
2 0.6458391781249999 0.0596269984375 0.6809533890624999 0.053073765625000005 0.6748928203125 0.024921764062499997 0.64297748125 0.0347406515625 0.6458391781249999 0.0596269984375
2 0.8662674953125 0.9081266265625001 0.8534500296875001 0.9160106875 0.869646715625 0.9325994625 0.8797951062499999 0.92892481875 0.8662674953125 0.9081266265625001
2 0.83564396875 0.9383094328125001 0.8439766265624999 0.9271295421874999 0.8351574234375001 0.9074551 0.825566075 0.9137429062500001 0.83564396875 0.9383094328125001
2 0.8115539171874999 0.9449474671875 0.8198239375 0.9377264875 0.8076429171875 0.9151245328125001 0.7978396078125 0.9232784374999999 0.8115539171874999 0.9449474671875
2 0.26598556093750003 0.3121541421875 0.27383568125 0.3547976234375 0.3321909640625 0.3351096484375 0.32179171875 0.3033272515625 0.26598556093750003 0.3121541421875
2 0.330535484375 0.1387871625 0.31408731093750003 0.07854678281250001 0.2766095859375 0.090762021875 0.2890416515625 0.146394515625 0.330535484375 0.1387871625