2 0.7905402390625 0.12706979375 0.8022891031249999 0.164976815625 0.84015788125 0.1531974578125 0.8282087062500001 0.1095818546875 0.7905402390625 0.12706979375
2 0.9063247437499999 0.3343935796875 0.8598439703125 0.3400948953125 0.8743278796875 0.3984118875 0.9119073015625 0.387986325 0.9063247437499999 0.3343935796875
2 0.7089896328124999 0.07149375 0.6718971453125 0.0862719125 0.690614203125 0.1313244765625 0.7282811437500001 0.1138362140625 0.7089896328124999 0.07149375
2 0.431418225 0.4855646625 0.476516546875 0.45974088281250003 0.4540551296875 0.43230414531249994 0.41745415937499997 0.4514358875 0.431418225 0.4855646625
2 0.374732790625 0.7256297859374999 0.35806048125 0.6909253546875 0.306884896875 0.7253724796875 0.3281943546875 0.758228765625 0.374732790625 0.7256297859374999
2 0.7811108046874999 0.916820371875 0.7980712671875 0.9501691531249999 0.8288846578125 0.9383054281250001 0.8089308531249999 0.90573729375 0.7811108046874999 0.916820371875
2 0.21562169375 0.2895585875 0.24188545625 0.272480303125 0.22627944218749999 0.239417825 0.2060926125 0.247874290625 0.21562169375 0.2895585875
2 0.7329971765625001 0.790450821875 0.69976521875 0.8003835640625001 0.7151697234375 0.8277356109375 0.74840320625 0.81780319375 0.7329971765625001 0.790450821875
2 0.32196840781249997 0.867383678125 0.3020697328125 0.87448449375 0.3052334 0.9261477843750001 0.32012111249999997 0.9293122671875 0.32196840781249997 0.867383678125
2 0.2704121796875 0.49099900312500006 0.27487364062499997 0.503279321875 0.31380871250000003 0.49314191406249996 0.304307634375 0.4712937828125 0.2704121796875 0.49099900312500006
2 0.25705057187499997 0.47399629374999996 0.266639165625 0.48878172031249995 0.311737490625 0.46295794062500006 0.3045677859375 0.45010196718750006 0.25705057187499997 0.47399629374999996
2 0.234243015625 0.47481439999999997 0.2991543484375 0.44895130625 0.289564225 0.43416555 0.22678515937500002 0.4633140765625 0.234243015625 0.47481439999999997