2 0.45939971562500004 0.44843916093749997 0.454140928125 0.394783884375 0.3825824859375 0.4017908 0.38851754843749997 0.45309324375 0.45939971562500004 0.44843916093749997
2 0.5298293484375 0.48624827656249997 0.5632971437500001 0.48533760781249996 0.5642993187500001 0.439625984375 0.5279673703125 0.44192191718749996 0.5298293484375 0.48624827656249997
2 0.5150595390625 0.7816018031249999 0.567534571875 0.7724432 0.5578793296875 0.70853605625 0.503087059375 0.7119696765625 0.5150595390625 0.7816018031249999
2 0.84853559375 0.7255182828125 0.9020170328124999 0.72411828125 0.8852961421875 0.624316121875 0.831055815625 0.6289572375 0.84853559375 0.7255182828125
2 0.9073941515625 0.4691334234375 0.9469054828125 0.4767513640625 0.9475214843750001 0.4250851375 0.91197098125 0.42206135156249996 0.9073941515625 0.4691334234375
2 0.9347407921875 0.6812967390625 0.9927383765625001 0.6809456109375 0.9965926453125 0.5705738265625 0.9328867593749999 0.5719138375 0.9347407921875 0.6812967390625
2 0.8098991828125 0.9571493546875001 0.8034405281250001 0.9262402 0.7699113125 0.9333869015625 0.7733727499999999 0.9629345734375001 0.8098991828125 0.9571493546875001
2 0.8976546593749999 0.9432502515625 0.897586315625 0.9360630750000001 0.861297375 0.937172284375 0.8637890546874999 0.9486140375 0.8976546593749999 0.9432502515625
2 0.8037021078125001 0.9119890859374999 0.8355817312499999 0.907756903125 0.83199346875 0.87436133125 0.8022541359375 0.87510358125 0.8037021078125001 0.9119890859374999
2 0.6102759328125 0.2751756796875 0.64337031875 0.28554009687500004 0.659240525 0.17142913125 0.62483535625 0.1696335671875 0.6102759328125 0.2751756796875
2 0.033275984375 0.6952664546875 0.062098468750000003 0.6959759015625 0.0633624859375 0.6597792171875 0.028893589062500002 0.659763759375 0.033275984375 0.6952664546875
2 0.132138503125 0.11975362187500001 0.133161453125 0.07344705 0.09769378281249999 0.0680512703125 0.10290967343749999 0.122890146875 0.132138503125 0.11975362187500001
2 0.3919316609375 0.122290565625 0.4649780375 0.135533853125 0.4638179578125 0.11766998437500001 0.3941109453125 0.105729971875 0.3919316609375 0.122290565625
2 0.4076762953125 0.054218890625 0.44261734375 0.0610846875 0.4485886375 0.026239040624999998 0.41615012656249994 0.0191651453125 0.4076762953125 0.054218890625
2 0.5843872734375 0.0978203875 0.6431408984375 0.1049204984375 0.6472283671875 0.0729811921875 0.5936272859375 0.059227164062500004 0.5843872734375 0.0978203875