2 0.1694194453125 0.0523968 0.17941072656249998 0.1090601765625 0.259382503125 0.0907433875 0.24166779843750003 0.0381390859375 0.1694194453125 0.0523968
2 0.136599903125 0.7484485703125 0.15794060468749999 0.807930840625 0.2045143015625 0.7985128203125 0.1865785703125 0.736124828125 0.136599903125 0.7484485703125
2 0.250618509375 0.9710817437499999 0.30585878125 0.9595342515624999 0.28971421875000003 0.8919087812500001 0.2318152125 0.9106030953124999 0.250618509375 0.9710817437499999
2 0.08023097500000001 0.6270821640625 0.0838009390625 0.654157965625 0.17347077500000002 0.639552571875 0.163641103125 0.6111688890625 0.08023097500000001 0.6270821640625
2 0.47592511875000004 0.665728028125 0.47626445000000006 0.6813295625 0.600329959375 0.6600547890625 0.5951104390624999 0.642411865625 0.47592511875000004 0.665728028125
2 0.45835472499999996 0.6447335796875 0.4569414078125 0.660644153125 0.5954889750000001 0.6326001953125 0.5869678265625 0.616748428125 0.5859668250000001 0.6162093734375 0.45835472499999996 0.6447335796875
2 0.4419026625 0.5753551859375 0.4449563796875 0.599512225 0.5268852234375 0.5922945281249999 0.520692890625 0.5588856984375 0.4419026625 0.5753551859375
2 0.4534740078125 0.63415000625 0.5314871953125 0.6149743375 0.5258852953125001 0.6003007328125001 0.45000662968749994 0.6178957984375 0.4534740078125 0.63415000625
2 0.58398405625 0.5810206453125 0.542257725 0.5974138328125 0.5467596484375 0.6092684312500001 0.5923352078125 0.597617946875 0.58398405625 0.5810206453125
2 0.397915425 0.336157984375 0.4703900859375 0.3197644625 0.4663550359375 0.302009465625 0.3974747984375 0.31997298750000003 0.397915425 0.336157984375
2 0.45693186875 0.35285575156250004 0.45435672031249996 0.3382513609375 0.40283103125 0.350349690625 0.40764199375 0.3639569375 0.45693186875 0.35285575156250004
2 0.47149815312500004 0.4081111078125 0.4707802984375 0.393782134375 0.416123215625 0.4052267953125 0.41343230468750003 0.4224399484375 0.47149815312500004 0.4081111078125
2 0.46800226875 0.3677693421875 0.41176512499999995 0.377082559375 0.414166146875 0.394127703125 0.46503916093750003 0.38515741875 0.46800226875 0.3677693421875
2 0.40670752187500003 0.8339358046875001 0.41907439843749994 0.8835562265625001 0.486421134375 0.872282503125 0.47845085468750004 0.8219518921875 0.40670752187500003 0.8339358046875001