1 0.25249458593749996 0.7913124515625001 0.262474971875 0.80134164375 0.2709897515625 0.7950099640625 0.2600406078125 0.78306945 0.25249458593749996 0.7913124515625001
1 0.20152943437499998 0.7940763093750001 0.234724684375 0.830390740625 0.2635926859375 0.8024081859375001 0.228137296875 0.766566278125 0.20152943437499998 0.7940763093750001
1 0.40847775156250005 0.6643351984375 0.38263108749999997 0.6332338484375 0.3636670328125 0.6494718421875 0.39234414218749997 0.679331771875 0.40847775156250005 0.6643351984375
1 0.31667463906250004 0.6642486921875 0.33522213437500004 0.6849257484375 0.366050821875 0.6581599625 0.3468833859375 0.6360678171874999 0.31667463906250004 0.6642486921875
1 0.35691340625 0.6482809953124999 0.3656514875 0.640682915625 0.3549253734375 0.6274775375 0.34638715000000003 0.636416634375 0.35691340625 0.6482809953124999
1 0.2785377609375 0.628803425 0.30522150625 0.6008720421875 0.288560353125 0.5818333734375 0.25954520312499996 0.610659440625 0.2785377609375 0.628803425
1 0.29928800624999996 0.595039021875 0.3284610796875 0.6245516734375001 0.382771078125 0.57320556875 0.35516205 0.5422281953125 0.29928800624999996 0.595039021875
1 0.3658881640625 0.555433571875 0.379316840625 0.54344105625 0.368516384375 0.5306573 0.3545405703125 0.5408128359375 0.3658881640625 0.555433571875
1 0.268287365625 0.4672931953125 0.2973364625 0.4950434828125 0.3160278546875 0.47788636562500003 0.2889644234375 0.4487457015625 0.268287365625 0.4672931953125
1 0.3259107265625 0.49094305781249997 0.3540576546875 0.4645754484375 0.33923502031249997 0.444989915625 0.3107886390625 0.47304681249999997 0.3259107265625 0.49094305781249997
1 0.37866025937500003 0.47065405625 0.3984036609375 0.5215668796874999 0.4320654890625 0.50835523125 0.4116262640625 0.45644866874999995 0.37866025937500003 0.47065405625
1 0.3942497515625 0.46121778593749996 0.3828016796875 0.4348305296875 0.3668155453125 0.4415853125 0.3781890046875 0.46839572812499997 0.3942497515625 0.46121778593749996
1 0.554493634375 0.4433473515625 0.507007971875 0.4732670375 0.5345435984375 0.51206611875 0.58061444375 0.48276483593749997 0.554493634375 0.4433473515625
1 0.7998769328125 0.169333896875 0.81303879375 0.16850051875 0.8103904625 0.05603516562500001 0.7944851359375 0.056779859375 0.7998769328125 0.169333896875
1 0.8176273828125 0.16930961093750002 0.84700889375 0.16818044062499998 0.841436353125 0.054410926562499996 0.8142372203124999 0.054347825 0.8176273828125 0.16930961093750002