2 0.48301875 0.3790515625 0.5572375 0.3754921875 0.5613937499999999 0.3369359375 0.48836250000000003 0.34405312499999996 0.48301875 0.3790515625
2 0.5162687499999999 0.48048437499999996 0.5833625 0.4727734375 0.5809875 0.4389625 0.515675 0.4431140625 0.5162687499999999 0.48048437499999996
2 0.5753484375 0.405028125 0.5786140625 0.44489375000000003 0.6664890625 0.42472656249999996 0.6664890625 0.39032187500000004 0.5753484375 0.405028125
2 0.930709375 0.5535796875 0.931896875 0.590221875 0.987709375 0.583696875 0.984740625 0.5498859375 0.930709375 0.5535796875
2 0.9316000000000001 0.63719375 0.9229906250000001 0.6750453125 0.9574281250000001 0.68335 0.9675218750000001 0.6453875 0.9316000000000001 0.63719375
2 0.6074109375 0.67010625 0.6195828125 0.7456343750000001 0.6658953125 0.7367359375 0.6439265625 0.667334375 0.6074109375 0.67010625
2 0.35536093750000003 0.6950125 0.3529859375 0.74800625 0.39514375 0.7527515625000001 0.39870625 0.6981796874999999 0.35536093750000003 0.6950125
2 0.2333453125 0.44061093749999997 0.22414218749999998 0.46921406250000003 0.28945468750000003 0.47870468749999995 0.2948 0.4466734375 0.2333453125 0.44061093749999997
2 0.35981406250000003 0.39079687500000004 0.35476874999999997 0.4259125 0.3909859375 0.42947187500000006 0.3939546875 0.3921015625 0.35981406250000003 0.39079687500000004
2 0.1745640625 0.2128921875 0.1671421875 0.2497390625 0.27342343750000003 0.2752453125 0.2864859375 0.2360953125 0.1745640625 0.2128921875
2 0.002078125 0.15542499999999998 0.042453125 0.16728749999999998 0.058484375 0.11034375 0 0.099071875 0.002078125 0.15542499999999998
2 0.146953125 0.45929062500000006 0.141015625 0.4976859375 0.19267343750000002 0.5012453125 0.203953125 0.4662484375 0.146953125 0.45929062500000006
2 0.043640625 0.40769687499999996 0.041265625 0.441928125 0.0952984375 0.447859375 0.10004687500000001 0.4116765625 0.043640625 0.40769687499999996
2 0.2173140625 0.332978125 0.20632968749999997 0.3695609375 0.24017343750000003 0.37608593749999997 0.2508609375 0.33990156250000003 0.2173140625 0.332978125
2 0.078375 0.3134078125 0.07095312499999999 0.3476125 0.1243921875 0.3434609375 0.129140625 0.3126171875 0.078375 0.3134078125
2 0.520425 0.6317453125 0.5239874999999999 0.6453875 0.5976140625 0.6376765625 0.5976140625 0.6198796875 0.520425 0.6317453125
2 0.8006765625 0.1942109375 0.7917703125 0.2491453125 0.825021875 0.2532984375 0.8368953125 0.1999125 0.8006765625 0.1942109375
2 0.5940515625 0.1666375 0.59226875 0.20347187500000002 0.6290828125 0.20287812500000002 0.6326453125 0.17143906250000002 0.5940515625 0.1666375
2 0.5251750000000001 0 0.52933125 0.049246875 0.56495625 0.0439078125 0.5524875 0 0.5251750000000001 0
2 0.33042343750000003 0.24224687500000003 0.32330000000000003 0.27702499999999997 0.3500171875 0.28414375000000003 0.3577375 0.2491453125 0.33042343750000003 0.24224687500000003
2 0.17278125 0.8595734374999999 0.1677359375 0.8702 0.1974234375 0.8743531250000001 0.2003921875 0.8589296875000001 0.17278125 0.8595734374999999
2 0.1730796875 0.8921484375000001 0.24967343749999998 0.898671875 0.2556109375 0.8820640624999999 0.1712984375 0.8767265625 0.1730796875 0.8921484375000001
2 0.6733171875 0.9680953125 0.6765828125 0.990615625 0.7104265625 0.9882421875 0.71220625 0.964515625 0.6733171875 0.9680953125
2 0.7502078125 0.4911625 0.8226453125000001 0.4911625 0.8232390625000001 0.479296875 0.7502078125 0.47573906250000003 0.7502078125 0.4911625
2 0.973459375 0.49665 0.971084375 0.50895625 0.998753125 0.51014375 0.998753125 0.4947203125 0.973459375 0.49665
2 0.8731140625 0.474553125 0.9241765624999999 0.4893828125 0.9372406249999999 0.4496390625 0.8873656249999999 0.4371828125 0.8731140625 0.474553125
2 0.9698968750000001 0.364815625 0.998753125 0.3748984375 0.998753125 0.35769687499999997 0.973459375 0.3499859375 0.9698968750000001 0.364815625
2 0.97969375 0.319634375 0.977615625 0.3333765625 0.9972093750000001 0.342275 0.998753125 0.326259375 0.97969375 0.319634375
2 0.7481296875 0.053667187500000005 0.7478328125 0.0694140625 0.822053125 0.07475156250000001 0.8273953125 0.05814375000000001 0.7481296875 0.053667187500000005
2 0.7890984375000001 0.08569062499999999 0.7917703125 0.10203906250000001 0.8208640624999999 0.09966562500000001 0.8256140625 0.08542968749999999 0.7890984375000001 0.08569062499999999
2 0.3589234375 0.5593765625 0.4064234375 0.5635296875 0.4099875 0.47751875000000005 0.3648609375 0.47633281250000004 0.3589234375 0.5593765625