2 0.2671902359375 0.11345265468750002 0.28595624062499997 0.07848387968750001 0.25231670624999997 0.05412976093750001 0.232264821875 0.0946640140625 0.2671902359375 0.11345265468750002
2 0.177278709375 0.2743713375 0.1327397796875 0.25990581874999996 0.11703381093750001 0.3114487140625 0.15193350156250002 0.32885321875 0.177278709375 0.2743713375
2 0.4102041296875 0.0610737421875 0.3766129421875 0.039489512500000004 0.3495965484375 0.07737303437500001 0.3832345234375 0.1017271796875 0.4102041296875 0.0610737421875
2 0.5307337984375 0.46496141093750004 0.570076128125 0.4989159015625 0.5902957109375 0.46807863593750004 0.5580177109375 0.442314603125 0.5307337984375 0.46496141093750004
2 0.602901415625 0.7145008546875 0.5799135046874999 0.745386440625 0.61937671875 0.7862664374999999 0.6465639375000001 0.7580798515625 0.602901415625 0.7145008546875
2 0.12150881718749999 0.8850235968750001 0.144520915625 0.8555237390625001 0.11932675156250001 0.839335971875 0.0935252609375 0.8674983718749999 0.12150881718749999 0.8850235968750001
2 0.79678505625 0.325911059375 0.819307590625 0.347686928125 0.836615334375 0.30858672343750004 0.8184129625000001 0.2964337984375 0.79678505625 0.325911059375
2 0.24658914375 0.7567476703125 0.21586300937499997 0.7406564640625 0.195520953125 0.7645666875 0.22624865 0.7806578656250001 0.24658914375 0.7567476703125
2 0.622838721875 0.905371034375 0.6046605390625001 0.8946038359375 0.5946573640625 0.9557471 0.6098753578125 0.9554814703125001 0.622838721875 0.905371034375
2 0.7203644296875 0.5461752062499999 0.7270871156250001 0.5349717984375 0.69757435 0.5091610609375 0.6840790140624999 0.5287948890624999 0.7203644296875 0.5461752062499999
2 0.7312138859374999 0.5335151781249999 0.7434475046875 0.520830990625 0.70136256875 0.48830895781250006 0.69187155625 0.4995606875 0.7312138859374999 0.5335151781249999
2 0.7068961015624999 0.48821236875 0.7656799171875 0.5259859546875 0.7751951203125 0.51611995 0.7191312828124999 0.4755281546875 0.7068961015624999 0.48821236875