2 0.30517042499999997 0.5717717078125 0.32249910000000004 0.5154746078125 0.2740412375 0.501978671875 0.26202497187499996 0.5546547125 0.30517042499999997 0.5717717078125
2 0.160227596875 0.5719160453125001 0.092210825 0.548725884375 0.0767931921875 0.5904614453125 0.1511054359375 0.6087397296875 0.160227596875 0.5719160453125001
2 0.34158809218749997 0.710658209375 0.3072613421875 0.6993376812500001 0.282902534375 0.7582852171875001 0.3236058125 0.763512265625 0.34158809218749997 0.710658209375
2 0.281869271875 0.90924963125 0.2118273 0.8894859203125 0.1996478953125 0.9189596859375 0.2769216546875 0.937445059375 0.281869271875 0.90924963125
2 0.8242545375000001 0.66870324375 0.8213366703125 0.6508483968750001 0.733029009375 0.63694355625 0.7258232171875 0.6548736453124999 0.8242545375000001 0.66870324375
2 0.720492484375 0.654500884375 0.6876130781249999 0.64804003125 0.6718775359375 0.7028336640624999 0.7070020125 0.7112355390625 0.720492484375 0.654500884375
2 0.7012845343749999 0.5716936671874999 0.6504275875000001 0.56694856875 0.6401055062500001 0.6209319125 0.6837305546875 0.6269569046875 0.7012845343749999 0.5716936671874999
2 0.741836196875 0.0726395484375 0.7507973859375 0.0423737375 0.709831153125 0.032372965625 0.7008760015625 0.0668306609375 0.741836196875 0.0726395484375
2 0.683253159375 0.10603278593750001 0.632345021875 0.0935527734375 0.6212245234375 0.1248846203125 0.6681950718749999 0.1341148546875 0.683253159375 0.10603278593750001
2 0.3890647640625 0.4956008328125 0.40530597031250004 0.4463434609375 0.3686926234375 0.4336757734375 0.354019103125 0.4903277015625 0.3890647640625 0.4956008328125
2 0.8025729 0.19993955000000002 0.818419465625 0.16483756875 0.777152084375 0.1506540375 0.7687049515625 0.18633608906250002 0.8025729 0.19993955000000002
2 0.93517720625 0.26984735 0.9523880578125 0.215235196875 0.91142338125 0.2052345359375 0.8913761515624999 0.26210589687499997 0.93517720625 0.26984735
2 0.9717983921875 0.15470424375 0.984684421875 0.11938114531249999 0.9345324843749999 0.10457634687499999 0.915643865625 0.1448787921875 0.9717983921875 0.15470424375
2 0.12998136875 0 0.1299756453125 0.0001520515625 0.20357568124999997 0.007358371875 0.20312035781249999 0 0.12998136875 0
2 0.1765951015625 0.7038776765625 0.1597493125 0.697942803125 0.149924565625 0.71925625625 0.1627085140625 0.7237182640625 0.1765951015625 0.7038776765625
2 0.1422261765625 0.7187179328125 0.1498870203125 0.6942802968749999 0.1353261609375 0.6896940375 0.1246623796875 0.7145168843749999 0.1422261765625 0.7187179328125