2 0.59140625 0.05078125 0.0515625 0.053125
2 0.1707190140625 0.432985584375 0.21799155781250001 0.41891919218749996 0.21082477656249998 0.3745450953125 0.15818963125000002 0.374151315625 0.1707190140625 0.432985584375
2 0.41676719531249995 0.6364646515625 0.41792528593749995 0.602268540625 0.36335258593750003 0.6056104125 0.35507749375 0.6555792578124999 0.41676719531249995 0.6364646515625
2 0.989348596875 0.602388159375 0.9933343812500001 0.5848684203125 0.997251696875 0.5529644453125 0.9654096843750001 0.5451424109375 0.9524418078125001 0.5903667687499999 0.989348596875 0.602388159375
2 0.0448259578125 0.5186810140625 0.0086755296875 0.514072453125 0.001396296875 0.5897166640625 0.04421478125 0.5861609859375 0.0448259578125 0.5186810140625
2 0.024896523437500002 0.3474286921875 0.007551217187500001 0.40791896562499996 0.006474217187500001 0.41669041562500003 0.06429777187499999 0.42062301093750004 0.06795460156250001 0.35257782656250003 0.024896523437500002 0.3474286921875
2 0.36924527500000004 0.2417648984375 0.36945743750000004 0.2058395015625 0.3304492796875 0.20616890625 0.32738576875000003 0.23695945156249998 0.36924527500000004 0.2417648984375
2 0.684303534375 0.7417356828125 0.6862835546875 0.7089813515625 0.6445264953125001 0.712435025 0.6460680437499999 0.7447557312499999 0.684303534375 0.7417356828125
2 1 0.3893279703125 0.9525958453125 0.38662440625 0.9525249875 0.39656495625 1 0.40208703593750006 1 0.3893279703125
2 0.7971375765625 0.32238743125 0.7896254671875 0.33566068437499996 0.8439296609375001 0.3487647015625 0.8469376296875 0.3350435234375 0.7971375765625 0.32238743125
2 0.8228058578124999 0.351346909375 0.8198569140625 0.3702474984375 0.8377968250000001 0.37230654687500003 0.8432575 0.354345625 0.8228058578124999 0.351346909375