2 0.7613008031249999 0.7337939390625 0.7938714375 0.720221278125 0.78912445 0.669376440625 0.75462805625 0.675987259375 0.7613008031249999 0.7337939390625
2 1 0.785581390625 0.99276788125 0.7399138171875 0.9706291312499999 0.7505989796875 0.9800033953125 0.7943918171875 1 0.7908542890625 1 0.785581390625
2 0.7147586390625 0.7392827375000001 0.7485033015625 0.7303628453125001 0.740221621875 0.6864567453125 0.7073725921875 0.691700378125 0.7147586390625 0.7392827375000001
2 0.6246254718750001 0.7386067656249999 0.6795469062499999 0.7295506765625001 0.672133215625 0.6798816515625 0.6184171484375 0.690899053125 0.6246254718750001 0.7386067656249999
2 0.601084390625 0.8437701375 0.63303399375 0.8356343640624999 0.6242486078125 0.80312459375 0.594503225 0.8152062687500001 0.601084390625 0.8437701375
2 0.7368926765625 0.8080018000000001 0.77913701875 0.8005766390625 0.77170030625 0.7589698109375 0.7305282390625 0.7758346015625001 0.7368926765625 0.8080018000000001
2 0.8072167953125 0.2513483984375 0.8399736203125 0.2395472296875 0.8304751640625 0.2059183671875 0.8003875390624999 0.22042409375 0.8072167953125 0.2513483984375
2 0.777791221875 0.09622913749999999 0.8109573015624999 0.09065366875 0.806018715625 0.0526649109375 0.7717086765625 0.0610487765625 0.777791221875 0.09622913749999999
2 0.7894317046875 0.1559033390625 0.8258552640625 0.147298903125 0.8194575593750001 0.1181187328125 0.786049890625 0.1293928578125 0.7894317046875 0.1559033390625
2 0.356797159375 0.7894434359375 0.391167871875 0.7816517859375 0.38216839375 0.70737308125 0.3491952390625 0.71143571875 0.356797159375 0.7894434359375
2 0.3162475125 0.8008696234375 0.35041060625 0.789219159375 0.3457468796875 0.7523955531250001 0.3133928078125 0.7623633296875 0.3162475125 0.8008696234375
2 0.281415828125 0.6964698625 0.3314629265625 0.68553800625 0.324732296875 0.64893006875 0.2752708921875 0.660695896875 0.281415828125 0.6964698625
2 0.21462806250000002 0.75901245 0.279641303125 0.7456120562499999 0.263595721875 0.6744604390625 0.2021188515625 0.6910728374999999 0.21462806250000002 0.75901245
2 0.193817165625 0.9128429812500001 0.22460196875 0.9027432015624999 0.2178207578125 0.8518120890624999 0.181866296875 0.861561259375 0.193817165625 0.9128429812500001
2 0.334404690625 0.9225460484375001 0.3868154734375 0.9104702281250001 0.37591991875 0.85788355 0.3280103390625 0.873068396875 0.334404690625 0.9225460484375001
2 0.41526777031249995 1 0.444736203125 0.988860921875 0.438911290625 0.9635011796875 0.4067754953125 0.9698654609374999 0.4128427484375 1 0.41526777031249995 1
2 0.4089180453125 0.9618790031250001 0.4379182703125 0.954053221875 0.43531159218750004 0.9292523312500001 0.40271098125 0.9368595078125 0.4089180453125 0.9618790031250001
2 0.468691525 0.877982315625 0.4766079515625 0.9135700906249999 0.5143307953125 0.9036350531249999 0.5064779859375 0.8686376140625001 0.468691525 0.877982315625
2 0.48740796406250003 0.9709429765625 0.523470825 0.96357049375 0.5172477921875 0.93138843125 0.48495733750000003 0.9419465421875 0.48740796406250003 0.9709429765625
2 0.14203667343749998 0.76067190625 0.1964656484375 0.750772046875 0.1897908890625 0.7156523609375001 0.1381567953125 0.729437609375 0.14203667343749998 0.76067190625
2 0.23266291875 1 0.22273868125 0.9530887671875 0.2066692421875 0.9556732640625001 0.2151349640625 1 0.23266291875 1
2 0.07288961875 0.7667455140625 0.064853021875 0.6959477296875 0.02039978125 0.7083812218750001 0.0292749015625 0.7928223453125 0.07288961875 0.7667455140625
2 0.1323395375 0.36765441875 0.1697224890625 0.35506851250000004 0.1517200390625 0.26830309531249996 0.1114170921875 0.2820914359375 0.1323395375 0.36765441875
2 0 0.3085866015625 0.0055093859375 0.3356112421875 0.0378649671875 0.32594181875 0.0314052609375 0.28691889531250003 0 0.2986696140625 0 0.3085866015625
2 0.2708117234375 0.45937163124999997 0.317502028125 0.45058365 0.3139085234375 0.41543704843749996 0.26683964375 0.42157980000000006 0.2708117234375 0.45937163124999997
2 0 0.08387903906250001 0.02427601875 0.0775154078125 0.0189319171875 0.049061896875 0 0.05105172031250001 0 0.08387903906250001
2 0.07527305625 0.3808165921875 0.132612984375 0.3679241875 0.11796772343749999 0.31603012812500003 0.0874775765625 0.3210258328125 0.07527305625 0.3808165921875
2 0.611268815625 0.27671952499999997 0.648923096875 0.2679857359375 0.6446788875 0.23141654687500002 0.6063034828125 0.24082314999999999 0.611268815625 0.27671952499999997
2 0.5338733796875 0.1248510359375 0.54520354375 0.181572753125 0.56814740625 0.17856266406250001 0.5629645796875 0.12358606093749999 0.5338733796875 0.1248510359375
2 0.3971411546875 0.026982310937499997 0.411518115625 0.0260682515625 0.4076920796875 0.00820155625 0.3913366125 0.0114728390625 0.3971411546875 0.026982310937499997
2 0.35872896875000004 0.0133477875 0.36118669375 0.0367314828125 0.3762758328125 0.032757468750000004 0.37406636249999997 0.0117357609375 0.35872896875000004 0.0133477875
2 0.42552735625000004 0.4389312203125 0.4577892296875 0.432256746875 0.4550568640625 0.39642418749999997 0.4198168671875 0.4072907359375 0.42552735625000004 0.4389312203125
2 0.6377456984375 0.3981185375 0.6773228609374999 0.3850035015625 0.6665625921875 0.3318055796875 0.6314150281249999 0.33788625 0.6377456984375 0.3981185375
2 0.710617265625 0.3934445296875 0.7466034203125 0.38966223125 0.7326341953125 0.3362029953125 0.7000940953125 0.3444008328125 0.710617265625 0.3934445296875