2 0.18480573125 0.3301245953125 0.1400701203125 0.20108084843750001 0.1017636796875 0.215071428125 0.1493671875 0.3510585953125 0.18480573125 0.3301245953125
2 0.216469659375 0.22967582968750003 0.19399433125 0.18063980625 0.174394659375 0.1897510796875 0.1907810609375 0.2368289515625 0.216469659375 0.22967582968750003
2 0.9340026796875 0.1830738 0.9389681718749999 0.14343085625000002 0.8716449171875 0.1382582390625 0.8708853718749999 0.182722659375 0.9340026796875 0.1830738
2 0.9723457359375001 0.2292115140625 0.9768917984375 0.169951603125 0.9481058390625 0.1719645125 0.9370269499999999 0.2263228765625 0.9723457359375001 0.2292115140625
2 0.73033233125 0.5134531015625 0.7325190359375 0.4936538953125 0.6964861531250001 0.493343228125 0.6918034109375 0.507216175 0.73033233125 0.5134531015625
2 0.731190090625 0.5342313796875 0.7288040375 0.517132734375 0.6925237703125 0.5132619 0.6928253921875 0.5303653359375 0.731190090625 0.5342313796875
2 0.7285354453124999 0.555850471875 0.7315629609375 0.539563671875 0.6905852453125 0.5366102515625 0.692665775 0.5535955593749999 0.7285354453124999 0.555850471875
2 0.3267817328125 0.5559616015625 0.3281136140625 0.540983771875 0.2894103703125 0.5450215328125 0.2892578453125 0.5556079625 0.3267817328125 0.5559616015625
2 0.334776209375 0.5851704015625 0.33839446875 0.5688422921875 0.305242625 0.5671287984375 0.3036434078125 0.5825842531250001 0.334776209375 0.5851704015625
2 0.346324509375 0.6141306890625 0.348125996875 0.5973344218750001 0.31280825624999997 0.598738984375 0.311680971875 0.6123868015625 0.346324509375 0.6141306890625
2 0.3609817078125 0.6279904546874999 0.3209659125 0.6260254656249999 0.32094133281250004 0.6426974796875 0.3562187015625 0.6449938109375 0.3609817078125 0.6279904546874999
2 0.533489328125 0.6605800671875001 0.4608184875 0.6853080046875 0.46946207656250005 0.732333671875 0.5426024140625 0.7057857390625 0.533489328125 0.6605800671875001
2 0.15239292499999998 0.4794462140625 0.1500467296875 0.4629399796875 0.0317632234375 0.47375799687500003 0.035073824999999996 0.48705476406250003 0.15239292499999998 0.4794462140625
2 0.191446684375 0.4165828921875 0.1950250828125 0.3996623703125 0.1576460984375 0.3971026234375 0.15943165312500002 0.4098920375 0.191446684375 0.4165828921875
2 0.17954695781250002 0.42515573125 0.153071309375 0.42105352500000004 0.152922365625 0.43594706875 0.17711018750000002 0.4414012234375 0.17954695781250002 0.42515573125
2 0.12396695312499999 0.507035378125 0.12897846875000002 0.49358584062500005 0.043436678125 0.4959963078125 0.04281979375 0.5127097390625 0.12396695312499999 0.507035378125
2 0.184541215625 0.6242532796875 0.18748589531249998 0.606781871875 0.0844923171875 0.6022051921875 0.0842056265625 0.619362296875 0.184541215625 0.6242532796875
2 0.1901237 0.5678984609375 0.19877198437500002 0.5553865859375 0.1751734578125 0.549892790625 0.178153375 0.566949909375 0.1901237 0.5678984609375
2 0.17005733750000002 0.663965046875 0.17490318124999998 0.648146296875 0.1033423515625 0.6419558609375 0.1027664984375 0.6549777515625 0.17005733750000002 0.663965046875
2 0.23862346875 0.640119340625 0.1917900609375 0.6427990515625 0.1902908421875 0.6554062171874999 0.2411461203125 0.6506596703125 0.23862346875 0.640119340625
2 0.1556686390625 0.69652619375 0.1617405078125 0.6812169124999999 0.12396940781250002 0.681583834375 0.1244959796875 0.693347634375 0.1556686390625 0.69652619375
2 0.23549805625000003 0.4932827984375 0.2368314953125 0.478304859375 0.20270231718749998 0.4796607671875 0.20359638593749999 0.4967024140625 0.23549805625000003 0.4932827984375
2 0.293510028125 0.45469364843750004 0.26528665 0.459644784375 0.28373999687499996 0.5107460875000001 0.312775221875 0.50038138125 0.293510028125 0.45469364843750004
2 0.23359825 0.576767121875 0.23963633281250002 0.5269276453125 0.206945621875 0.5275752375 0.2070273125 0.579813978125 0.23359825 0.576767121875
2 0.1204854 0.3721293015625 0.11301106875 0.3333578015625 0.067158815625 0.354324553125 0.078459465625 0.383999171875 0.1204854 0.3721293015625
2 0.10618142187499999 0.261202196875 0.100115625 0.2425736953125 0.0460490046875 0.256699915625 0.053150224999999995 0.277412828125 0.10618142187499999 0.261202196875
2 0.9352144750000001 0.3365913546875 0.9404701109375001 0.3010976546875 0.8998342156250001 0.29877661718750004 0.891643296875 0.3348749828125 0.9352144750000001 0.3365913546875
2 0.9878344296874999 0.340057340625 0.9860477703124999 0.300888121875 0.9421641875000001 0.29978879375 0.9459588859375 0.337032 0.9878344296874999 0.340057340625