2 0.7320984375 0.9525 0.764765053125 0.9677034843750001 0.783523675 0.9650671328125 0.7977078125 0.9272328125 0.7519890625000001 0.9058515625 0.7320984375 0.9525
2 0.7365515609375 0.8304234375 0.7217078140625001 0.869028125 0.7798953140625 0.887440625 0.7888015609375 0.8583375 0.7365515609375 0.8304234375
2 0.7056765609375 0.7140171875 0.6973640624999999 0.7458734375 0.7329890625 0.7532156249999999 0.7395203125 0.7258953109374999 0.7056765609375 0.7140171875
2 0.6249249984375 0.5299046875 0.6178000015625 0.5655390625 0.6706453125 0.5833546875 0.6789578140625 0.546534375 0.6249249984375 0.5299046875
2 0.12647031250000002 0.8491874984375001 0.0626406234375 0.8529937500000001 0.0703609375 0.9058515625 0.131515625 0.9040703125 0.12647031250000002 0.8491874984375001
2 0.19979843749999998 0.69679375 0.1995015625 0.7298421859374999 0.2556109375 0.733615625 0.2538296875 0.6944171859375 0.19979843749999998 0.69679375
2 0.1831734390625 0.4022124984375 0.18525 0.455528125 0.2621421859375 0.43784687499999997 0.2532359359375 0.3855828140625 0.1831734390625 0.4022124984375
2 0.33576875 0.4936749984375 0.33398593593750003 0.508965625 0.40820625 0.5055531265625001 0.4052375 0.49070625 0.33576875 0.4936749984375
2 0.2354234390625 0.22700781406249998 0.20098437656249998 0.23650937500000002 0.21642343749999998 0.27095625 0.2467046875 0.2578906234375 0.2354234390625 0.22700781406249998
2 0.3197374984375 0.326190625 0.2835171875 0.3368812484375 0.2882671875 0.348759375 0.3244859390625 0.337475 0.3197374984375 0.326190625
2 0.3268609375 0.412903125 0.3330953125 0.42346562499999996 0.363675 0.41527812500000005 0.3565484375 0.4034 0.3268609375 0.412903125
2 0.3191421875 0.8660593765625 0.3250796875 0.9631875000000001 0.42482968750000005 0.960490625 0.42601875156249996 0.867246875 0.3191421875 0.8660593765625
2 0.7288328125 0.31193593750000004 0.7214109375 0.3468703125 0.7763328140625 0.35885625 0.7846453125 0.3250031265625 0.7288328125 0.31193593750000004
2 0.7472390625 0.3582625015625 0.6854890625000001 0.3451953125 0.6819265624999999 0.3748921859375 0.7407078125 0.392115625 0.7472390625 0.3582625015625
2 0.8873656249999999 0.31728125 0.8746 0.3495421875 0.9313031265625 0.36657656250000004 0.9378343750000001 0.33331718593750004 0.8873656249999999 0.31728125
2 0.7312078125 0.1634578125 0.7214109375 0.1936828125 0.7798953125 0.20621874999999998 0.7810828125 0.1789 0.7312078125 0.1634578125
2 0.95121633125 0.11792275625 0.9390218734375001 0.11416406406249999 0.9333796875000001 0.1313375 0.9537810578125001 0.1361717265625 0.95121633125 0.11792275625
2 0.8336296875 0.002196875 0.910521875 0.0185421859375 0.9140828125 0.0012468750000000002 0.8321453125 0.0012468750000000002 0.8336296875 0.002196875
2 0.991271875 0.51624375 0.9698968734375001 0.5691015609375001 0.9983968750000001 0.5851375 0.998753125 0.5316859375 0.991271875 0.51624375
2 0.6041453125 0.8803124999999999 0.6011765625 0.89728125 0.6356140640625 0.9028812500000001 0.6356140625 0.886846875 0.6041453125 0.8803124999999999
2 0.6468953125 0.8619015609374999 0.6083000000000001 0.8541812500000001 0.60770625 0.8684359390624999 0.6451140625 0.87675 0.6468953125 0.8619015609374999