2 0.04980796875 0.4092733703125 0.0081849015625 0.4089717171875 0.0054732375 0.4260924828125 0.0028727453125 0.4445959453125 0.050289249999999994 0.44567113437500006 0.04980796875 0.4092733703125
2 0.3767194375 0.133838578125 0.45039586875 0.13720638125 0.44948216093750004 0.0839799734375 0.385217115625 0.083332834375 0.3767194375 0.133838578125
2 0.36459436875 0 0.363171040625 0.041109953125 0.44016861093750004 0.0407521484375 0.4423719015625 0 0.36459436875 0
2 0.5840533046874999 0.151798346875 0.680064765625 0.155510753125 0.6728450453125 0.0874261765625 0.5838851875 0.083308409375 0.5840533046874999 0.151798346875
2 0.46452539374999996 0.066533484375 0.574449375 0.0708031859375 0.5737525453125001 0.02599198125 0.4720848109375 0.03266216875 0.46452539374999996 0.066533484375
2 0.9416916000000001 0.50387808125 0.9434983640624999 0.44125288281249997 0.8905933906250001 0.4394079171875 0.8858508234375 0.5030169156250001 0.9416916000000001 0.50387808125
2 0.8808929265625001 0.5582109296875 0.99440945 0.56578306875 0.9996090875 0.5287857234375 0.8900139359375 0.5231642578125 0.8808929265625001 0.5582109296875
2 0.8803852078125001 0.6713207328124999 0.8827186734374999 0.7443089296875 0.92777694375 0.7422583109375 0.9275846156249999 0.6639822671875 0.8803852078125001 0.6713207328124999
2 0.7676649953125 0.9656806140624999 0.8657947140625 0.954320828125 0.8513291734375 0.8880123062499999 0.7625866296875 0.8923066484375 0.7676649953125 0.9656806140624999
2 0.5381904359374999 0.8663601609375 0.5361458031249999 0.8311390828125 0.474816775 0.8295065953125 0.48333721093750004 0.8684305921875 0.5381904359374999 0.8663601609375
2 0.39858944375 0.8243838859375 0.47086921562499995 0.8177726953125 0.4741428265625 0.7944797343750001 0.3995034921875 0.7979633484375 0.39858944375 0.8243838859375
2 0.33976388750000003 0.8845828015625001 0.3390426296875 0.8299870374999999 0.2487578484375 0.8452437390625 0.24769844062500002 0.89260408125 0.33976388750000003 0.8845828015625001
2 0.29853459843749997 0.6901526125 0.371802815625 0.6864778765625 0.37449885781250003 0.667294528125 0.304745778125 0.6658745203125 0.29853459843749997 0.6901526125
2 0.536389584375 0.530754375 0.615746715625 0.5335241468749999 0.616660765625 0.5071036109375 0.5382680828125 0.4974826390625 0.536389584375 0.530754375
2 0.538821225 0.48358846718750004 0.609946971875 0.48519981406249996 0.616179484375 0.4707058453125 0.5415172671875 0.46440511874999996 0.538821225 0.48358846718750004
2 0.6214733953125 0.552493253125 0.661838296875 0.5539738062499999 0.6645096968749999 0.525007446875 0.6255174625000001 0.523718228125 0.6214733953125 0.552493253125
2 0.629971075 0.5019875078125 0.6628974875 0.5066150140625 0.669516665625 0.489381003125 0.635820015625 0.49023401250000004 0.629971075 0.5019875078125
2 0.6522176359375 0.918215584375 0.7287926453125 0.9130616703125 0.7338168046875 0.8730354281249999 0.6558017765625 0.869259840625 0.6522176359375 0.918215584375
2 0.27526214531250004 0.1383040984375 0.27362498749999997 0.08595901875 0.20166314999999999 0.0860305 0.2020217921875 0.1304076 0.27526214531250004 0.1383040984375