2 0.0653646125 0.0962278640625 0.058566193749999995 0.12885189531250002 0.096057334375 0.141820709375 0.10473556718749999 0.1052463234375 0.0653646125 0.0962278640625
2 0.0398604078125 0.21299001093749997 0.027225617187500002 0.24768382031249997 0.0573078515625 0.252772225 0.0749395015625 0.2228715453125 0.0398604078125 0.21299001093749997
2 0.01831488125 0.33162827031250003 0.0306906921875 0.3331478296875 0.045854840625 0.277854034375 0.0271084953125 0.2713695328125 0.01831488125 0.33162827031250003
2 0.254184571875 0.5250937437500001 0.23081939999999998 0.4539141203125 0.1427491421875 0.4891058703125 0.16782579687500002 0.55770609375 0.254184571875 0.5250937437500001
2 0.3640529671875 0.8466772406249999 0.34321715625000004 0.754897634375 0.29649005625 0.7603137156249999 0.30859449375 0.866355859375 0.3640529671875 0.8466772406249999
2 0.9355727640625 0.841571175 0.96052514375 0.8418469734375 0.9677763687500001 0.7827904765625 0.934236025 0.7842497515625 0.9355727640625 0.841571175
2 0.9746901703124999 0.7264820921874999 0.9875060640625 0.622105009375 0.9043472890625001 0.641168853125 0.9185016125000001 0.741888328125 0.9746901703124999 0.7264820921874999
2 0.34413450156250003 0.3381766921875 0.33717995312500004 0.303864009375 0.303698509375 0.31508762031250004 0.31477833125 0.3499068234375 0.34413450156250003 0.3381766921875
2 0.41527579687499994 0.33854783906249997 0.400072259375 0.3032223078125 0.35766406562499997 0.3189273640625 0.3689125984375 0.3523725078125 0.41527579687499994 0.33854783906249997
2 0.32953957031250003 0.195582015625 0.3213794890625 0.15972811250000002 0.26575249218749997 0.1807792359375 0.2792447390625 0.21868261718749998 0.32953957031250003 0.195582015625
2 0.2605229875 0.075581228125 0.2309718171875 0.0775271640625 0.24634387812499997 0.11148018906249998 0.26385685468750003 0.10526503281249999 0.2605229875 0.075581228125
2 0.3746050890625 0.0672818515625 0.3974237546875 0.0519594734375 0.39305151562499996 0.01936020625 0.360074471875 0.026463006249999997 0.3746050890625 0.0672818515625
2 0.3939978796875 0.057116340625 0.4257945046875 0.0596272796875 0.4355097484375 0.025966617187500003 0.400432396875 0.016083721875000002 0.3939978796875 0.057116340625
2 0.444631828125 0.1790427640625 0.44539675624999997 0.1387087796875 0.3839067234375 0.15067453125000002 0.392235328125 0.18515592812499998 0.444631828125 0.1790427640625
2 0.9855554046874999 0.0776333984375 0.9447759437500001 0.07316202968749999 0.934269296875 0.1359999765625 0.9875638234374999 0.1351469484375 0.9855554046874999 0.0776333984375
2 0.9848169625000001 0.056487178125 0.937512184375 0.052752796874999994 0.93893938125 0.0752333578125 0.9855389875 0.077163259375 0.9848169625000001 0.056487178125
2 0.6604449578125 0.1720825125 0.7203641968750001 0.15016521249999998 0.7065347140625 0.11500839375000001 0.653658740625 0.136398875 0.6604449578125 0.1720825125
2 0.5806644390625 0.2989081765625 0.57870481875 0.269391534375 0.5369712859375 0.2796019140625 0.5470127328125 0.3115056515625 0.5806644390625 0.2989081765625
2 0.3543631328125 0.03156594375 0.3080786765625 0.047993045312499996 0.3325285203125 0.111954175 0.3738579890625 0.099354871875 0.3543631328125 0.03156594375
2 0.3197585 0.54725506875 0.307018259375 0.514612234375 0.261249025 0.5317023812499999 0.2743290296875 0.5737709421875 0.3197585 0.54725506875