2 0.5597674406250001 0.01996301875 0.6493081 0.037136959375 0.6535935796875 0.013389196875 0.5646761546875 0.007341351562499999 0.5597674406250001 0.01996301875
2 0.53375553125 0.2674497921875 0.54856843125 0.2372797609375 0.485733065625 0.2188089296875 0.47902245781249997 0.2485595203125 0.53375553125 0.2674497921875
2 0.6544101734375001 0.653185675 0.6773796390625 0.582332875 0.63890193125 0.57351096875 0.6181825875 0.6400110640625 0.6544101734375001 0.653185675
2 0.9821350265625 0.696177765625 0.9435193484375001 0.6915236453125 0.9346043546875 0.7252216875 0.9783479921874999 0.7322089828125 0.9821350265625 0.696177765625
2 0.8498814984375 0.7133318546875 0.8797699171875 0.7243366421874999 0.891769225 0.666973546875 0.8605349312499999 0.66309366875 0.8498814984375 0.7133318546875
2 0.7505255296875 0.5907498109375 0.7905082703125 0.596612825 0.792894803125 0.556850715625 0.7531451234375 0.5544654875 0.7505255296875 0.5907498109375
2 0.6839922359374999 0.7693501421875 0.6785354156250001 0.8070676203125 0.7170962171874999 0.8122438624999999 0.7243322484375 0.7717989859375 0.6839922359374999 0.7693501421875
2 0.75089265625 0.8513894359374999 0.7729450499999999 0.8205034640625 0.7236537515625 0.812336065625 0.7201151359375 0.8460037406250001 0.75089265625 0.8513894359374999
2 0.7914034437499999 0.8039311703124999 0.8717443984375001 0.8177501015624999 0.8697535015625 0.8026106234375 0.79401239375 0.790469196875 0.7914034437499999 0.8039311703124999
2 0.8984811171875 0.8274998218749999 0.9671884796875 0.8355445171874999 0.9692220046875001 0.8190369593750001 0.898253425 0.80978523125 0.8984811171875 0.8274998218749999
2 0.81808841875 1 0.8188394984375 0.997316215625 0.7612177171875001 0.9775237359375 0.754179271875 1 0.81808841875 1
2 0.42661919218750005 0.9232466453124999 0.40853609375 0.958969325 0.44872313124999996 0.9799144406250001 0.4651285609375 0.9487931656249999 0.42661919218750005 0.9232466453124999
2 0.349998671875 0.8399484906250001 0.323743890625 0.8909365609375 0.3571252359375 0.9028049421875 0.3780352375 0.8572268875000001 0.349998671875 0.8399484906250001
2 0.4012074140625 0.7617243031250001 0.3876621046875 0.7997149875 0.4154790015625 0.813388171875 0.431604253125 0.7792523453125 0.4012074140625 0.7617243031250001
2 0.317295634375 0.8102957765625 0.33395569062499997 0.77675190625 0.29650163281249997 0.75251034375 0.2764290921875 0.78444023125 0.317295634375 0.8102957765625
2 0.3412721078125 0.6077361078125 0.352203134375 0.5690574515625 0.31039893749999997 0.5521230781249999 0.29778636718749996 0.5925998796874999 0.3412721078125 0.6077361078125
2 0.1662298609375 0.8218276515625 0.202998040625 0.841219390625 0.23217209218749998 0.7738168578125 0.1999415359375 0.756694675 0.1662298609375 0.8218276515625
2 0.7875833562500001 0.8232360546875 0.7831996171875 0.8592642578125 0.81615126875 0.8638603843749999 0.81751253125 0.8281727999999999 0.7875833562500001 0.8232360546875
2 0.5621801234375 0.17309628125 0.6348733640625001 0.1801396265625 0.6354321984375 0.163477075 0.5624891484375001 0.1587955546875 0.5621801234375 0.17309628125
2 0.3008003578125 0.103821725 0.3120170578125 0.0823060109375 0.2924366578125 0.0754718640625 0.284048478125 0.0984773359375 0.3008003578125 0.103821725
2 0.29363696875 0.0725720703125 0.3100274515625 0.078514771875 0.3214922421875 0.054638621875 0.2999543234375 0.049388220312499995 0.29363696875 0.0725720703125
2 0.14118917343749998 0.6454140875000001 0.061900551562499996 0.598861775 0.0475756390625 0.6158685171875 0.13174111718749998 0.655767590625 0.14118917343749998 0.6454140875000001
2 0.826825984375 0.49532450624999996 0.8320407140625001 0.45705526250000006 0.7953360515625 0.44841971249999996 0.7865147218749999 0.48690690468750003 0.826825984375 0.49532450624999996
2 0.63726426875 0.4158589640625 0.6432286046875 0.3846583625 0.6137355953125 0.3755867453125 0.6054093828125 0.40934824374999995 0.63726426875 0.4158589640625
2 0.15150537656250002 0.7006292734375 0.1429694046875 0.713680390625 0.2051304296875 0.7470875578125 0.215788228125 0.7308894296874999 0.15150537656250002 0.7006292734375
2 0.207594528125 0.754884715625 0.22436988125 0.762845890625 0.2321691796875 0.7511234875 0.21756117812500003 0.74242230625 0.207594528125 0.754884715625
2 0.18173375 0.305100375 0.1898078828125 0.29360324531250004 0.1723768671875 0.28620002499999997 0.1666292375 0.3011231734375 0.18173375 0.305100375
2 0.17296590625 0.27491540468750003 0.1930428171875 0.2770255734375 0.1954321 0.2599583875 0.1771266828125 0.2580344109375 0.17296590625 0.27491540468750003
2 0.48931137812500003 0.7925525546875 0.5074925734375 0.738855725 0.4663424921875 0.721393084375 0.4508727140625 0.77769385 0.48931137812500003 0.7925525546875