2 0.1837848328125 0.9190038765624999 0.20887187499999998 0.9674167718750001 0.24587264531250003 0.9520696796875001 0.21415050937500002 0.9080953578125 0.1837848328125 0.9190038765624999
2 0.24632711718750003 0.9119228578125 0.2672791984375 0.931531225 0.291922165625 0.9081191171875 0.2698687453125 0.8892851171875 0.24632711718750003 0.9119228578125
2 0.2780567921875 0.848786940625 0.3105641390625 0.8894250765624999 0.334942640625 0.868731084375 0.302932425 0.8223977250000001 0.2780567921875 0.848786940625
2 0.769792746875 0.970628528125 0.7117832171875 0.9074285921874999 0.6863288953125 0.9291047640625001 0.72618275 0.9759831625000001 0.769792746875 0.970628528125
2 0.7717687203125 0.7528645390625 0.807446134375 0.7925246765625 0.8641390187500001 0.7451121453125 0.8276918421874999 0.7065036578125 0.7717687203125 0.7528645390625
2 0.92959289375 0.6497132984375 0.9555096484375 0.675638709375 0.9810724828125 0.6499742734375 0.9594015609375001 0.6245114359375 0.92959289375 0.6497132984375
2 0.53992938125 0.272711534375 0.5495040546875 0.28490588125 0.62411975 0.23245593750000001 0.6111766765625 0.2244706546875 0.53992938125 0.272711534375
2 0.5248236421875 0.24225355624999997 0.5311256656250001 0.252167240625 0.592792115625 0.2111698390625 0.5789687265625 0.20089981093749998 0.5248236421875 0.24225355624999997
2 0.5162109140625 0.20621266562499999 0.5256830031249999 0.21514835 0.556584659375 0.1988609828125 0.544973846875 0.187122865625 0.5162109140625 0.20621266562499999
2 0.48251728125 0.3264337453125 0.4375427078125 0.3499069203125 0.44383934687500004 0.3670847828125 0.49147110156249996 0.3408925109375 0.48251728125 0.3264337453125
2 0.044715884375 0.14203571406249998 0.0562712609375 0.17766964062499999 0.1254759484375 0.1566540640625 0.11252067968749999 0.11935016875 0.044715884375 0.14203571406249998
2 0.1393838921875 0.3332614546875 0.1470230515625 0.35406523125 0.19852314531249998 0.332581940625 0.1933326046875 0.31466848281250004 0.1393838921875 0.3332614546875
2 0.28619605625 0.14529661562500001 0.301025828125 0.1978671109375 0.347248390625 0.179685978125 0.325256878125 0.13212405 0.28619605625 0.14529661562500001
2 0.36523903281250003 0.1020822125 0.3717472328125 0.138035175 0.41231300312499997 0.12981140156249998 0.4067916171875 0.094587359375 0.36523903281250003 0.1020822125
2 0.39516049531249997 0.262961434375 0.3997216421875 0.2781720734375 0.42535205 0.26523804218749997 0.41808358749999996 0.254761378125 0.39516049531249997 0.262961434375
2 0.4280506375 0.2774722328125 0.40475549062500005 0.2875141734375 0.40561510624999997 0.2993743796875 0.4376040375 0.2870701328125 0.4280506375 0.2774722328125