2 0.756263453125 0.07777513124999999 0.681851834375 0.07131519375 0.6777342609375 0.16885524999999998 0.759229859375 0.1776060078125 0.756263453125 0.07777513124999999
2 0.959156515625 0.4949011671875 0.9009879734374999 0.4933608578125 0.9029084671875 0.5323415453125 0.9569302687500001 0.5292045984375 0.959156515625 0.4949011671875
2 0.7827976578125 0.37684359375 0.7269487125 0.3684613734375 0.7208330609375 0.43321814375 0.774942875 0.4368504140625 0.7827976578125 0.37684359375
2 0.51622050625 0.42178342031250005 0.48092873437500006 0.42294684374999997 0.4859756234375 0.4857381625 0.5246063390625 0.4913382828125 0.51622050625 0.42178342031250005
2 0.30414603906250004 0.11847048593750001 0.31140439531249997 0.1911281984375 0.339596165625 0.1904580984375 0.33282835781250003 0.11951113124999999 0.30414603906250004 0.11847048593750001
2 0.23411631093750002 0.091607675 0.19704954531250002 0.0979126546875 0.21119842656249999 0.14079904062499998 0.244754190625 0.1287063703125 0.23411631093750002 0.091607675
2 0.2231774390625 0.60031686875 0.1898478609375 0.6108004890625 0.24147519375 0.7176807390625 0.27560320781250003 0.7054239765625 0.2231774390625 0.60031686875
2 0 0.44053611875 0.008622934375 0.4737548703125 0.050331387500000005 0.46426749999999994 0.027984953125 0.3746247171875 0 0.3800326859375 0 0.44053611875
2 0.269000425 0.434919765625 0.23658877656250002 0.45100811093750004 0.25513655625 0.492013828125 0.28600111875 0.47698677968750003 0.269000425 0.434919765625
2 0.5745875625 0.6737384 0.476992459375 0.6717643484375 0.48588372343749997 0.7458084890625 0.5789347078125 0.7432159828125 0.5745875625 0.6737384
2 0.9730457296875 0.64997215625 0.9146387828125 0.6559107156249999 0.9174405406249999 0.6906237984375 0.977163828125 0.6858519765625 0.9730457296875 0.64997215625
2 1 0.51861785625 0.9679276484375 0.526668828125 0.978971115625 0.5630335421875 1 0.5573626078125 1 0.51861785625
2 0.3517974578125 0.3679406515625 0.31707726875 0.3680136609375 0.3213585953125 0.40446273125000004 0.3551649109375 0.395386603125 0.3517974578125 0.3679406515625
2 0.43494016562500004 1 0.42962146093750003 0.9843070640624999 0.39843030156250003 0.998501246875 0.3992224703125 1 0.43494016562500004 1
2 0.5754633296875 0.499300515625 0.5570430921875 0.4968614609375 0.554990140625 0.5499543734375 0.5762654234375 0.5574410703125 0.5754633296875 0.499300515625
2 0.62275521875 0.1188375515625 0.5662020921875001 0.1199207921875 0.5677716640625 0.1361480265625 0.6211470671875 0.139373209375 0.62275521875 0.1188375515625