2 0.4283003890625 0.58179815 0.450014884375 0.573007715625 0.41083400625 0.4881457046875 0.387713021875 0.4971338078125 0.4283003890625 0.58179815
2 0.4804520484375 0.6160657171875 0.49434341562500006 0.60263766875 0.48216958125 0.5670543953125 0.4612457640625 0.581470790625 0.4804520484375 0.6160657171875
2 0.45134557500000005 0.6947463328125 0.46281929999999993 0.684526603125 0.446228325 0.6481298484375 0.42811748749999995 0.6621509046875 0.45134557500000005 0.6947463328125
2 0.59451045 0.723395759375 0.604600490625 0.7033305999999999 0.54884495625 0.6638308625 0.53414010625 0.6816760484375 0.59451045 0.723395759375
2 0.61849185625 0.6899025515625 0.6313948765624999 0.6694420531249999 0.602714146875 0.6490871078125 0.5902066828125 0.6723621359374999 0.61849185625 0.6899025515625
2 0.687698028125 0.7332490093749999 0.690031371875 0.6784140578125 0.671745453125 0.6809839765625 0.66862143125 0.7301929671875 0.687698028125 0.7332490093749999
2 0.7030108703125 0.801384084375 0.7019169703125 0.7527678843750001 0.68604869375 0.7521294828125 0.685933771875 0.8023498437500001 0.7030108703125 0.801384084375
2 0.8490958281250001 0.8712217062500001 0.8298050281249999 0.7849985984375001 0.79804566875 0.793764896875 0.8163253171875 0.882998653125 0.8490958281250001 0.8712217062500001
2 0.6380056515625 0.31601214375 0.6457962546875 0.358230959375 0.7034099687500001 0.3535373140625 0.6941099562499999 0.3056531203125 0.6380056515625 0.31601214375
2 0.6192953390625 0.235726971875 0.6368874328125 0.31245660625 0.6681822390625001 0.31053406093749997 0.6494719265625 0.23024889218750003 0.6192953390625 0.235726971875
2 0.4144848203125 0.47328990937500004 0.434792825 0.46469714531250006 0.4015053234375 0.350319884375 0.378779459375 0.36211941875 0.4144848203125 0.47328990937500004