2 0.448273853125 0.5030164640625 0.41866200625000005 0.500124225 0.4045881203125 0.55866876875 0.43886165625 0.5663931 0.448273853125 0.5030164640625
2 0.3039152421875 0.2083256125 0.2698503953125 0.2225770203125 0.27368309687500003 0.2749018796875 0.3134052703125 0.2708445078125 0.3039152421875 0.2083256125
2 0.0788275546875 0.2560608125 0.024690290625 0.2646172890625 0.031175851562500002 0.3009547609375 0.08439861875 0.2917884828125 0.0788275546875 0.2560608125
2 0.246281521875 0.7910678953125 0.1989703359375 0.7825221499999999 0.19497628281249998 0.8073937328125 0.24511597499999999 0.819254971875 0.246281521875 0.7910678953125
2 0.44009779531250004 0.8354275250000001 0.37504584531249996 0.8236013484375 0.35542499375 0.8600785343749999 0.4254938484375 0.8829767671875001 0.44009779531250004 0.8354275250000001
2 0.3015290953125 0.8888282390625 0.24724531718749998 0.8718470187499999 0.24063102656250002 0.9109265984375 0.2967061671875 0.9217037609375 0.3015290953125 0.8888282390625
2 0 0.8568392265625 0.037892646875000005 0.8664127953125 0.0389967703125 0.8385215671875 0.0029438453125 0.8307646140625 0 0.83991305625 0 0.8568392265625
2 0.9694731624999999 0.689080046875 0.996674209375 0.69489784375 0.9979591156250001 0.62128561875 0.97664699375 0.6179444140625 0.9694731624999999 0.689080046875
2 0.805749825 0.688003765625 0.786771465625 0.6876724984375 0.7778566640625 0.722553475 0.794718709375 0.729083128125 0.805749825 0.688003765625
2 0.7743689234375 0.6844868078124999 0.7613312734375 0.68366539375 0.7580863156250001 0.699642446875 0.7702499390625 0.7037131624999999 0.7743689234375 0.6844868078124999
2 0.37979775312499997 0.48341215625 0.3719399109375 0.45773985625 0.3539400625 0.4693024765625 0.361818628125 0.49378745625000003 0.37979775312499997 0.48341215625