2 0.1979660421875 0 0.199059696875 0.006628270312499999 0.21512522343749998 0.0026696593750000002 0.21439113437500001 0 0.1979660421875 0
2 0.170336175 0 0.1706946109375 0.004146646875 0.1845308203125 0.0053571578125 0.18361044843750002 0 0.170336175 0
2 0.23080296875 0.1542378265625 0.3011305234375 0.146683846875 0.30128381875 0.063253165625 0.2250473140625 0.07029331718750001 0.23080296875 0.1542378265625
2 0.2656064484375 0 0.265915559375 0.0047291671875 0.2839016953125 0.0024286328125 0.2838121453125 0 0.2656064484375 0
2 0.034483918749999995 0.08401653125 0.030273537499999996 0.1390794171875 0.058078185937500006 0.134359790625 0.054255490625 0.0827678 0.034483918749999995 0.08401653125
2 0.0641690296875 0.17363384375 0.0281446015625 0.1770383109375 0.031971653125 0.218200371875 0.067895465625 0.21270103749999997 0.0641690296875 0.17363384375
2 0.1193658828125 0.20289968125 0.125715471875 0.2392162796875 0.1792604984375 0.23972873749999998 0.175687753125 0.1988869375 0.1193658828125 0.20289968125
2 0.2713836671875 0.47308485312500004 0.2858759265625 0.470776653125 0.28012506875 0.420804021875 0.2677985375 0.4212156359375 0.2713836671875 0.47308485312500004
2 0.3021526078125 0.4072331453125 0.305988625 0.479092484375 0.319299459375 0.47668092343749996 0.316874115625 0.4091171296875 0.3021526078125 0.4072331453125
2 0.2971555328125 0.7638138953125 0.3548673765625 0.7575386843749999 0.349478759375 0.70342561875 0.295739678125 0.714220528125 0.2971555328125 0.7638138953125
2 0.8190140875 0.5567573875 0.8830780953125 0.5391175593749999 0.8790499609375001 0.489891665625 0.8049261484375 0.5075454015624999 0.8190140875 0.5567573875
2 0.6873855765625 0.9791456484375001 0.7254918546875 0.9723472078125001 0.7094761 0.903595975 0.67312965625 0.9117388468750001 0.6873855765625 0.9791456484375001
2 0.8359251140625 0.7173737265625 0.8565847968750001 0.712625015625 0.85044220625 0.673942453125 0.8258563484374999 0.6765611828125 0.8359251140625 0.7173737265625
2 0.8750707984374999 0.943712409375 0.8978361421875001 0.942128009375 0.90068245625 0.9095944703125 0.8736426265624999 0.9060383249999999 0.8750707984374999 0.943712409375
2 0.135588340625 0.9022607796875001 0.16963130312500002 0.9010670265625 0.1735124578125 0.85670523125 0.12395647968750001 0.8610103375 0.135588340625 0.9022607796875001
2 1 0.4374885796875 0.9808238499999999 0.44277003125 0.9888946031250001 0.47983323125000005 1 0.47425658750000005 1 0.4374885796875