2 0.3807248203125 0.9961395906250001 0.46984752343749997 0.9959701375 0.4738638375 0.9830368015625 0.3833433 0.9721507359375 0.3807248203125 0.9961395906250001
2 0.533847078125 0.7795108921875 0.53846604375 0.7493646640625 0.482548578125 0.73433839375 0.4698763171875 0.765468228125 0.533847078125 0.7795108921875
2 0.35630856093749996 0.43635740937499995 0.372338621875 0.36857399687500003 0.33528026875 0.3579585875 0.3173091984375 0.43024106250000005 0.35630856093749996 0.43635740937499995
2 0.0507436484375 0.3056434078125 0.006619159375 0.3017245359375 0.0053547609375 0.337932153125 0.044201028125 0.33988124218750004 0.0507436484375 0.3056434078125
2 0.09753761875 0.36076163125 0.128966475 0.3624532640625 0.1360895171875 0.3115943109375 0.10550625 0.302701240625 0.09753761875 0.36076163125
2 0.20385296875 0.463719078125 0.2436722046875 0.46332569843750004 0.24375435156249997 0.426947028125 0.2034600234375 0.4238873515625 0.20385296875 0.463719078125
2 0.2616515875 0.2036606140625 0.257254475 0.24451172968749998 0.29766704375 0.24414063125 0.3004795328125 0.20613438281250002 0.2616515875 0.2036606140625
2 0.2551035953125 0.204026065625 0.256285053125 0.1701935625 0.2252068171875 0.16696791875 0.2053626390625 0.19931695 0.2551035953125 0.204026065625
2 0.11003814999999999 0.223919221875 0.1864416984375 0.2307476390625 0.18810523437499999 0.21713646718750002 0.10699602500000001 0.2089555 0.11003814999999999 0.223919221875
2 0.009666103125 0.2144714703125 0.081107175 0.21875014531249998 0.0796443296875 0.2010945890625 0.010543165625 0.1978622734375 0.009666103125 0.2144714703125
2 0.15262768124999998 0 0.147246153125 0.026136340624999997 0.20610822343750002 0.041861114062499996 0.2148097359375 0.005301896875 0.1837620703125 0 0.15262768124999998 0
2 0.2327252078125 0 0.233347615625 0.01040509375 0.2627780234375 0.0182854375 0.2702966703125 0 0.2327252078125 0
2 0.517674821875 0.0176777125 0.503480265625 0.0498675640625 0.5436778624999999 0.0726655765625 0.5592250234375 0.0357685015625 0.517674821875 0.0176777125
2 0.6144284765625 0.08820983125000001 0.596748775 0.1351354671875 0.625922325 0.15041604375 0.648556403125 0.0977207359375 0.6144284765625 0.08820983125000001
2 0.56245425625 0.1814793390625 0.5487494796875 0.216656853125 0.5802949671875 0.232021821875 0.5911571859375 0.19317880781250002 0.56245425625 0.1814793390625
2 0.6853884234375001 0.2339094296875 0.7031847531250001 0.20065713281250003 0.6606141671875 0.1777152765625 0.646334596875 0.21233958125000002 0.6853884234375001 0.2339094296875
2 0.68550328125 0.4347779890625 0.6952616093749999 0.3935199796875 0.6508259484375001 0.38145403437500003 0.6426196359375 0.42080098125000004 0.68550328125 0.4347779890625
2 0.74807499375 0.20816741562500002 0.781421421875 0.2229996 0.8105075296875001 0.1556736765625 0.772476215625 0.13889399375 0.74807499375 0.20816741562500002
2 0.1592372421875 0.159079559375 0.1603687359375 0.19477516718750001 0.19056937499999999 0.1976121328125 0.19242923437499998 0.1613658984375 0.1592372421875 0.159079559375
2 0.3883723609375 0.8451504453125 0.46146429062500005 0.8447323109375 0.46077499531250005 0.8304448640625001 0.3877675125 0.8284895000000001 0.3883723609375 0.8451504453125
2 0.7366713140625001 0.9090151203125 0.7434342796875 0.8854805578124999 0.7263504015625 0.881317740625 0.716661884375 0.9035634796875 0.7366713140625001 0.9090151203125
2 0.7091397609375 0.9318244281249999 0.7309914640625 0.93555963125 0.73567620625 0.9119915796875 0.7189111078125 0.9072066968750001 0.7091397609375 0.9318244281249999
2 0.9491579703124999 0.9829946140624999 0.9819016484375 0.9912689546875001 0.9824086171875 0.9767512421875001 0.94910350625 0.9675411125 0.9491579703124999 0.9829946140624999
2 0.9432396984375 0.3528542046875 0.856496025 0.3189234109375 0.8477932078125001 0.32991075625 0.9301360109375001 0.370818775 0.9432396984375 0.3528542046875
2 0.20898143125000002 0.5720562421875 0.21509654218750002 0.5330474578125 0.17429629375 0.5274623328125 0.17176379375 0.566002115625 0.20898143125000002 0.5720562421875
2 0.3952200890625 0.632043984375 0.4011709359375 0.5977839203124999 0.3689394828125 0.59351114375 0.36516611875 0.62505179375 0.3952200890625 0.632043984375
2 0 0.9035638125000001 0.025572415625 0.9073611828124999 0.029122160937500002 0.839736059375 0 0.83639265 0 0.9035638125000001
2 0.7769153265625001 0.2329452734375 0.7674134140625 0.24984739375 0.8336505171875 0.27554969375 0.8412552968749999 0.26193492812499997 0.7769153265625001 0.2329452734375
2 0.749660909375 0.230805303125 0.764840290625 0.23846628593750002 0.773913328125 0.2253389953125 0.7566234953125 0.218567403125 0.749660909375 0.230805303125
2 0.8417389921874999 0.690425334375 0.8464316343749999 0.675137603125 0.8310864796875 0.672223728125 0.8238340140625 0.684256075 0.8417389921874999 0.690425334375
2 0.82057044375 0.7182113 0.8389654796875 0.71885366875 0.8419385625 0.7017235546875 0.8217633609374999 0.701019021875 0.82057044375 0.7182113
2 0.51813191875 0.2767983890625 0.5296366703125 0.21955565156249998 0.49025515000000003 0.2074144875 0.47586394531250004 0.2622487703125 0.51813191875 0.2767983890625