2 0.20956718593749998 0.8984325609375 0.1730645375 0.9035235187499999 0.17818255 0.9381738500000001 0.21555256093750003 0.9351446296875 0.20956718593749998 0.8984325609375
2 0 0.2089461796875 0.0307126375 0.2144763953125 0.042677862500000004 0.151320453125 0.006934928125000001 0.145412103125 0 0.18577289531250002 0 0.2089461796875
2 0.9094201359375 0 0.9087866046874999 0.018026659375 0.9647512984375 0.025363556250000002 0.9643085765625001 0 0.9094201359375 0
2 0.857402671875 0.20212490781249998 0.8228110453124999 0.19708722343750001 0.824100546875 0.236852025 0.8585820625 0.238625509375 0.857402671875 0.20212490781249998
2 0.9186534109375 0.59833659375 0.8821343109375 0.601052478125 0.8856741015624999 0.633651915625 0.9206783296875001 0.63126095625 0.9186534109375 0.59833659375
2 0.1591631453125 0.8725879828125 0.19682622656249998 0.8832151015624999 0.205529975 0.8373359015625 0.167942353125 0.8278982718749999 0.1591631453125 0.8725879828125
2 0.1293306453125 0.5215536046875 0.0765983296875 0.5310847375 0.0824441453125 0.59185290625 0.13882475156250002 0.5890856953125 0.1293306453125 0.5215536046875
2 0.8573728578124999 0.033176259375 0.856115475 0.0774393203125 0.8777454875 0.0773586875 0.8733752656249999 0.031115415624999997 0.8573728578124999 0.033176259375
2 0.9143072625 0.028025582812499998 0.9183269718749999 0.069228890625 0.9304724906249999 0.06931380937500001 0.9321336859375 0.028309825 0.9143072625 0.028025582812499998
2 0.8563587703125 0.34644635625000003 0.8146919171875 0.34450137187499996 0.8158881546875 0.37892323906250003 0.855745284375 0.382385975 0.8563587703125 0.34644635625000003
2 0.7998749171874999 0.7206641312500001 0.8073753781249999 0.755272878125 0.858494034375 0.743988390625 0.8472247453125 0.71093003125 0.7998749171874999 0.7206641312500001
2 0.11709698906249999 0.2996692546875 0.11604232343750001 0.236740578125 0.06604843593750001 0.23108097968750002 0.07194949687499999 0.29689426406249997 0.11709698906249999 0.2996692546875