2 0.5082539515625 0.746538809375 0.55801986875 0.7391378984375 0.5553270015625 0.68692694375 0.505947775 0.6910549828125 0.5082539515625 0.746538809375
2 0.2572060921875 0.9290745625 0.27677365 0.7909604640625 0.22163794218750002 0.784202934375 0.20184542031250002 0.9223209625000001 0.2572060921875 0.9290745625
2 0.0126274890625 0.3252479578125 0.045194849999999995 0.31933336562500003 0.044137889062500005 0.2587800890625 0.013058190624999999 0.2658548328125 0.0126274890625 0.3252479578125
2 0.6118108046875 0.043402528125 0.6099395421875 0.0042401578125 0.5299394265624999 0.0151380140625 0.53290471875 0.048935159374999995 0.6118108046875 0.043402528125
2 0.03700233125 0.02017921875 0.021103546875 0.028176659375000003 0.027412775 0.1186272 0.04166125625 0.116893890625 0.03700233125 0.02017921875
2 0.6547438046875 0.49516111250000006 0.6580510562499999 0.5485490234375 0.6918057656250001 0.5426152671875 0.686757421875 0.49163310937500004 0.6547438046875 0.49516111250000006
2 0.5154447953125 0.6139853125 0.569606225 0.6201660062500001 0.5683804875 0.5839646968750001 0.520229753125 0.58183596875 0.5154447953125 0.6139853125
2 0.6832860015625 0.292755590625 0.71644705 0.2868321984375 0.7123239625 0.254836784375 0.6801326640625 0.2595555671875 0.6832860015625 0.292755590625
2 0.24589030625000002 0.2807936265625 0.2874159640625 0.2776934328125 0.2825645046875 0.23799080468749997 0.2442294828125 0.24133222812500002 0.24589030625000002 0.2807936265625
2 0.43017349375 0.0507283390625 0.4804517328125 0.0385677609375 0.4793295921875 0.008301484375 0.42994164531249995 0.0109450765625 0.43017349375 0.0507283390625
2 0.7935329296875 0.9937054625 0.8487573312500001 0.9927415171874999 0.8415991828125 0.8208887062500001 0.7834878484375001 0.8266553312499999 0.7935329296875 0.9937054625
2 0.9172067234375 0.8985513140625001 0.95041958125 0.8955962203125001 0.94927969375 0.8302921062499999 0.9075154281250001 0.8345841453125 0.9172067234375 0.8985513140625001
2 0.1384667296875 0.7624949171875001 0.21972670156250002 0.7557319546875 0.22602475156250001 0.7081147875 0.145577809375 0.7133789562499999 0.1384667296875 0.7624949171875001