2 0.8509648671875001 0.471427803125 0.8857493249999999 0.4749492234375 0.8950717703125 0.42445442031249997 0.8614130109374999 0.414783321875 0.8509648671875001 0.471427803125
2 1 0.8676872640625 0.888313221875 0.7900998312499999 0.868784415625 0.821187884375 0.99204334375 0.903538596875 1 0.8909796296874999 1 0.8676872640625
2 0.0319060265625 0.1979817609375 0.04350039375 0.23250845937500003 0.0790596359375 0.222525246875 0.066346765625 0.18273642031249998 0.0319060265625 0.1979817609375
2 0.0676027703125 0.320169140625 0.0608196515625 0.2882570765625 0.02737785 0.29105235 0.035038096875 0.32709097656249997 0.0676027703125 0.320169140625
2 0.518174321875 0.8787319218749999 0.549980078125 0.8968350421875 0.55678221875 0.8802282124999999 0.5247143750000001 0.8637478546875 0.518174321875 0.8787319218749999
2 0.508446509375 0.90445084375 0.5378026625000001 0.9224676281249999 0.5450982671875 0.90818236875 0.5157508859375 0.89020685 0.508446509375 0.90445084375
2 0.6804099156250001 0.924295353125 0.6270555375 0.9077422531250001 0.6204638296875 0.922483309375 0.6702778031250001 0.945248884375 0.6804099156250001 0.924295353125
2 0.1293970515625 0.902546159375 0.12990712499999998 0.9363970187499999 0.167564228125 0.9362759593750001 0.162256778125 0.8998682203125 0.1293970515625 0.902546159375
2 0.15972885 0.22175189843749998 0.21453267812500001 0.20221978125 0.204213975 0.18798854843749999 0.15701560312500001 0.20898707343749998 0.15972885 0.22175189843749998
2 0.204668671875 0.052877448437499995 0.20847474843749997 0.062208782812499995 0.27996431093749996 0.0639936453125 0.27881073125 0.037118065625 0.204668671875 0.052877448437499995
2 0.9519518171874999 0.22740360937499998 0.94862198125 0.21173796562499997 0.902974584375 0.22144061874999998 0.9070748359374999 0.2350192296875 0.9519518171874999 0.22740360937499998