2 0.2218738921875 0.925760265625 0.20696832031249998 0.877288234375 0.159265071875 0.8937734484375 0.1720135859375 0.9428875812499999 0.2218738921875 0.925760265625
2 0.2409327828125 0.843831775 0.23020563749999998 0.803886971875 0.1753240546875 0.82618650625 0.181139409375 0.8560611578125 0.2409327828125 0.843831775
2 0.2780163453125 0.72389635625 0.27307926875 0.6913457234375 0.238179315625 0.6996211437500001 0.2418190359375 0.7274744953125001 0.2780163453125 0.72389635625
2 0.3759946234375 0.5528665796875 0.372633459375 0.5166826484375 0.3171583703125 0.5275732703125 0.3215765625 0.5650607703125 0.3759946234375 0.5528665796875
2 0.89806558125 0.8967765171875 0.8349834203125001 0.8863190984375 0.8242289296875001 0.9403738765625 0.884862415625 0.9485377765624999 0.89806558125 0.8967765171875
2 0.774827225 0.7599937265625 0.777986478125 0.7270953015625 0.7244996359375 0.7190839546875 0.718630790625 0.7578814687500001 0.774827225 0.7599937265625
2 0.81767434375 0.48867207968750004 0.82531253125 0.43586558281250004 0.7573721171875001 0.41200346874999993 0.7430515734375 0.4630502671875 0.81767434375 0.48867207968750004
2 0.6641674578125001 0.5262697046875 0.6639927171875 0.5108764890625 0.5952148421875 0.500662540625 0.590710434375 0.5151177640625 0.6641674578125001 0.5262697046875
2 0.82491985625 0.2692084484375 0.7916626375 0.256159075 0.7772150546875001 0.2856934953125 0.8059646921875 0.3018527984375 0.82491985625 0.2692084484375
2 0.73234745 0.3604034484375 0.69744303125 0.345985334375 0.691541065625 0.35671154375 0.72638186875 0.37171999375000003 0.73234745 0.3604034484375
2 0.6739903875000001 0.441331178125 0.6812946921874999 0.4314782109375 0.65276316875 0.4189239578125 0.64443404375 0.4299920828125 0.6739903875000001 0.441331178125
2 0.625545803125 0.9789342609375 0.6416034296875 0.882958853125 0.5351882203125 0.8729682046875 0.52662414375 0.965825446875 0.625545803125 0.9789342609375
2 0.2958083859375 0.324565428125 0.29207880468749997 0.28904662812500004 0.23520615937499997 0.296208240625 0.23993450625 0.33074480624999997 0.2958083859375 0.324565428125
2 0.33170856249999997 0.32665446249999996 0.2689309421875 0.333195434375 0.27188779687500003 0.3675458078125 0.3321473765625 0.3565610375 0.33170856249999997 0.32665446249999996
2 0.143179221875 0.3112100484375 0.133855715625 0.27779146718750003 0.0819872265625 0.2884641390625 0.08500614375 0.3222240171875 0.143179221875 0.3112100484375
2 0.3118208390625 0.17221710625 0.30523700468750004 0.1411336296875 0.2540210765625 0.151277865625 0.2523464875 0.1785710875 0.3118208390625 0.17221710625
2 0.10753013593750001 0.0880565609375 0.1037139703125 0.0703874296875 0.0423854671875 0.0824538953125 0.0408956109375 0.096628940625 0.10753013593750001 0.0880565609375
2 0.08688515937499999 0.139618534375 0.08289795625 0.12075152812500001 0.039420721874999995 0.131110540625 0.0352461734375 0.15037974062499998 0.08688515937499999 0.139618534375
2 0.0502345859375 0.0077745203125 0.0485936421875 0.023387065625 0.101935196875 0.0134678109375 0.101460475 0.00688036875 0.0502345859375 0.0077745203125
2 0 0.504363446875 0.00045456718749999997 0.53040555 0.0254541890625 0.51960541875 0.0097214296875 0.4648028703125 0.0006670125 0.4793784609375 0 0.4861590890625 0 0.504363446875
2 0.3578504953125 0.8845290718750001 0.356671725 0.8673429609375001 0.3246923359375 0.8705521578125 0.3230162875 0.8864986953124999 0.3578504953125 0.8845290718750001
2 0.3552712578125 0.8409205765625 0.31608038125000004 0.8445642875000001 0.3162997890625 0.8595175749999999 0.3543717328125 0.8551592375 0.3552712578125 0.8409205765625