2 0.16689268125 0.24248879375 0.185453553125 0.27810425 0.2512370671875 0.244256409375 0.235512465625 0.21089860625 0.16689268125 0.24248879375
2 0.43060868281250003 0.38777336562500003 0.450039546875 0.4358303125 0.49575434375 0.417153728125 0.47442231250000005 0.3674441234375 0.43060868281250003 0.38777336562500003
2 0.5679602703125 0.334706684375 0.5728399015625001 0.353418128125 0.6412955703125001 0.3194586171875 0.63484466875 0.3038346125 0.5679602703125 0.334706684375
2 0.5525268046875 0.3012564734375 0.5583009 0.31573583906249997 0.6078320359375 0.29203079062500004 0.597236459375 0.27669504218749996 0.5525268046875 0.3012564734375
2 0.5536961328125 0.2839092109375 0.57151889375 0.274922190625 0.5643390921875 0.2658979203125 0.5474523203125 0.271246725 0.5536961328125 0.2839092109375
2 0.6933636937500001 0.7831795671874999 0.6739863890625 0.8125167843750001 0.718398325 0.83476828125 0.7405867015625 0.8030949062499999 0.6933636937500001 0.7831795671874999
2 0.647740725 0.8542398499999999 0.6350292609375 0.86822781875 0.68328084375 0.8943631234374999 0.69351838125 0.8790209890625 0.647740725 0.8542398499999999
2 0.8778339000000001 0.8506540640625 0.8556730937499999 0.8742323593749999 0.8771333968749999 0.8959852296875 0.900619128125 0.8615630984375 0.8778339000000001 0.8506540640625
2 0.9271102578124999 0.7977926390625 0.9021752484375 0.7816755703125 0.8789019937500001 0.8148579859374999 0.9104723015625 0.836513190625 0.9271102578124999 0.7977926390625
2 1 0.72716874375 0.990709428125 0.7284513359375 0.9930294859375 0.76162969375 1 0.761238690625 1 0.72716874375
2 0.8357316015625 0.6571273640624999 0.8292499390625 0.692111596875 0.886007640625 0.6909119578125 0.889025028125 0.6617350890625 0.8357316015625 0.6571273640624999
2 0.29383455468749997 0.13418558125 0.304460765625 0.1584487515625 0.3512678375 0.1426247953125 0.3400588203125 0.11428297031250001 0.29383455468749997 0.13418558125
2 0.41564221718749994 0.0375548828125 0.4238269453125 0.05246088125 0.466792121875 0.03276580625 0.4619493171875 0.0188368796875 0.41564221718749994 0.0375548828125
2 0.585624090625 0 0.5884460515625001 0.040355957812499996 0.6532885265624999 0.031331103124999996 0.650651246875 0 0.585624090625 0
2 0.7391285953125 0.271537709375 0.751973409375 0.31052730156249997 0.8048843796874999 0.28410799999999997 0.7936036921875 0.2504629453125 0.7391285953125 0.271537709375
2 0.7312502125 0.50785355625 0.7376872125 0.5318128984375 0.8139298296874999 0.515605 0.8060707234375 0.48833209999999994 0.7312502125 0.50785355625
2 0.402301109375 0.30640291249999996 0.44954419999999995 0.2840466921875 0.4191081828125 0.24033206406250002 0.3837053875 0.261777315625 0.402301109375 0.30640291249999996
2 0.97317429375 0.2509408453125 0.9413726812500001 0.2442086140625 0.9364501046875 0.258930046875 0.9759290578125001 0.27337659687500004 0.97317429375 0.2509408453125