2 0.4242325046875 0.9328836218750001 0.4626888921875 0.8960301859375001 0.4217905453125 0.8585342656250001 0.38501436875 0.894098053125 0.4242325046875 0.9328836218750001
2 0.371082125 0.984698590625 0.40381567656249995 0.9608344765625001 0.3650115640625 0.9212361203125001 0.3378702484375 0.9479720953124999 0.371082125 0.984698590625
2 0.1513523328125 0.647511634375 0.19018106875000002 0.6037537625 0.1622382515625 0.5764649265624999 0.11908699062500001 0.614727109375 0.1513523328125 0.647511634375
2 0.31095917812499996 0.6573658265625 0.3861340609375 0.5917584109375 0.34042760625 0.5458000390625 0.26693751718750003 0.607952053125 0.31095917812499996 0.6573658265625
2 0.2742720796875 0.592027221875 0.31256540781250003 0.552067740625 0.28749000156250004 0.5299738421875 0.248372125 0.5694008859374999 0.2742720796875 0.592027221875
2 0.2026926984375 0.67898026875 0.2293458390625 0.6535847109375 0.19830830156249998 0.6312508921875 0.1717449890625 0.6538741625 0.2026926984375 0.67898026875
2 0.552754803125 0.464225140625 0.5068524875 0.4410029640625 0.48761267343750003 0.47124460937499996 0.5314932046874999 0.4917874578125 0.552754803125 0.464225140625
2 0.581028128125 0.41236943281249994 0.6069765390625 0.385588878125 0.5556072421875 0.358603596875 0.5366153296875 0.3870813265625 0.581028128125 0.41236943281249994
2 0.8476721328125001 0.6205141328125 0.8626454906250001 0.5886441125 0.830955734375 0.5752060984375 0.8193697390624999 0.6107157796875 0.8476721328125001 0.6205141328125
2 0.8551970593749999 0.29819650000000003 0.878929503125 0.27226265625 0.856701353125 0.2469745578125 0.8298061750000001 0.2719479484375 0.8551970593749999 0.29819650000000003
2 0.2003978875 0.9064890562500001 0.1744662390625 0.9310172124999999 0.21086328124999998 0.9642782703125 0.24350344062499998 0.9538774953125 0.2003978875 0.9064890562500001
2 0.2518146921875 0.8136807515625 0.23105234062500002 0.8419569984375 0.267068015625 0.8715322343749999 0.295477878125 0.8485688953125001 0.2518146921875 0.8136807515625
2 0.7490191796875 0.45214732343749997 0.7422702328125 0.46390529062499997 0.7629520296875001 0.4745986453125 0.7699873171875 0.4672026640625 0.7490191796875 0.45214732343749997
2 0.75390788125 0.49415526718749997 0.7615485546875 0.48458487968749997 0.7418776515625 0.4752311890625 0.7361007234375 0.4822060125 0.75390788125 0.49415526718749997
2 0.7451498562500001 0.5180754234375 0.7526144234375 0.5054918296875 0.7291578203125 0.493210909375 0.7232982578125 0.5007737031249999 0.7451498562500001 0.5180754234375
2 0.7356182203125 0.5347013031250001 0.7435048390625 0.523380928125 0.7232459640625 0.513944603125 0.7156224859375 0.5212594953125 0.7356182203125 0.5347013031250001