2 0.5090900625 0.1073372015625 0.57737931875 0.11632027656249999 0.5765223015625 0.0623998546875 0.5066934140625 0.058635231249999996 0.5090900625 0.1073372015625
2 0.804536234375 0.1956088078125 0.8058941609374999 0.14557321406249998 0.734658090625 0.136229890625 0.7350056265625 0.1918508984375 0.804536234375 0.1956088078125
2 0.7394357640625 0.29219971875 0.7380449796875 0.3278868546875 0.7834951171875 0.33287079531249997 0.78519645 0.2995264671875 0.7394357640625 0.29219971875
2 0.7722117515625 0.4539985671875 0.7741290078125 0.487103984375 0.8071311671875 0.49115614062499996 0.8086569328125 0.45924170000000003 0.7722117515625 0.4539985671875
2 0.4945833515625 0.1718926515625 0.4944103359375 0.19278983125 0.5305038375 0.1960251375 0.533323209375 0.1730632015625 0.4945833515625 0.1718926515625
2 0.1065847421875 0.028631859375000002 0.1036725296875 0.04261870625 0.15545934687500002 0.0495739609375 0.15830211249999998 0.036178371875 0.1065847421875 0.028631859375000002
2 0.0770005953125 0.0698225515625 0.1455791015625 0.07644987812500001 0.1524327203125 0.0596206203125 0.07939720156249999 0.0551757609375 0.0770005953125 0.0698225515625
2 0.11081873906249999 0.4277714171875 0.1097264796875 0.4658864703125 0.14862343281249998 0.470662415625 0.15707305 0.43838595625 0.11081873906249999 0.4277714171875
2 0.1829597515625 0.25435180156250004 0.1241608375 0.241156409375 0.1132718984375 0.3103388078125 0.1736846 0.320147815625 0.1829597515625 0.25435180156250004
2 0.05218785625 0.2962662015625 0.11016954062499999 0.3063733546875 0.1243790578125 0.2515463875 0.062519159375 0.241356609375 0.05218785625 0.2962662015625
2 0.290102046875 0.1856313046875 0.29357038593749996 0.220720225 0.3407886875 0.22591969375 0.34429207968750003 0.19251484375 0.290102046875 0.1856313046875
2 0.9130019375 0.1892031421875 0.913768840625 0.2024453109375 0.9497064140625 0.20207851406250002 0.9488657921874999 0.1894239296875 0.9130019375 0.1892031421875