2 0.2551296140625 0.9300275015624999 0.24778945000000002 0.9694679046875001 0.2918455484375 0.9756595859375 0.3013962890625 0.9503203171875001 0.2551296140625 0.9300275015624999
2 0.7018310109375 0.08802702968750001 0.73883725 0.1052211984375 0.7704883890625001 0.0377176828125 0.7339445125 0.029224098437500002 0.7018310109375 0.08802702968750001
2 0.4742865421875 0.2401219515625 0.4889785671875 0.20920959843750003 0.4536289703125 0.1910506640625 0.43808873593750003 0.22064463750000002 0.4742865421875 0.2401219515625
2 0.5387983578125 0.27976733593750003 0.558990971875 0.2415336421875 0.5320729125 0.23385325156249998 0.5156061843749999 0.261518259375 0.5387983578125 0.27976733593750003
2 0.43239170312499997 0.184466871875 0.4013059796875 0.16271166875 0.38351710781250004 0.199784221875 0.4172724078125 0.21532075312500001 0.43239170312499997 0.184466871875
2 0.116104915625 0.6892403671875 0.1372011765625 0.703597371875 0.1711277875 0.6412119125 0.1519721265625 0.6283268125 0.116104915625 0.6892403671875
2 0.8675158765625 1 0.8463633359375 0.9597553281250001 0.8311072984375001 0.9660070015625 0.8485691093750001 1 0.8675158765625 1
2 0.817479209375 0.9461025671875 0.8648132796875 0.9179790015625 0.85425008125 0.8823180875000001 0.8044667296875 0.9041015796874999 0.817479209375 0.9461025671875
2 0.380008521875 0.9535739390625 0.37173232968750003 0.986886940625 0.385241753125 0.9887855671875 0.401237015625 0.961354090625 0.380008521875 0.9535739390625
2 0.37026893437499997 0.9516055437500001 0.3526385265625 0.9437314859375 0.34248555 0.981877196875 0.3582213609375 0.9849880984375 0.37026893437499997 0.9516055437500001
2 0.340058859375 0.94286290625 0.3230945390625 0.9365814234375 0.318865940625 0.9794570546875001 0.3327472171875 0.9787098078125 0.340058859375 0.94286290625
2 0.41294165625 0.7405514109375 0.453214665625 0.732121165625 0.42631736093750006 0.6794748078125 0.3951384296875 0.692479284375 0.41294165625 0.7405514109375
2 0.8966512390625001 0.9068643203125 0.8869817546875 0.8497439468750001 0.8551875828125001 0.85007225 0.8560665546875 0.9077559515625 0.8966512390625001 0.9068643203125
2 0.5735076015625 0.5058938890625 0.5890572 0.48139770625 0.556219028125 0.4626923515625 0.5446167 0.4898418359375 0.5735076015625 0.5058938890625
2 0.502548534375 0.3927910234375 0.58577269375 0.43566584375 0.6388198546875 0.33099871875 0.5492248171874999 0.290826040625 0.502548534375 0.3927910234375
2 0.41526569999999996 0.336154921875 0.3936531046875 0.310932821875 0.366189465625 0.3358531453125 0.3893180734375 0.3630870640625 0.41526569999999996 0.336154921875
2 0.5199446421875 0.9987230468750001 0.5210586609375001 0.9686005625 0.47970095781250005 0.9687839671875 0.4851248015625 0.9941292296875 0.5199446421875 0.9987230468750001