2 0.3121359375 0.5520562499999999 0.30887031249999997 0.5026125 0.2533546875 0.50395 0.2598859375 0.5538375 0.3121359375 0.5520562499999999
2 0.2206984375 0.21672031249999998 0.082946875 0.1945203125 0.075228125 0.24975468906249998 0.2129796875 0.2717296890625 0.2206984375 0.21672031249999998
2 0.68373080625 0.018804393750000002 0.6885765625 0.0484171875 0.7491390625000001 0.0484171875 0.7445018421875 0.0262661390625 0.68373080625 0.018804393750000002
2 0.9545765625 0.6197625015625 0.9891786671875 0.6187139937499999 0.9915213859374999 0.5996340734375 0.9842656249999999 0.5383968734375 0.9504218734375 0.5407718734375 0.9545765625 0.6197625015625
2 0.45404375 0.6910328140625001 0.50510625 0.6868749984375 0.5021375 0.6548046875 0.4487 0.6571796875 0.45404375 0.6910328140625001
2 0.4148546875 0.5669046859375 0.41782343749999995 0.5187984375 0.3857625 0.5134531250000001 0.3786375 0.5674984375000001 0.4148546875 0.5669046859375
2 0.7414203109375 0.7165703125 0.7372640625 0.6843015625 0.7040140625 0.686875 0.7093578125 0.720134375 0.7414203109375 0.7165703125
2 0.7657640625 0.28717031406250004 0.7630921875000001 0.2487828125 0.7236078125 0.2497546875 0.7259828125000001 0.29132812656249996 0.7657640625 0.28717031406250004
2 0.9919843765625 0.48791406249999997 0.9902031250000001 0.43848750000000003 0.9504218734375 0.438025 0.9617031265625 0.48850781249999997 0.9919843765625 0.48791406249999997
2 0.1731984375 0.8359468734375 0.1684468734375 0.77774375 0.0012468750000000002 0.784871875 0.0012468734375 0.8401046875 0.1731984375 0.8359468734375
2 0.1619171875 0.943446875 0.1583546890625 0.9016140640625 0.094228125 0.9101874999999999 0.096603125 0.9434468734375001 0.1619171875 0.943446875
2 0.2966984375 0.22243437500000002 0.2928390625 0.1419078125 0.2438546875 0.1339406234375 0.24919843749999998 0.21530624999999998 0.2966984375 0.22243437500000002