2 0.2035449328125 0.21005019531250002 0.245470246875 0.21445672187499998 0.2470221671875 0.1996911796875 0.2060039578125 0.19231947656249998 0.2035449328125 0.21005019531250002
2 0.198946440625 0.23106589843749997 0.197427834375 0.251209696875 0.24584861875000003 0.256298928125 0.2419922375 0.23618721250000002 0.198946440625 0.23106589843749997
2 0.9744869406250001 0.7479274375 0.98486804375 0.658246275 0.9403071234375 0.6527866078125 0.9254438984375 0.73739805 0.9744869406250001 0.7479274375
2 0.9717067671875 0.783467459375 0.9731818171875 0.7489843046875 0.905590046875 0.73600575625 0.8992181265625 0.7710692906250001 0.9717067671875 0.783467459375
2 0.8892504734375001 0.8375038218749999 0.9643814453124999 0.8531632437500001 0.9692857874999999 0.8065015203125 0.892078921875 0.7963773062499999 0.8892504734375001 0.8375038218749999
2 0.9553175203125001 0.9394007234374999 0.9644615906249999 0.8489925234375001 0.9130883203125 0.843592975 0.90017109375 0.9324105609375 0.9553175203125001 0.9394007234374999
2 0.8830640656250001 1 0.8841987187499999 0.9593966359375001 0.823751425 0.9494612468750001 0.8224678484375 1 0.8830640656250001 1
2 0.43772705 0.259744875 0.446056009375 0.24867830156249998 0.3422736515625 0.2164928390625 0.33731083281249996 0.232469415625 0.43772705 0.259744875
2 0.5968480421875 0.2454162421875 0.6019429484375001 0.23102308124999998 0.4956460265625 0.2227620859375 0.49285844062499995 0.2350835140625 0.5968480421875 0.2454162421875
2 0.541250378125 0.25748801875 0.4921768703125 0.2529287796875 0.49174387968750005 0.26840894375 0.5431171515625 0.27380849375 0.541250378125 0.25748801875
2 1 0.2697209 0.9710606937499999 0.2664614625 0.9714747406249999 0.28240301093750003 1 0.284732065625 1 0.2697209
2 1 0.2987224703125 0.9653312984375001 0.29541179687499997 0.96899299375 0.317375809375 1 0.3172322296875 1 0.2987224703125