2 0.62075865 0.499084171875 0.6165861031250001 0.575947875 0.6516619640625 0.576580203125 0.65781466875 0.5026029875 0.62075865 0.499084171875
2 0.6473351093749999 0.42791675937500007 0.6454315359375 0.46537001718750004 0.7208663843750001 0.46859837187500003 0.7262891109375 0.43258286874999996 0.6473351093749999 0.42791675937500007
2 0.7806858109375 0.424986034375 0.8547859265625 0.432320309375 0.85704531875 0.4187487046875 0.7830265296875 0.40904082343750003 0.7806858109375 0.424986034375
2 0.8000338265625 0.8845115140625 0.7897489656250001 0.9149695687499999 0.8431934015625 0.9346420500000001 0.8544528124999999 0.9017962374999999 0.8000338265625 0.8845115140625
2 0.22529511875 0.708680684375 0.2209101 0.7490960203125 0.3017538515625 0.750730921875 0.3089360765625 0.7153694109375001 0.22529511875 0.708680684375
2 0.1584850390625 0.9694923015624999 0.19472857187499998 0.9707579531249999 0.20307846562499998 0.9360297671875 0.1626987578125 0.9340271281250001 0.1584850390625 0.9694923015624999
2 0.26164381406250004 0.4598414 0.2530371828125 0.5104281 0.2862883703125 0.5121833687499999 0.29403109375 0.46081604374999996 0.26164381406250004 0.4598414
2 0.200061459375 0.2814585421875 0.19506136093749998 0.3309360546875 0.2294181078125 0.335103253125 0.236440096875 0.2872723046875 0.200061459375 0.2814585421875
2 0.06913000625 0.25768868125 0.0082933 0.25378344531249997 0.0070719265625 0.288759 0.0678050796875 0.29562961875 0.06913000625 0.25768868125
2 0 0.5087275265625 0.0005505062500000001 0.5244919546875 0.0327876921875 0.5318201593749999 0.0398610546875 0.44853659375 0.0036659796875 0.4459280671875 0 0.5054804671875 0 0.5087275265625
2 0.2121120859375 0.08962630625 0.2074259 0.1301593265625 0.2555305859375 0.13243172812499998 0.2562620703125 0.09447163125 0.2121120859375 0.08962630625
2 0.3042590421875 0.2190100671875 0.3459735359375 0.2169052265625 0.34823000625 0.1522883625 0.311434475 0.1498167734375 0.3042590421875 0.2190100671875
2 0.016576740625 0.016576740625 0.0152697078125 0.05400521874999999 0.05886707812500001 0.0575726671875 0.0617743078125 0.014998406249999999 0.016576740625 0.016576740625
2 0.43916246875000003 0.06940199375 0.48124268593749997 0.073837334375 0.4824433375 0.0394551671875 0.44564936718750003 0.0369836328125 0.43916246875000003 0.06940199375
2 0.6945649765625 0.795906415625 0.6269172171874999 0.7911692203125 0.626337559375 0.8077684765625 0.691139528125 0.8088431875 0.6945649765625 0.795906415625