2 0.573836959375 0.5807058078125 0.6034917765625 0.5891352828125 0.6405112125 0.45496096250000007 0.6104267109375 0.4479592890625 0.573836959375 0.5807058078125
2 0.823826875 0.24383424374999998 0.8330349203124999 0.1948022375 0.790857415625 0.176124896875 0.7794135796874999 0.22710813281250003 0.823826875 0.24383424374999998
2 0.7999772765625 0.10795318125 0.8251056234374999 0.11784539062499999 0.83760990625 0.061865634375 0.8132112359375 0.0566795375 0.7999772765625 0.10795318125
2 0.8562008234375 0.06581725468750001 0.8334732171875 0.12599763125000002 0.87055581875 0.13539731875 0.886989546875 0.0723616015625 0.8562008234375 0.06581725468750001
2 0.93580205 0.37689795312499996 0.9510157484375 0.32246532656250004 0.91790239375 0.315426865625 0.9036762765624999 0.3652132921875 0.93580205 0.37689795312499996
2 0.828076896875 0.8496309859375 0.8654011125000001 0.8566539703125 0.8795751781250001 0.8013933484375 0.8464113031249999 0.788881015625 0.828076896875 0.8496309859375
2 0.735708196875 1 0.7447847921874999 0.958489271875 0.7112344859374999 0.9495384874999999 0.699113621875 1 0.735708196875 1
2 0.251328025 0.5434172734375 0.28047074843750003 0.43488436874999997 0.265402471875 0.42864643437499994 0.2374733484375 0.5429004296875 0.251328025 0.5434172734375
2 0.411598378125 0.461542378125 0.42188420937500004 0.4637286984375 0.439281971875 0.4018691171875 0.42757795625000006 0.3969532921875 0.411598378125 0.461542378125
2 0.096379175 0.40971583593750005 0.110320834375 0.4126792265625 0.135468103125 0.3457896921875 0.12758790625 0.3228691890625 0.096379175 0.40971583593750005
2 0.271073525 0.13059199531250001 0.31420094375 0.14764860625 0.324643140625 0.092810375 0.29346880937500003 0.07950530781250001 0.271073525 0.13059199531250001
2 0.11144563125 0.17314589687499998 0.120052028125 0.135519284375 0.08241439218749999 0.1269121421875 0.07534141875 0.16304365 0.11144563125 0.17314589687499998
2 0.5190743140625 0.14931176875000002 0.51449996875 0.17019358906249998 0.5485503515625 0.18774887499999998 0.555463090625 0.1552269953125 0.5190743140625 0.14931176875000002
2 0.642074434375 0.1654405078125 0.6715632296875 0.17747678281249998 0.6812931828125001 0.1431240640625 0.6529513312499999 0.1364912046875 0.642074434375 0.1654405078125
2 0.573254365625 0.7599564234375 0.550629165625 0.8398258421874999 0.6207238578125 0.842281128125 0.6369980609375 0.7771476515625 0.573254365625 0.7599564234375