2 0.48668728906250003 0.710752634375 0.42235928749999996 0.6693980890625 0.3753288609375 0.764126775 0.43464522343749995 0.8014698906250001 0.48668728906250003 0.710752634375
2 0.2335452015625 0.9336552484375 0.2685183265625 0.8881614890625 0.228487040625 0.862032478125 0.1888100421875 0.906791596875 0.2335452015625 0.9336552484375
2 0.150920553125 0.82552538125 0.1689031265625 0.7937028203125001 0.1445030515625 0.7796587109375 0.12589607187500002 0.808399496875 0.150920553125 0.82552538125
2 0.321150271875 0.2082316390625 0.35114031875 0.16180628125000002 0.300615753125 0.13297274375 0.2684730234375 0.1801775109375 0.321150271875 0.2082316390625
2 0.41970311562499996 0.0457386890625 0.3887965078125 0.0311268984375 0.3470804171875 0.092380440625 0.379784296875 0.11369939531249999 0.41970311562499996 0.0457386890625
2 0.8675540156249999 0.9286609390624999 0.9641365687500001 0.9317513609375 0.9739591578125 0.8194786625000001 0.8875982046875001 0.8051488421874999 0.8675540156249999 0.9286609390624999
2 0.6180803578125 0.9461328015625 0.5713570578125 0.92835074375 0.5486324437500001 0.963281209375 0.5995995375 0.9802440828125001 0.6180803578125 0.9461328015625
2 0.717342065625 0.7482874171875 0.7310322265625 0.71783973125 0.698942775 0.7031228859375 0.6849127453125 0.734049021875 0.717342065625 0.7482874171875
2 0.951212346875 0.6196309796875 0.99029595625 0.6327481921875 0.9960346187500001 0.5671549984375 0.9886409859375 0.5665081390625 0.951212346875 0.6196309796875
2 0.508324246875 0.1228152046875 0.5356306796875 0.0695769046875 0.477135465625 0.036473053125 0.44010725937500006 0.08503688125 0.508324246875 0.1228152046875
2 0.2950201046875 0.5171375390625 0.26431866406250004 0.5001627625 0.230424396875 0.553762646875 0.265006109375 0.5740554234374999 0.2950201046875 0.5171375390625
2 1 0.1617283484375 0.9630792609375 0.15699069999999998 0.9517466593749999 0.191129784375 1 0.2017396640625 1 0.1617283484375
2 0.8170964484375001 0.810516825 0.851478228125 0.82967065625 0.8763899828125 0.7799777609375 0.8449420765625 0.76472259375 0.8170964484375001 0.810516825