2 0.5128578125 0.2033609375 0.5686859375 0.2122671875 0.5924421875 0.1243921875 0.5330515625000001 0.11726718750000001 0.5128578125 0.2033609375
2 0.03475625 0.5263625000000001 0.063859375 0.5453625 0.09474218749999999 0.5049875 0.063859375 0.4907375 0.03475625 0.5263625000000001
2 0.14403749999999998 0.5833625 0.18620468750000002 0.52755 0.155915625 0.5144875 0.11875 0.5610968749999999 0.14403749999999998 0.5833625
2 0.5217671875 0.6041453125 0.5484921875000001 0.5762375 0.5223609375 0.5596140625 0.49994062499999997 0.5815828125 0.5217671875 0.6041453125
2 0.5520562499999999 0.62076875 0.5734375 0.6445203125 0.6007578125 0.6160203125 0.5799703125 0.5946453125 0.5520562499999999 0.62076875
2 0.177890625 0.998753125 0.1939265625 0.981771875 0.1588859375 0.955646875 0.11731093749999999 0.998753125 0.177890625 0.998753125
2 0.9113749999999999 0.7294265625 0.9523546875 0.7264578125 0.9642328125 0.6658953125 0.9179078125 0.6647062499999999 0.9113749999999999 0.7294265625
2 0.7931859375 0.6023625 0.8234765625 0.59226875 0.8193171875 0.5667375 0.7893953125000001 0.5726765625 0.7931859375 0.6023625
2 0.9297875 0.49311249999999995 0.9452281250000001 0.48955000000000004 0.9375078125 0.4171125 0.9212093749999999 0.416815625 0.9297875 0.49311249999999995
2 0.966015625 0.2757984375 0.998753125 0.2793609375 0.998753125 0.2490796875 0.9719749999999999 0.2511578125 0.966015625 0.2757984375
2 0.9523546875 0.37020624999999996 0.998753125 0.36664375 0.998753125 0.32330000000000003 0.9461468749999999 0.3313140625 0.9523546875 0.37020624999999996
2 0.3709125 0 0.3768515625 0.027015624999999998 0.4451515625 0.016921875 0.44472187500000004 0 0.3709125 0
2 0.289546875 0.033546875 0.3614109375 0.025234374999999996 0.360221875 0 0.2870796875 0.008906250000000001 0.289546875 0.033546875
2 0.1060265625 0.129140625 0.11315312500000001 0.1606109375 0.1672 0.144578125 0.1618546875 0.11667187500000001 0.1060265625 0.129140625