2 0.7728183468750001 0.8099753015625 0.8164337937499999 0.7992126984375 0.80134385 0.7699759937499999 0.771185521875 0.7753922625 0.7728183468750001 0.8099753015625
2 0.9188493781249999 0.7124705734375001 0.992813453125 0.7143328296875 0.997661946875 0.65834878125 0.97104429375 0.6565116718749999 0.9630601000000001 0.6766545015625 0.9243672765625 0.6800396859375 0.9188493781249999 0.7124705734375001
2 0.742989171875 0.7236889265625 0.7868474875 0.7156844015625 0.7784257765625 0.6830849765625 0.7411151703125001 0.6863492296875 0.742989171875 0.7236889265625
2 0.27053826718749996 0.8622523875000001 0.27497093906250003 0.8174173187499999 0.23729850156249999 0.8165458078125001 0.2307599453125 0.8532302765625 0.27053826718749996 0.8622523875000001
2 0.2204144859375 0.24159354375 0.24197645625000003 0.21748348593750003 0.2088032203125 0.1884392 0.1836975984375 0.2198044671875 0.2204144859375 0.24159354375
2 0.28121660625 0.23627404843750002 0.26915241875 0.2734435140625 0.3344723234375 0.30384274843750003 0.34527636875 0.2681716265625 0.28121660625 0.23627404843750002
2 0.2632080296875 0.66704688125 0.2525243703125 0.704094 0.2948242625 0.710116175 0.3068884515625 0.6729467078125 0.2632080296875 0.66704688125
2 0.2841265765625 0.508260103125 0.2844977015625 0.544341621875 0.3222906578125 0.54659068125 0.32642660625 0.514283834375 0.2841265765625 0.508260103125
2 0.29893033125 0.19999997187500002 0.289443396875 0.21888618124999998 0.3518798984375 0.2481495890625 0.3633519265625 0.23603331718749998 0.29893033125 0.19999997187500002
2 0.5444119265625 0.5229917359375 0.5477128437500001 0.5129800062500001 0.49855895156249996 0.4922774578125 0.48895007812499997 0.509787809375 0.5444119265625 0.5229917359375
2 0.43304712656250005 0.23687938593750002 0.425842415625 0.2500119796875 0.47385526406249995 0.2735921140625 0.48370531406249995 0.2588384203125 0.43304712656250005 0.23687938593750002
2 0.4913385234375 0.2665054421875 0.48299107656249995 0.2825142015625 0.5382103265625 0.2929631625 0.542412534375 0.277315496875 0.4913385234375 0.2665054421875
2 0.6066624828125 0.1522429296875 0.634727328125 0.1706215421875 0.6482387109375 0.1499935765625 0.62293816875 0.13137155312499998 0.6066624828125 0.1522429296875
2 0.34704511562499996 0.16106615 0.33959740156249996 0.171439109375 0.36826694843749996 0.1967115640625 0.3797391125 0.184596846875 0.34704511562499996 0.16106615
2 0.32704001250000003 0.17114964375 0.317192803125 0.1858999515625 0.34549740624999997 0.2070369125 0.3557095609375 0.196422096875 0.32704001250000003 0.17114964375
2 0.7410701578125 0.351609053125 0.7413761734375 0.37102658437499997 0.7814512171875 0.3675204734375 0.77723971875 0.35122238437500003 0.7410701578125 0.351609053125