2 0.3438821875 0.1597077125 0.34168061875 0.1976950609375 0.404335403125 0.2036833234375 0.40916954843750003 0.1662099078125 0.3438821875 0.1597077125
2 0.2924655046875 0.058156585937500005 0.28696920625 0.0934095609375 0.3265022265625 0.103536425 0.332514025 0.060538657812499994 0.2924655046875 0.058156585937500005
2 0 0.88719329375 0.00438306875 0.90753268125 0.03760690625 0.9038588296875 0.036617657812499996 0.8649736578124999 0 0.8680832046875 0 0.88719329375
2 0.2508226671875 0.8008582593750001 0.23788925625 0.7648638562500001 0.18794976562500001 0.7912649484375 0.2004261609375 0.8230871625 0.2508226671875 0.8008582593750001
2 0.1359125625 0.9398693375 0.1334837453125 0.9629779859375001 0.1801330390625 0.967881025 0.17750590625 0.9218731281249999 0.1359125625 0.9398693375
2 0.4790130375 0.8905347171875 0.4847261578125 0.8475385515625 0.45178226875 0.8428835390625 0.4474366609375 0.8842292328125 0.4790130375 0.8905347171875
2 0.643813934375 0.8164851390625 0.619256834375 0.7888229359375 0.598533284375 0.821281421875 0.623895825 0.8412654406250001 0.643813934375 0.8164851390625
2 0.8084426640625001 0.6247729953125 0.783422203125 0.6072145828125 0.76381690625 0.6261785328125 0.7817489046875 0.6458560453125 0.8084426640625001 0.6247729953125
2 0.7246206046875 0.3543956734375 0.7077791078125 0.3783053 0.7292860890624999 0.40941129375 0.752252603125 0.381188590625 0.7246206046875 0.3543956734375
2 0.6300808140624999 0.8449021828125 0.6181468046874999 0.8561868703125001 0.66082135 0.8762009640624999 0.6685192296875 0.8597482953125001 0.6300808140624999 0.8449021828125
2 0.615663534375 0.8684680124999999 0.61028845 0.8798466218750001 0.648888796875 0.8988323375 0.6565653609375001 0.88829264375 0.615663534375 0.8684680124999999
2 0.26019820312499997 0.7230165328125 0.24609124218749998 0.743629875 0.27645148124999996 0.772866671875 0.2930510171875 0.745578871875 0.26019820312499997 0.7230165328125
2 0.15224965937499998 0.6197043812499999 0.124590009375 0.6329215031250001 0.13976111875 0.6703467109375 0.1699068859375 0.6561968499999999 0.15224965937499998 0.6197043812499999
2 0 0.7707423453125 0.034135803125 0.74942028125 0.02522254375 0.7348195453125 0 0.746669509375 0 0.7707423453125