2 0.5726845203125001 0.3633787640625 0.518730346875 0.2881194875 0.4359973015625 0.3452998671875 0.4914985203125 0.42375286718750005 0.5726845203125001 0.3633787640625
2 0.17264547187499998 0.10696407187500001 0.1559791328125 0.076680225 0.1244798703125 0.09461572812499999 0.1363546984375 0.11959951718749999 0.17264547187499998 0.10696407187500001
2 0.55430875 0.5274301546875 0.53148494375 0.49103580312500006 0.463465921875 0.531444575 0.486382646875 0.56560233125 0.55430875 0.5274301546875
2 0.33873756718750003 0.592572203125 0.2997714625 0.6049754921875 0.3165652 0.6362464578125 0.349029525 0.6196853546875001 0.33873756718750003 0.592572203125
2 0.5337627296874999 0.9311711078125 0.5524178 0.8988872484374999 0.4959686078125 0.8702609890625 0.4782997046875 0.9020809218749999 0.5337627296874999 0.9311711078125
2 0.385309228125 0.7062805203125 0.352741859375 0.7251446578125 0.375967621875 0.7575497625 0.407021934375 0.7455569640624999 0.385309228125 0.7062805203125
2 0.9176274546875 1 0.9223135031249999 0.9843263515625 0.8790787906249999 0.9576906265625 0.8607587296875 0.9966227234374999 0.8677042 1 0.9176274546875 1
2 0.8272069265625 0.9133628593750001 0.859893909375 0.868175840625 0.8270049484375 0.8461139359375001 0.7961329296875 0.891265584375 0.8272069265625 0.9133628593750001
2 0.589260359375 0.9156235296874999 0.56714900625 0.9469933234375001 0.6185123890625001 0.9719795781249999 0.6395170828125 0.9383377859375001 0.589260359375 0.9156235296874999
2 0.043317676562500004 0.9036839390625 0.039005899999999996 0.9264276078125 0.0901682 0.9354489015624999 0.0943981421875 0.9217265125 0.043317676562500004 0.9036839390625
2 0.5780907109375 0.377169234375 0.5683251609375 0.391521190625 0.5841823421875 0.39733019999999997 0.58995836875 0.38509735156249997 0.5780907109375 0.377169234375
2 0.592857728125 0.41138614531249995 0.579824521875 0.4254728984375 0.6061103859375 0.4542003890625 0.617454940625 0.44114228125 0.592857728125 0.41138614531249995
2 0.5653698265625 0.43905515 0.55458594375 0.45234380781250005 0.581420134375 0.4745423234375 0.5896363703125 0.462138428125 0.5653698265625 0.43905515
2 0.6197014656250001 0.454055121875 0.6066268796875 0.461520028125 0.6200789859375 0.47413035312499996 0.6281590421875001 0.46591805312499995 0.6197014656250001 0.454055121875
2 0.540316203125 0.46488612656250006 0.5291065640625 0.47375082968750004 0.5418705671875 0.48684432187500004 0.5504658703125 0.475709909375 0.540316203125 0.46488612656250006
2 0.6723808296875 0.6168970453125 0.6727767484375 0.602684246875 0.63865649375 0.5978721578124999 0.63900499375 0.6129920671875 0.6723808296875 0.6168970453125
2 0.1738341015625 0.6951849984375 0.1738433546875 0.6797457984374999 0.11337538124999999 0.6739021796875 0.11021704375000001 0.6884037375000001 0.1738341015625 0.6951849984375
2 0.51377868125 0.731643071875 0.5210666015625 0.7210936484375 0.508955271875 0.711128203125 0.49994809843750004 0.7245984546875001 0.51377868125 0.731643071875
2 0.5274428765625 0.710567525 0.531927740625 0.6971090359375001 0.522225084375 0.690579678125 0.512942221875 0.7021941765624999 0.5274428765625 0.710567525
2 0.5327995515625 0.6853172171875 0.5382820921875 0.6747398046875 0.5250728671875 0.667590559375 0.5206737765625 0.6788619671875 0.5327995515625 0.6853172171875
2 0.166243621875 0.67668588125 0.172702378125 0.6656919718750001 0.146456246875 0.653835503125 0.1391683953125 0.660983259375 0.166243621875 0.67668588125
2 0.472370559375 1 0.49303965156249996 0.9655151312499999 0.46128861250000003 0.947266571875 0.43633120312499996 0.996486778125 0.4562556703125 1 0.472370559375 1