2 0.46257550625 0.39409443906249997 0.46117208749999994 0.41886127812499996 0.5539882125 0.4299007046875 0.5556382640625 0.4065325984375 0.46257550625 0.39409443906249997
2 0.565507609375 0.43796667187500005 0.5582626171875 0.4623213171875 0.59586624375 0.46290348437500006 0.6043444078125 0.44554251562499997 0.565507609375 0.43796667187500005
2 0.63200175625 0.38152828437499997 0.624263496875 0.4030854578125 0.6640057609375 0.407617196875 0.670179725 0.3935469640625 0.63200175625 0.38152828437499997
2 0.6833340625 0.47632818437499996 0.6709063296875 0.4958277921875 0.725702221875 0.5366483671875 0.7416673281249999 0.5208516921874999 0.6833340625 0.47632818437499996
2 0.69180153125 0.532528825 0.673530684375 0.551616509375 0.70175221875 0.57260348125 0.71722405625 0.5540093374999999 0.69180153125 0.532528825
2 0.7710334078125001 0.5892349718750001 0.7251982531250001 0.6074125078125 0.7284047765625 0.6255975984375 0.7798348703125 0.606433525 0.7710334078125001 0.5892349718750001
2 0.8450084828125 0.5834022859375 0.7972815953125 0.599030525 0.8027923187500001 0.613924878125 0.8493671062500001 0.5999420062499999 0.8450084828125 0.5834022859375
2 0.9620032640625 0.6824901609375 0.8714881968749999 0.6926799296875 0.8729651328125 0.7255938109375 0.9609293640625 0.7172960453125 0.9620032640625 0.6824901609375
2 0.3751484078125 0.7446660281249999 0.4235628453125 0.738713834375 0.41022315000000004 0.6824695203125 0.3676632421875 0.6881065484375 0.3751484078125 0.7446660281249999
2 0.2896408171875 0.725513928125 0.3717783546875 0.718499009375 0.363936175 0.6881417812499999 0.285525703125 0.6951214671875 0.2896408171875 0.725513928125
2 0.33140856875 0.42731985625 0.3272092203125 0.4525796953125 0.44627486406249994 0.4488934734375 0.44817155 0.426924103125 0.33140856875 0.42731985625