2 0.049875 0.7398640624999999 0.090053125 0.7606203125000001 0.1094484375 0.726028125 0.0748125 0.7066546875 0.049875 0.7398640624999999
2 0.30479375000000003 0.8796171875000001 0.3228046875 0.8450265625 0.2687734375 0.818734375 0.2535328125 0.8630140624999999 0.30479375000000003 0.8796171875000001
2 0.0748125 0.6430046875000001 0.09975 0.609796875 0.05957343750000001 0.582121875 0.03740625 0.61533125 0.0748125 0.6430046875000001
2 0.469659375 0.4091609375 0.4433359375 0.44098437500000004 0.465503125 0.468659375 0.5001390625 0.429915625 0.469659375 0.4091609375
2 0.78830625 0.38563749999999997 0.7605984375 0.3579625 0.7162640625 0.40085781249999997 0.74674375 0.42438125 0.78830625 0.38563749999999997
2 0.832640625 0.8865375 0.8603484375000001 0.9128265624999999 0.8783593749999999 0.8851531250000001 0.8492656249999999 0.8616296875 0.832640625 0.8865375
2 0.314490625 0.1600953125 0.302021875 0.1780828125 0.33111718749999997 0.200221875 0.3532828125 0.1780828125 0.314490625 0.1600953125
2 0.7592125000000001 0.80905 0.7758375 0.7786078125 0.7522859375000001 0.757853125 0.7356609375 0.78829375 0.7592125000000001 0.80905
2 0.9573296875 0.41331093750000003 0.9573296875 0.398090625 0.907453125 0.3842546875 0.8963703125 0.4022421875 0.9573296875 0.41331093750000003
2 0.5126078125 0.302615625 0.532003125 0.3164515625 0.5500140625000001 0.280475 0.5389296875 0.2735578125 0.5126078125 0.302615625
2 0.49182499999999996 0.2984640625 0.502909375 0.30815000000000003 0.5375453125 0.26940624999999996 0.5250765625 0.256953125 0.49182499999999996 0.2984640625
2 0.5209203125 0.22512812499999998 0.47935625000000004 0.280475 0.49182499999999996 0.2929296875 0.53061875 0.2348140625 0.5209203125 0.22512812499999998