2 0.6539159125 0 0.6591457234375 0.033355287500000004 0.6931461296875 0.0285876609375 0.6892352359375 0 0.6539159125 0
2 0.895713784375 0.18222553125000002 0.9121844687499999 0.177509290625 0.8941174171874999 0.096422359375 0.8802713375 0.10086274218749999 0.895713784375 0.18222553125000002
2 0.8772249484374999 0.3041714859375 0.8583693421874999 0.3067503125 0.8689222609374999 0.37310290625000003 0.886776303125 0.3670487953125 0.8772249484374999 0.3041714859375
2 0.978860415625 0.530804834375 0.9625876 0.532216665625 0.9732627968750001 0.6224388000000001 0.99120904375 0.622942228125 0.978860415625 0.530804834375
2 1 0.568759965625 0.9868027453125 0.5696734984375 0.9927305640625 0.6203926546874999 1 0.6193746625000001 1 0.568759965625
2 0.7616626203125 0.32795790625 0.7247367546875 0.329152378125 0.7364377484375 0.3894172421875 0.7673002765625 0.38796452187499997 0.7616626203125 0.32795790625
2 0.6013621031249999 0.6477972375000001 0.5959002625 0.60717688125 0.521880946875 0.6179417296875 0.5311612875 0.6551756390625 0.6013621031249999 0.6477972375000001
2 0.701351971875 0.8349016765625 0.6676706890624999 0.8360536390625001 0.672946109375 0.8862459171875001 0.7086536375 0.88547800625 0.701351971875 0.8349016765625
2 0.68018029375 0.892651390625 0.687537753125 0.9342665484375001 0.7518382546875 0.9275082937500001 0.7453831656250001 0.8887833953125 0.68018029375 0.892651390625
2 0.9601573609375 0.2302968375 0.9263486234375 0.23542412031249998 0.9361181265624999 0.274696190625 0.9671029453125 0.2696872015625 0.9601573609375 0.2302968375
2 0.954508109375 0.596948621875 0.93057323125 0.5964791765624999 0.93268161875 0.627899665625 0.9556271984375 0.62489096875 0.954508109375 0.596948621875
2 1 0.71041776875 0.9621115109374999 0.7149565625000001 0.9708029109374999 0.7522523734375001 1 0.746994034375 1 0.71041776875
2 0.574849040625 0.797152415625 0.5404045390625 0.799877146875 0.5473272578125 0.86004720625 0.5816341875 0.8516636656250001 0.574849040625 0.797152415625
2 0.2789628625 0.66257810625 0.244551934375 0.6691799406250001 0.2597928703125 0.7177277796875 0.290935415625 0.7132589546875 0.2789628625 0.66257810625
2 0.1395124015625 0.705891925 0.10588630937500002 0.7118142515625 0.11231080156249999 0.767258940625 0.1490705359375 0.7651863984375 0.1395124015625 0.705891925
2 0.0557188546875 0.597681384375 0.06881723906250001 0.65421568125 0.1018540125 0.6507433765624999 0.08928095312499999 0.5935568453125 0.0557188546875 0.597681384375
2 0.182447928125 0.5016742765625 0.1939482484375 0.5622571703125 0.2286612046875 0.552041465625 0.21540676718750001 0.4997027140625 0.182447928125 0.5016742765625
2 0.26705515 0.2259119484375 0.248829028125 0.22752907812499998 0.265218578125 0.30401615937500004 0.279718771875 0.3001040453125 0.26705515 0.2259119484375
2 0.34974405937499997 0.3318489375 0.3153302359375 0.3381541375 0.3211341546875 0.37634888437499997 0.3544783046875 0.3758309484375 0.34974405937499997 0.3318489375
2 0.168533615625 0.20760999062500002 0.151462071875 0.209105771875 0.171046784375 0.3330186703125 0.1861997 0.3296365453125 0.168533615625 0.20760999062500002
2 0.14978095 0.3065968140625 0.1532868921875 0.33428828906249997 0.16828359531249998 0.3351001546875 0.163875284375 0.3045184171875 0.14978095 0.3065968140625
2 0.27157796875 0.9547018843749999 0.25518371093750003 0.9576190312499999 0.25400358125 0.9917732375 0.26918647500000004 0.9943565953125001 0.27157796875 0.9547018843749999
2 0.25062044375000003 0.9539195046875 0.23391570156250002 0.9538826109375 0.23192712499999998 0.9917054828125 0.2458669609375 0.9938224734375 0.25062044375000003 0.9539195046875
2 0.22550297343749998 0.9538728671875001 0.2129581765625 0.953100234375 0.2093557109375 0.9869135890624999 0.22323503906250003 0.9884399171875 0.22550297343749998 0.9538728671875001
2 0.2371515546875 0.673241365625 0.2132851015625 0.6724662171875 0.21231952031249998 0.7257025328125 0.2419706859375 0.729750315625 0.2371515546875 0.673241365625
2 0.3027033765625 0.871428146875 0.427569040625 0.906664471875 0.43576840937499994 0.87117549375 0.31346983281249996 0.8368649687499999 0.3027033765625 0.871428146875
2 0.5884893109375 0.8673628000000001 0.5753005265625 0.8708369984375001 0.57917885 0.9020714578125 0.5912263375 0.90319486875 0.5884893109375 0.8673628000000001
2 0.556596090625 0.8617596046875 0.54440801875 0.8663242359375 0.549744178125 0.9057637578125 0.5670710140625 0.9003589406250001 0.556596090625 0.8617596046875
2 0.9491531 0.6566149203125 0.93820714375 0.6577653859375 0.9446639515624999 0.6964916750000001 0.9574562703125 0.6933560859375001 0.9491531 0.6566149203125
2 0.932949628125 0.6726480390625 0.9161002515625001 0.6744189781250001 0.9184269796875 0.6908910046875001 0.9312813640625001 0.6883459125 0.932949628125 0.6726480390625
2 0.876004634375 0.6840063828125 0.8615788421874999 0.6891047171875 0.86378144375 0.7043957468750001 0.8791188359375001 0.7027837234375001 0.876004634375 0.6840063828125
2 0.8502561609375 0.7538774671875 0.8393117125 0.7553262843749999 0.8370448046875 0.7734751625 0.8550228109375 0.7686004953125 0.8502561609375 0.7538774671875
2 0.8703237375 0.7320666015625 0.8607996828125 0.7327691093750001 0.862691965625 0.745107653125 0.8704227265625001 0.744892140625 0.8703237375 0.7320666015625