2 0.4146489296875 0.589231921875 0.306726828125 0.5490912046875 0.2874189734375 0.61110319375 0.3944204453125 0.6437620390625 0.4146489296875 0.589231921875
2 0.70339029375 0.5835528828125 0.6688000984375 0.5740107437499999 0.65414146875 0.6267549171875 0.6929762187499999 0.630869571875 0.70339029375 0.5835528828125
2 0.7070989828124999 0.6943363046875 0.692800640625 0.683480921875 0.6672771484375 0.7279247859375 0.6840100015624999 0.7338555171875 0.7070989828124999 0.6943363046875
2 0.8918437953125 0.3466833421875 0.8417770296875 0.360112703125 0.845092571875 0.3876380109375 0.8990710906249999 0.37411637343750004 0.8918437953125 0.3466833421875
2 0.9880178015625001 0.7358156171875 0.9107446984375 0.678255071875 0.8721735703125001 0.722013571875 0.96224319375 0.7737061078125 0.9880178015625001 0.7358156171875
2 0.8082652343750001 0.8066614375000001 0.773875653125 0.8500460828125 0.7917019359374999 0.86168405 0.8292364531249999 0.821732765625 0.8082652343750001 0.8066614375000001
2 0.64878985625 0.17281679218749998 0.6319007703125 0.1659860234375 0.5982996125 0.239736359375 0.6167772125 0.2469476609375 0.64878985625 0.17281679218749998
2 0.5001253109375 0.8874281406250001 0.4532021109375 0.863564665625 0.43560335156249996 0.892965159375 0.4815507640625 0.9212367312499999 0.5001253109375 0.8874281406250001
2 0.39213171875 0.9394412234375 0.3575440453125 0.94119595 0.352901340625 0.9730591375 0.3866777265625 0.9786939546875001 0.39213171875 0.9394412234375
2 0.550924440625 0.939439290625 0.5693361765625 0.9172161796875 0.5401140828125001 0.8960640765625 0.5253531859375 0.9166948250000001 0.550924440625 0.939439290625
2 0.8664468843750001 0.987508165625 0.8670829765624999 0.97800735625 0.853442321875 0.9772924812499999 0.852115365625 0.9880086328125 0.8664468843750001 0.987508165625
2 0.9927714546875 0.2842740265625 0.9446449484375 0.2873185078125 0.9440311890625 0.3268249046875 0.9941004578125 0.3223316625 0.9927714546875 0.2842740265625
2 0.7965373328124999 0.587839946875 0.7716522375 0.5633477453125 0.746500678125 0.589379590625 0.776856125 0.6129693515625 0.7965373328124999 0.587839946875