2 0 0.7322909281250001 0.018368115625 0.7265399640625 0.01375954375 0.6953407078125 0 0.6982249046875 0 0.7322909281250001
2 0 0.659250690625 0.013574065625000001 0.658168775 0.013393820312499999 0.5922992687499999 0 0.596293196875 0 0.659250690625
2 0.15652011562499998 0.4554726234375 0.1979928328125 0.46278538124999996 0.20771555625000002 0.38853315781250003 0.16272548281250002 0.385664634375 0.15652011562499998 0.4554726234375
2 0.6563497578125 0.4296561703125 0.734607546875 0.46793325625 0.8314588984375 0.21490569843750001 0.7556140953125 0.1863388921875 0.6563497578125 0.4296561703125
2 0.54876553125 0.047731445312499995 0.5341402875 0.09495294843749999 0.556441221875 0.1022615 0.5795207234374999 0.057374782812500004 0.54876553125 0.047731445312499995
2 0.993518378125 0.1430348390625 0.9275092031250001 0.1288634203125 0.9124043078125 0.195415621875 0.97200389375 0.21098907812499998 0.993518378125 0.1430348390625
2 0.895749325 0.3376595203125 0.8695309265625 0.43981337812500004 0.9361043796875 0.45281818281249997 0.9643858078124999 0.349761984375 0.895749325 0.3376595203125
2 0.24799334687500002 0.9341572015624999 0.2068635328125 0.9349236031249999 0.2071339765625 0.9556510875 0.25289060625 0.9637192171875 0.24799334687500002 0.9341572015624999
2 0.5753934015625 0.9365982734375 0.554277328125 0.91726116875 0.5310071125 0.9536735234375 0.5584012578124999 0.970320878125 0.5753934015625 0.9365982734375
2 0.7430649687499999 1 0.75056865625 0.9885898171875 0.739506240625 0.9796042125 0.72466231875 1 0.7430649687499999 1
2 0.709630403125 1 0.7242764921875 0.9783261156249999 0.7145786875 0.9695827140625 0.692040309375 1 0.709630403125 1
2 0.8328458765625 0.5219725171875 0.860257640625 0.533840953125 0.8890414203124999 0.45028701875 0.8629095421875 0.44708658124999995 0.8328458765625 0.5219725171875