2 0.41157183750000004 0.7508316390625 0.396070484375 0.789508596875 0.4537982234375 0.8066271796875 0.46490416874999996 0.76696935 0.41157183750000004 0.7508316390625
2 0.2419764546875 0.7460301921875 0.3024872640625 0.7573960859375 0.31575555 0.7208623281250001 0.2512227640625 0.7074311578125 0.2419764546875 0.7460301921875
2 0.29379153593749996 0.2646485703125 0.2948140015625 0.31386478281249997 0.35398995 0.310273 0.34663875625 0.26218838906249997 0.29379153593749996 0.2646485703125
2 0.7229217265625001 0.5371970921875 0.8217524453125 0.5921296765624999 0.8733595359375 0.50951899375 0.7771214843750001 0.45581244062500004 0.7229217265625001 0.5371970921875
2 0.01174270625 0.78701348125 0.010001075 0.795120846875 0.0108273734375 0.8187829343749999 0.0377733328125 0.8233224203124999 0.044277990625 0.78988376875 0.01174270625 0.78701348125
2 0.20734292812500002 0.9434013140624999 0.188245884375 0.9781726234375 0.23089174531249998 0.9811547125000001 0.2417509546875 0.9535371250000001 0.20734292812500002 0.9434013140624999
2 0.302039 0.5041980390624999 0.291914265625 0.54259155 0.342948103125 0.553296315625 0.3543566453125 0.5178229125 0.302039 0.5041980390624999
2 0.10557725 0.3388736515625 0.10290131875 0.3515835734375 0.1387024921875 0.3588423703125 0.1386748296875 0.3421920671875 0.10557725 0.3388736515625
2 0.1068795671875 0.379809528125 0.1423351671875 0.383476090625 0.14815093125 0.36842323593750004 0.10550351093749999 0.3654410375 0.1068795671875 0.379809528125
2 0.20084755156249998 0.0744612140625 0.22267810156249998 0.14529878125 0.2502965046875 0.14187794843749998 0.23867724687499997 0.0697119484375 0.20084755156249998 0.0744612140625
2 0.1353655265625 0.1171411359375 0.137136528125 0.142885196875 0.1537225890625 0.14404500781250001 0.1583391890625 0.12058333125000001 0.1353655265625 0.1171411359375
2 0.1524295265625 0.1540025015625 0.15031503125 0.1842411640625 0.1669424015625 0.184810228125 0.174396484375 0.1633294328125 0.1524295265625 0.1540025015625
2 0.127497840625 0.076465103125 0.1250054859375 0.0950615453125 0.1445530640625 0.0964284453125 0.147060178125 0.0775761578125 0.127497840625 0.076465103125
2 0.0817748578125 0.0536497390625 0.080970459375 0.0693866484375 0.11389117343749999 0.07525675625 0.12220040624999999 0.0585926609375 0.0817748578125 0.0536497390625