2 0.4939697609375 0 0.48112611875000005 0.00035431875 0.48357615000000004 0.0364876984375 0.5685920265625 0.0296383921875 0.5645596937499999 0.0039926875 0.53935085625 0 0.4939697609375 0
2 0.32698946875 0.1630374 0.320567465625 0.12374696562500001 0.29075813125 0.1292828546875 0.2931456140625 0.163625140625 0.32698946875 0.1630374
2 0.13773319687500002 0.20466458125 0.1599355875 0.262055940625 0.19080707187499998 0.244358384375 0.1718185015625 0.1939778859375 0.13773319687500002 0.20466458125
2 0.876734990625 0.9510503453125001 0.8604471874999999 0.9864716078125 0.9022795046875001 0.9850107921875001 0.910566621875 0.9670809640625 0.876734990625 0.9510503453125001
2 0.5842586468750001 0.75894371875 0.5882285921875 0.7195546140625 0.5555094046875 0.7183223078125 0.558041828125 0.756815190625 0.5842586468750001 0.75894371875
2 0.5489407984375 0.7173665921875 0.51740833125 0.71609128125 0.5199821453125 0.7557693796875 0.549099559375 0.7559392359375 0.5489407984375 0.7173665921875
2 0.4120891734375 0.8135496734375 0.3732137578125 0.8232154203125001 0.385007246875 0.8376423109375001 0.41561499687500003 0.8294503734375 0.4120891734375 0.8135496734375
2 0.38013813750000003 0.808794665625 0.41042623593750005 0.799955678125 0.40683824687500003 0.7822748140625 0.3710954375 0.7965809359375 0.38013813750000003 0.808794665625
2 0.381792209375 0.9327202437500001 0.3794929359375 0.9179618093749999 0.340579309375 0.9264437921875001 0.3477881765625 0.945778984375 0.381792209375 0.9327202437500001
2 0.3711538984375 0.9087956921875 0.3702555171875 0.8915759296875001 0.31836700156250003 0.9028843265625 0.32189288125000004 0.9187865875 0.3711538984375 0.9087956921875
2 0.0945238984375 0.77070488125 0.09330517187500001 0.7528631078125 0.060116871875 0.7552102921875 0.064236084375 0.7710902703125 0.0945238984375 0.77070488125
2 0.0931962421875 0.7326858671875 0.056977328125000004 0.7333581109375 0.058171040625 0.7505284718749999 0.093139565625 0.7481206859375 0.0931962421875 0.7326858671875
2 0.07958877187499999 0.42808458125 0.091326303125 0.449505184375 0.1231131171875 0.43249954375 0.1099067484375 0.411594578125 0.07958877187499999 0.42808458125
2 0.22016628124999998 0.3365180296875 0.218441290625 0.3211469921875 0.1591508390625 0.34161773281249996 0.1714947109375 0.35483717812500004 0.22016628124999998 0.3365180296875
2 0.13481507343750002 0.376297540625 0.130799359375 0.3633813796875 0.11119526093750001 0.36347185625 0.1152332578125 0.37698135 0.13481507343750002 0.376297540625