2 0.488412921875 0.0313076265625 0.4570892765625 0.016728028125 0.439027640625 0.05113871875 0.4661434875 0.0668553203125 0.488412921875 0.0313076265625
2 0.3566690625 0.22986320624999998 0.39102210312499996 0.18360519375 0.3618347671875 0.15553747812500002 0.325410703125 0.21108589218749998 0.3566690625 0.22986320624999998
2 0.2341006625 0.3060333140625 0.21856722031250003 0.3396437109375 0.2665658578125 0.36648278749999996 0.2876417375 0.33525468593749996 0.2341006625 0.3060333140625
2 0.10937316718750001 0.42995513281250003 0.08976711875 0.4665258171875 0.13560884687500002 0.49182096875000003 0.15798254218750002 0.45448633281250006 0.10937316718750001 0.42995513281250003
2 0.0153116375 0.4853919359375 0.043427275 0.50126846875 0.06441227499999999 0.47663705624999997 0.032910401562500004 0.45391369062500003 0.0153116375 0.4853919359375
2 0.023420553125 0.536573390625 0.037596492187500004 0.5532446859375 0.0581811125 0.529453165625 0.0410325234375 0.5162185328125 0.023420553125 0.536573390625
2 0.0438483921875 0.5668590640625 0.059229778125 0.5759094796875 0.0758708171875 0.5466825671875 0.0657601890625 0.5363660921875 0.0438483921875 0.5668590640625
2 0.23196260937500002 0.6645850921875 0.26054136250000004 0.6775276390625 0.2902421125 0.622717809375 0.25735018906249996 0.6117973046875 0.23196260937500002 0.6645850921875
2 0.181277309375 0.8405095875 0.2100348296875 0.8637000171875 0.2461817890625 0.8099111671875001 0.21459331406249998 0.7907809921875 0.181277309375 0.8405095875
2 0.468277015625 0.765134490625 0.44155552187499997 0.7897574781250001 0.471255225 0.8335378562500001 0.49661986249999995 0.8099006843750001 0.468277015625 0.765134490625
2 0.7477163578125 0.99154371875 0.781338390625 0.9764297875000001 0.7447225375000001 0.9008952875 0.709706184375 0.9205975921875 0.7477163578125 0.99154371875
2 0.6967317265624999 0.464070775 0.6785694624999999 0.4118997578125 0.6252140484375001 0.43290549843750004 0.6437104109375 0.4803202203125 0.6967317265624999 0.464070775
2 0.7645781171875 0.5589777484375 0.7576122953125 0.5536664140625 0.777816840625 0.5436411750000001 0.7632970343750001 0.510682753125 0.7127868234375 0.53334143125 0.7306774359375 0.5758510015625 0.7645781171875 0.5589777484375
2 0.026543175000000002 0.6230325828125001 0.0539435921875 0.6472103703125 0.0795574921875 0.6182038999999999 0.0574007234375 0.5891456875000001 0.026543175000000002 0.6230325828125001
2 0.648316971875 0.6066920031249999 0.6743329328125001 0.6282443296875 0.6997895625 0.5989123734375 0.6790839625 0.575494365625 0.648316971875 0.6066920031249999
2 0.7843908749999999 0.6841494703125 0.7942928109375 0.6785039687500001 0.7684214171875 0.6257146796875 0.756510690625 0.6331460484375 0.7843908749999999 0.6841494703125
2 0.73306945 0.64415994375 0.7587269890624999 0.6945139203124999 0.7716873078125001 0.6809351203125 0.745410065625 0.6349932078125 0.73306945 0.64415994375
2 0.8401905796875001 0.9574953703125001 0.8574104124999999 0.98907798125 0.89479750625 0.9691500140624999 0.8789510703125 0.9347791734375 0.8401905796875001 0.9574953703125001
2 0.686542296875 0.68007523125 0.6607498765625001 0.6988322765625 0.6863852734375 0.7341539671875 0.7074772312500001 0.7209629468750001 0.686542296875 0.68007523125
2 0.658885275 0.5248042640625 0.622483753125 0.5460906328124999 0.6328928453125 0.5675772593749999 0.6657428875 0.5466301203125 0.658885275 0.5248042640625
2 0.8478802671875 0.4501362453125 0.81175560625 0.46966459218749995 0.8272176640625 0.5009687984375 0.8656093859375 0.48450628125 0.8478802671875 0.4501362453125
2 0.8170635359375 0.4626903203125 0.8513664359374999 0.447083075 0.8431027984374999 0.393472509375 0.8010599671874999 0.4120619296875 0.8170635359375 0.4626903203125
2 0.8495802593749999 0.54178205625 0.8858251578124999 0.525280090625 0.874523234375 0.5021491765625 0.8413350749999999 0.510418590625 0.8495802593749999 0.54178205625