2 0.647884184375 0.130560734375 0.6111259796875 0.14366311874999999 0.647620290625 0.21021365625000002 0.68166428125 0.1935883984375 0.647884184375 0.130560734375
2 0.7432239890625 0.2291632859375 0.6888688468749999 0.251687846875 0.71956739375 0.3094406703125 0.7762373921875 0.2896297609375 0.7432239890625 0.2291632859375
2 0.856278921875 0.35032530156249997 0.887141671875 0.3862710015625 0.9286264796875001 0.3574237140625 0.8988649765625001 0.3149260015625 0.856278921875 0.35032530156249997
2 0.461809803125 0.28349617031249996 0.397632628125 0.3127521703125 0.4189686703125 0.3540972625 0.486174990625 0.32609150625 0.461809803125 0.28349617031249996
2 0.294300265625 0.320100334375 0.322567228125 0.3698944546875 0.3570863578125 0.35685411093749997 0.32646724531250004 0.30342805781250004 0.294300265625 0.320100334375
2 0.21008493593750002 0.36791654218750003 0.18621176718750002 0.3829861 0.2019722078125 0.4142227734375 0.2315055859375 0.4051935140625 0.21008493593750002 0.36791654218750003
2 0.1731829953125 0.3903874984375 0.150591846875 0.4025799515625 0.1877000671875 0.46707689218750004 0.20898112812499997 0.4574613203125 0.1731829953125 0.3903874984375
2 0.5073790265625 0.8346511828125 0.459401078125 0.845899775 0.4885589765625 0.91282900625 0.530019271875 0.9001533234375 0.5073790265625 0.8346511828125
2 0.428623678125 0.8633922421875001 0.396519 0.87382850625 0.42369541718750003 0.9220917671875 0.4523609421875 0.9102185359374999 0.428623678125 0.8633922421875001
2 0.30375242343750003 0.716935996875 0.290059525 0.726718421875 0.3054262109375 0.7586979921875 0.31932280625 0.7513400781249999 0.30375242343750003 0.716935996875
2 0.28016542499999997 0.72508021875 0.26432524218750003 0.73396366875 0.28157089062499996 0.7659912953125 0.295642575 0.7592007296875 0.28016542499999997 0.72508021875
2 0.2593247875 0.7361149734375 0.2458862 0.7427103484375001 0.26190012500000004 0.778843096875 0.2754495265625 0.7703495703125001 0.2593247875 0.7361149734375
2 0.46643760937499995 1 0.45027904999999996 0.9677374000000001 0.43296382343750006 0.9727207546875001 0.4463032421875 1 0.46643760937499995 1
2 0.775982575 0.6869463578125 0.7598128078124999 0.6949976171875 0.783872128125 0.724942096875 0.7937945375 0.718800846875 0.775982575 0.6869463578125
2 0.75741844375 0.6929324234375 0.7453003515625001 0.704408090625 0.7602732828125001 0.7371305593749999 0.7739501765625 0.7310848421875 0.75741844375 0.6929324234375
2 0.739395278125 0.7040387421875 0.7255491125 0.7129350718749999 0.7468964390624999 0.7461938421875 0.7566447953125001 0.7394832921875001 0.739395278125 0.7040387421875
2 0.721561396875 0.7188157375 0.7058783484375 0.725786871875 0.7253486578125 0.7589986234375 0.7380630796875 0.7538664093749999 0.721561396875 0.7188157375
2 0.3516211265625 0.85523021875 0.3101439140625 0.87163961875 0.33192176562500003 0.91036285 0.3676676828125 0.8932172625 0.3516211265625 0.85523021875
2 0.0912430953125 0.4909706640625 0.0631421453125 0.504535559375 0.0729802453125 0.5245297 0.1027813828125 0.5123092781249999 0.0912430953125 0.4909706640625