2 0.9134898546875 0.9281177109375 0.9564811093750001 0.9281017015625 0.9625180015625 0.8969970703125 0.9202208171875 0.8925330015625 0.9134898546875 0.9281177109375
2 0.9180608609375 0.804085753125 0.9435489468749999 0.812701478125 0.9536726515625 0.7796702343749999 0.92486429375 0.770576340625 0.9180608609375 0.804085753125
2 0.9544037359375 0.646860690625 0.9656343609375 0.612307071875 0.9405919328125 0.609021225 0.9314446640625 0.6360772546875 0.9544037359375 0.646860690625
2 0.4781100625 0.5672455375000001 0.4457039265625 0.5615464609374999 0.4391787625 0.595637140625 0.4679648375 0.6041376984375 0.4781100625 0.5672455375000001
2 0.5191141703125 0.925848590625 0.554409121875 0.93798201875 0.5659874765625 0.9126249921875 0.53584890625 0.8994203328125 0.5191141703125 0.925848590625
2 0.639679425 0.473377790625 0.6485972484375 0.43979610625000004 0.6151086328125001 0.43264798750000005 0.6078450828124999 0.4626072328125 0.639679425 0.473377790625
2 0 0.4512492578125 0.04371954375 0.4549777828125 0.0510133265625 0.41818363124999997 0.0043488187499999996 0.41535891718749995 0 0.44583449843749995 0 0.4512492578125
2 0.03381968125 0.834368459375 0.048255723437499995 0.8398054609375001 0.0630374578125 0.80423666875 0.04737631875 0.7976542234374999 0.03381968125 0.834368459375
2 0.0704586640625 0.8467551359375 0.08342015 0.8109512890625 0.071951196875 0.8045195046875 0.055555070312499996 0.8448975687500001 0.0704586640625 0.8467551359375
2 0.0996930234375 0.8510796921875 0.10843561093750001 0.8136439640625 0.0929274234375 0.8103222296875 0.08307304374999999 0.8510659625000001 0.0996930234375 0.8510796921875
2 0.6724717765625 0.3982657234375 0.6918350734375001 0.40323360468749997 0.700649290625 0.36668497968749997 0.68331315625 0.36313158749999996 0.6724717765625 0.3982657234375
2 0.6737273265625 0.3322754546875 0.70092275625 0.3405345046875 0.711315896875 0.3152188671875 0.6824867609374999 0.30553002500000004 0.6737273265625 0.3322754546875