2 0.8648918968749999 0.697003553125 0.8233760953125 0.70432390625 0.8259542296875001 0.718945225 0.8674153796875 0.714725209375 0.8648918968749999 0.697003553125
2 0.8635195390625 0.6755344421875 0.8594269359375 0.655752396875 0.8114791078125 0.6642068921875001 0.8207296375 0.68247655 0.8635195390625 0.6755344421875
2 0 0.479992175 0.0346359296875 0.4744971765625 0.0256013046875 0.3890665796875 0 0.3908041453125 0 0.479992175
2 0 0.388979203125 0.045069821875 0.384932475 0.0415300828125 0.349470903125 0 0.3540516640625 0 0.388979203125
2 0 0.32938695 0.04141689375 0.323175446875 0.03279976875 0.282862475 0 0.28528638906250003 0 0.32938695
2 0 0.1484949609375 0.0040576140625 0.164299128125 0.0649018453125 0.15718810625 0.0517347171875 0.10643950625000001 0 0.11766813437500001 0 0.1484949609375
2 0.626083890625 0.7137832984375 0.621127940625 0.72671694375 0.7297614609374999 0.7290493015624999 0.7301282875 0.712323690625 0.626083890625 0.7137832984375
2 0.47707647968750005 0.7714165546875 0.4761462359375 0.7866564953124999 0.5806024328125 0.7652980703125001 0.5798857859375001 0.752685590625 0.47707647968750005 0.7714165546875
2 0.5271929531249999 0.7444876218750001 0.575622134375 0.735343753125 0.5717714390624999 0.720343915625 0.5208999624999999 0.7293139281250001 0.5271929531249999 0.7444876218750001
2 0.056686709375 0.8491600703125 0.06267038750000001 0.8625795765625 0.11155934375000001 0.8543335734375 0.10676725000000001 0.8391237015625 0.056686709375 0.8491600703125
2 0.052493425 0.8185402296875001 0.0559658703125 0.834814171875 0.1090869984375 0.8249254921875 0.0995130484375 0.8048216296874999 0.052493425 0.8185402296875001