2 0.276685346875 0.8880739359375 0.2794536015625 0.9293253375000001 0.361173915625 0.92252491875 0.3555314625 0.8840735921875 0.276685346875 0.8880739359375
2 0.21028068125 0.8418072015625 0.211479690625 0.8799869703125 0.272139234375 0.87645820625 0.2725138734375 0.8455653359375 0.21028068125 0.8418072015625
2 0.3550999828125 0.932802821875 0.3623703046875 0.9898688812499999 0.37433240625 0.9909154296875 0.41787953906249997 0.9883298640625 0.4135993421875 0.9303525625000001 0.3550999828125 0.932802821875
2 0.4453630046875 0.9527916937500001 0.44650185000000003 0.9918318609375 0.4927993984375 0.98940706875 0.48664581093750003 0.94973116875 0.4453630046875 0.9527916937500001
2 0.4925971578125 0.9412287265625 0.49388041875 0.9782036250000001 0.5365624546875 0.976412546875 0.5367172250000001 0.9401522046874999 0.4925971578125 0.9412287265625
2 0.4184714234375 0.6904658828125 0.4217262875 0.733292565625 0.5030030765625 0.7243231109375 0.500540453125 0.691446240625 0.4184714234375 0.6904658828125
2 0.6740608781249999 0.686931603125 0.680908665625 0.7549828625 0.7244150546875 0.7499147453125 0.7201647265625 0.6830209328125 0.6740608781249999 0.686931603125
2 0.8755661937499999 0.588637528125 0.8747667015625 0.6383512953125 0.9487458203125 0.640136478125 0.9500178953124999 0.5878979640625001 0.8755661937499999 0.588637528125
2 0.1760308484375 0.6081034515625 0.177611040625 0.6493438265625 0.2388670296875 0.6457972515625 0.23330574375 0.60616276875 0.1760308484375 0.6081034515625
2 0.1176515140625 0.7705158062499999 0.12342375000000001 0.8114118265625001 0.1674172625 0.807889265625 0.16604341250000001 0.7679539625 0.1176515140625 0.7705158062499999
2 0.211050121875 0.7116391046875 0.21473437187500002 0.731301815625 0.2589286796875 0.7334195 0.2522915078125 0.7091708828125001 0.211050121875 0.7116391046875
2 0.31987085625 0.6960577265625 0.3295285796875 0.7749955765625 0.3841637234375 0.7725022218750001 0.3777810296875 0.6935662671875 0.31987085625 0.6960577265625
2 0.10074650468749999 0.3739095203125 0.10520706093750001 0.4079833625 0.198474290625 0.406311846875 0.19503393125 0.370393740625 0.10074650468749999 0.3739095203125
2 0.2834006390625 0.34089540937499996 0.292280740625 0.4139302625 0.346757075 0.4137079234375 0.341942975 0.3378529546875 0.2834006390625 0.34089540937499996
2 0.4759135703125 0.06477525468749999 0.48196011250000004 0.10172611250000001 0.5113253296875 0.094604053125 0.511190503125 0.062485157812500004 0.4759135703125 0.06477525468749999
2 0.95275175625 0.06363189531249999 0.9346235937499999 0.036114718750000004 0.9220647390625001 0.0350159609375 0.8972262171875001 0.049044971874999996 0.91811579375 0.0822909515625 0.95275175625 0.06363189531249999
2 1 0.0418344125 0.9964044578125 0.04151984375 0.966059146875 0.0520742046875 0.9806178765625001 0.082203790625 1 0.075936103125 1 0.0418344125
2 0.8556314484374999 0.150196115625 0.8174059953125001 0.1606049984375 0.8263709625000001 0.185611590625 0.8602848359375 0.1772788796875 0.8556314484374999 0.150196115625
2 0.7748005484375 0.3187682703125 0.7753214500000001 0.349621953125 0.84236371875 0.348467646875 0.8493763937500001 0.31625335468750004 0.7748005484375 0.3187682703125
2 1 0.3595252703125 0.951484734375 0.362639065625 0.9524330296875 0.3958924703125 1 0.3941345078125 1 0.3595252703125
2 0.3688709203125 0 0.374334115625 0.057640801562499996 0.521921696875 0.053721756249999995 0.5184437875000001 0.0013171203125 0.4996080921875 0 0.3688709203125 0
2 0.0243625640625 0.2490474015625 0.0279817984375 0.286663371875 0.08393452031250001 0.28235124375 0.07947500625000001 0.24398420468749998 0.0243625640625 0.2490474015625
2 0.6801391046874999 0.9489908375 0.6813686718749999 0.9654542125000001 0.7592726125 0.9664158593750001 0.7562435703125 0.9501508812499999 0.6801391046874999 0.9489908375