2 1 0.754284421875 0.9736106156250001 0.7538729140625 0.9617010484374999 0.864043446875 1 0.85010376875 1 0.754284421875
2 0.7173959890625 0.7453970046875 0.7287981078125 0.73650805625 0.6889655640625 0.66728505625 0.678578009375 0.6716976734375 0.7173959890625 0.7453970046875
2 0.6368116578125 0.8192747812500001 0.6506900453125 0.7355557828125 0.6352306140625 0.732968434375 0.6197216875 0.8169633093750001 0.6368116578125 0.8192747812500001
2 0.34929763281250004 0.6948720296875 0.364664159375 0.656736846875 0.28438129375 0.62751078125 0.26656029062500003 0.661798740625 0.34929763281250004 0.6948720296875
2 0 0.5393508515625001 0.00035288124999999996 0.54157885625 0.025359596875 0.5385471953125001 0.0245830765625 0.4756442703125 0 0.4770554921875 0 0.5393508515625001
2 0.0589033421875 0.6827241828124999 0.0640175859375 0.646426621875 0.016824384375 0.6307470562499999 0.030430371875 0.668129203125 0.0589033421875 0.6827241828124999
2 0.35233990625 0.4448119828125 0.38208805 0.4627323078125 0.40477236874999994 0.40677079687499995 0.3715634203125 0.38663323125 0.35233990625 0.4448119828125
2 0.36673766093750004 0.2866609203125 0.4005181875 0.2949011203125 0.40888508281249997 0.249837425 0.378167828125 0.245221203125 0.36673766093750004 0.2866609203125
2 0.349494534375 0.18551979999999998 0.3801287015625 0.1582575578125 0.35073171875 0.13515291406250002 0.3253034359375 0.15894239062499999 0.349494534375 0.18551979999999998
2 0.2464981078125 0.42457101562500005 0.2907629046875 0.40688197343750004 0.281329865625 0.3607129953125 0.2306055515625 0.379175134375 0.2464981078125 0.42457101562500005
2 0.08402285000000001 0.3718687421875 0.1028029578125 0.33154499843749996 0.0570787140625 0.320385615625 0.042452106249999996 0.354774621875 0.08402285000000001 0.3718687421875
2 0.519561196875 0.5539175515625 0.44385872656250003 0.503752765625 0.42690423749999995 0.5421483281249999 0.501637634375 0.5844517078125 0.519561196875 0.5539175515625
2 0.4258446203125 0.551379975 0.4479247703125 0.48236939687499997 0.4027278734375 0.461854509375 0.371447959375 0.532003696875 0.4258446203125 0.551379975
2 0.8479954734374999 0.22144193125 0.8191923171875001 0.22023443125000003 0.8148698171875 0.25877124375 0.8471574046875 0.25902644218750004 0.8479954734374999 0.22144193125
2 0.8319505968750001 0.34038393125 0.8694598515624999 0.34631920156249996 0.8721235421875001 0.306806509375 0.838263175 0.3039661421875 0.8319505968750001 0.34038393125
2 0.1521743640625 0.59032966875 0.1300783109375 0.6208028453125001 0.1780553625 0.6440953125 0.1971988421875 0.616908278125 0.1521743640625 0.59032966875
2 0.21627775 0.1524990390625 0.2251365109375 0.14074300312500002 0.182440571875 0.10289125937500002 0.169624625 0.1145062921875 0.21627775 0.1524990390625