2 0.03158123125 0.5197651234375 0.0175505296875 0.551338446875 0.0522711984375 0.5687967828125 0.06751216875 0.5414107718750001 0.03158123125 0.5197651234375
2 0.23240582031249998 0.64802364375 0.18555530781250001 0.61448315 0.15800125625 0.644155890625 0.2141768984375 0.679604953125 0.23240582031249998 0.64802364375
2 0.310703440625 0.769244025 0.3445798140625 0.7841885203125 0.370577109375 0.7357287875 0.33898593906249996 0.7152011218750001 0.310703440625 0.769244025
2 0.43678317968749997 0.8917897890625 0.473690465625 0.91075460625 0.4981817171875 0.8644783984375 0.4604622921875 0.8427596890625001 0.43678317968749997 0.8917897890625
2 0.4938531390625 0.9848694890624999 0.50923656875 0.9564810484375 0.48424266875 0.9359291234375 0.46207254531249997 0.9678227765624999 0.4938531390625 0.9848694890624999
2 0.544885278125 0.9758685687499999 0.56130663125 0.961403834375 0.53715948125 0.9412375687500001 0.5242261484374999 0.958614521875 0.544885278125 0.9758685687499999
2 0.574809825 0.9549152828125 0.5835904203125 0.9393782875 0.5540775328125 0.9232498640625 0.5439390828125 0.9335389984375 0.574809825 0.9549152828125
2 0.6692379234375 0.7651241609375 0.681679728125 0.7363238828124999 0.6263598984375001 0.7075842203125 0.6160151 0.740661721875 0.6692379234375 0.7651241609375
2 0.846020203125 0.812731434375 0.8687052140624999 0.7835735671874999 0.8142937046875 0.74837085625 0.7957177390625 0.7802883890625 0.846020203125 0.812731434375
2 0.7656477515625 0.52709091875 0.7907333421875 0.5533786125 0.8339887234375001 0.5229193578125 0.8099124765625 0.49797111093749996 0.7656477515625 0.52709091875
2 0.9871456078125 0.24374275 0.9714471937500001 0.2103896109375 0.89656323125 0.2483181453125 0.91687365625 0.282985315625 0.9871456078125 0.24374275
2 0.4606428046875 0.3039252890625 0.40879670937499996 0.32299529531250004 0.43073043125000005 0.375975984375 0.47781512499999995 0.35665493593750003 0.4606428046875 0.3039252890625
2 0.5387859546875 0.221463828125 0.506085959375 0.2365566265625 0.5296227109375 0.2866636984375 0.5718135734375001 0.268033915625 0.5543512421875 0.23443287656249998 0.5491622859375 0.24149033125 0.5387859546875 0.221463828125
2 0.6312768046875 0.9712375 0.6549727078124999 0.9434192953125 0.6255236296875 0.9183155296875001 0.5968565328125 0.9409760593750001 0.6312768046875 0.9712375
2 0.604087265625 0.3498435859375 0.6251822687499999 0.323455446875 0.5954105015625 0.2985146078125 0.5723574218749999 0.319625753125 0.604087265625 0.3498435859375
2 0.67915811875 0.21243858906250002 0.6733406625 0.2026366890625 0.6210109328125 0.22942544062499998 0.6286490421875001 0.2412046578125 0.67915811875 0.21243858906250002
2 0.640070365625 0.264450109375 0.689968884375 0.2379176796875 0.676165965625 0.22519631874999999 0.6306896515625 0.25227135624999997 0.640070365625 0.264450109375
2 0.9514885484375 0.1518768375 0.9827658203125 0.134108434375 0.9621883953125 0.09707482656250001 0.9280993453124999 0.11351870312500001 0.9514885484375 0.1518768375
2 0.6767921921875 0.31034336875 0.6959965203125 0.3358045046875 0.7308654328124999 0.30955656249999997 0.7173083171875 0.28869803437499997 0.6767921921875 0.31034336875
2 0.5220275562500001 0.3407060296875 0.5439459765625 0.376730509375 0.5652476656250001 0.365948009375 0.54373040625 0.3334685484375 0.5220275562500001 0.3407060296875
2 0.4440724921875 0.153042959375 0.4642283265625 0.18882130156250002 0.49525791406249997 0.172815265625 0.4781278765625 0.134716703125 0.4440724921875 0.153042959375
2 0.45716248125 0.1836358984375 0.4409589453125 0.14961060625 0.387500765625 0.15880861875000002 0.40682110156249995 0.20052061562499998 0.45716248125 0.1836358984375
2 0.5356746765625 0.14974378593749998 0.5185426640624999 0.11379240625 0.4956125171875 0.12549629843750001 0.5044598859375 0.1585350828125 0.5356746765625 0.14974378593749998