2 0.038192221875 0.3613011171875 0.016307695312500002 0.3804828125 0.04406270625 0.4104074046875 0.0656694953125 0.392719125 0.038192221875 0.3613011171875
2 0.2258700125 0.704680746875 0.19308398437500002 0.6666127109375 0.1579800703125 0.6981398375000001 0.1886219890625 0.742816415625 0.2258700125 0.704680746875
2 0.25473201562500003 0.6133662890625 0.23092389062500002 0.6284579359375 0.2579287859375 0.6708835109375 0.2827672921875 0.64536205 0.25473201562500003 0.6133662890625
2 0.38967868125 0.5854850468749999 0.41583807500000003 0.5697171796875 0.3992651875 0.53702565 0.37097640468750004 0.5460340265625 0.38967868125 0.5854850468749999
2 0.0332171421875 0.4737620015625 0.0081408625 0.48651992499999996 0.020176759375 0.5172904968750001 0.045268009375 0.49591743125 0.0332171421875 0.4737620015625
2 0.8475393984374999 0.4055197453125 0.8328901640625 0.3769198234375 0.8078882671875001 0.3899722046875 0.8219940578125 0.42185871875 0.8475393984374999 0.4055197453125
2 0.7868037484375 0.399917225 0.768555865625 0.3702547484375 0.7454102984375 0.3850230765625 0.7625265125 0.4185883625 0.7868037484375 0.399917225
2 0.7756611312499999 0.69053156875 0.7893283765625 0.72718629375 0.811730940625 0.7228393078125 0.79842515625 0.6817161203125 0.777269971875 0.687801884375 0.7756611312499999 0.69053156875
2 0.5965770125 0.8503648187499999 0.5878761375 0.8221512875 0.5527745921875 0.8328828500000001 0.5617863890625 0.8569267406250001 0.5965770125 0.8503648187499999
2 0.50842538125 0.8415593390625 0.49330708906250004 0.8165404703125001 0.47229695625 0.8267799515625001 0.4882158515625 0.8577119812499999 0.50842538125 0.8415593390625
2 0.8245267078125 0.0694587828125 0.811857646875 0.080595209375 0.8420543515625001 0.12944611875 0.8519013046874999 0.12108330781250001 0.8245267078125 0.0694587828125
2 0.885876521875 0.07563552968750001 0.8704696328124999 0.042307607812499995 0.8571242968749999 0.0510912046875 0.8765781171875 0.08130568125 0.885876521875 0.07563552968750001
2 0.335838653125 0.8963049421875 0.3091065375 0.9126853562499999 0.3265553234375 0.9364330578125 0.3538585453125 0.9194385875 0.335838653125 0.8963049421875
2 0.5277260359375 0.9353507046875 0.5064506062499999 0.9040116140625001 0.481818375 0.9164569734375 0.4986234890625 0.951813896875 0.5277260359375 0.9353507046875