2 0 0.43201413281249995 0.030406975000000003 0.430213565625 0.017432051562500002 0.3492034390625 0 0.3529087359375 0 0.43201413281249995
2 0.657370796875 0.067495128125 0.5942254296875 0.069990825 0.60152139375 0.1209467921875 0.666085378125 0.1142055609375 0.657370796875 0.067495128125
2 0.8533461578124999 0.14785083593749998 0.8433594359375001 0.09230717968749999 0.780240771875 0.09752876875 0.7845970531249999 0.15821480625 0.8533461578124999 0.14785083593749998
2 0.48702186249999996 0.056358359375 0.4605802859375 0.063191121875 0.47707173750000004 0.14648886249999998 0.507070890625 0.1449700609375 0.48702186249999996 0.056358359375
2 0.65923435 0.41006553281249997 0.6446417421875 0.4155953453125 0.6676709796875 0.534836440625 0.68598448125 0.5330667390625 0.65923435 0.41006553281249997
2 0.63995119375 0.5361742546875 0.6408259796875 0.5369004328125 0.658715559375 0.5388629265625 0.6328166328125 0.399898409375 0.61859404375 0.40716902031249996 0.63995119375 0.5361742546875
2 0.5716464265625001 0.41168650781249994 0.548104465625 0.41790453593750004 0.5623495609375 0.4971271421875 0.595645378125 0.49035340781250003 0.5716464265625001 0.41168650781249994
2 0.618397659375 0.486124275 0.6069527765625 0.4066083734375 0.5905832328125 0.4094824109375 0.602694021875 0.48642711250000004 0.618397659375 0.486124275
2 0.6061505546875 0.502688815625 0.606582015625 0.54751779375 0.6250991609375001 0.5490433890624999 0.618828396875 0.5024221171875001 0.6061505546875 0.502688815625
2 0.32179645 0.5400635859375 0.309846775 0.46672513125000004 0.29467524375 0.4723795953125 0.303822746875 0.5429734921875 0.32179645 0.5400635859375
2 0.3329309984375 0.5182723953124999 0.34743662343750004 0.5151891296875 0.33926515 0.4653297765625 0.3248465125 0.46596649375 0.3329309984375 0.5182723953124999
2 0.39057061718749997 0.512697878125 0.4041251234375 0.507995734375 0.39565874375 0.4487903375 0.3807070171875 0.45773346875 0.39057061718749997 0.512697878125
2 0.3529795671875 0.46423573124999995 0.3654113078125 0.519866696875 0.3804232515625 0.5106056640625 0.3696829890625 0.46007669843750004 0.3529795671875 0.46423573124999995
2 0.8253118765625 0.2812843953125 0.7746719093750001 0.288406165625 0.79043614375 0.3594146796875 0.8400875937500001 0.347950415625 0.8253118765625 0.2812843953125