2 0.8434756 0.09368368125 0.8207210453125 0.06771680468749999 0.772594609375 0.10919492187499999 0.7956924453124999 0.136021246875 0.8434756 0.09368368125
2 0.922087690625 0.1866177703125 0.8878105078124999 0.21231020625000002 0.9209977531250001 0.250016503125 0.9490674140625 0.2219914 0.922087690625 0.1866177703125
2 0.7107279375 0.251818053125 0.6810846046875 0.277023453125 0.7189608 0.3196101078125 0.7440507109375 0.2972713734375 0.7107279375 0.251818053125
2 0.668291828125 0.3028458703125 0.684247778125 0.3411707796875 0.6996470734375 0.3401476984375 0.6815489625 0.2984673859375 0.668291828125 0.3028458703125
2 0.6575072046875 0.31562128125 0.646059090625 0.318317078125 0.6516789281250001 0.3433998625 0.6676052640625 0.3417259390625 0.6575072046875 0.31562128125
2 0.6073416078125 0.33014928593750004 0.6583202109374999 0.383896253125 0.6698393312500001 0.3743272578125 0.618023365625 0.3182786484375 0.6073416078125 0.33014928593750004
2 0.4011932546875 0.059870165625000006 0.44351014375000003 0.10497518593749999 0.47154943437499997 0.08232645937500001 0.42898429218749995 0.03485945 0.4011932546875 0.059870165625000006
2 0.2121365953125 0.11675609375 0.23458203125 0.143055540625 0.2835489375 0.103878740625 0.2649825109375 0.07478351093749999 0.2121365953125 0.11675609375
2 0.1581074234375 0.074374634375 0.1088389546875 0.1043293125 0.1482066265625 0.1497458796875 0.18586941875000002 0.1165333546875 0.1581074234375 0.074374634375
2 0.47268252187500004 0.3484800984375 0.503531759375 0.32284944375 0.47548010312500005 0.2956482546875 0.4465714625 0.3327168453125 0.47268252187500004 0.3484800984375
2 0.6087150968749999 0.1917931 0.6232144515625 0.20310509843750002 0.669355009375 0.1427326203125 0.650665715625 0.135144615625 0.6087150968749999 0.1917931
2 0.89337795 0.43232570625 0.867770196875 0.44725610937500004 0.8874842046874999 0.47025894687500003 0.9119516953125 0.45335881718750004 0.89337795 0.43232570625
2 0.795692646875 0.541101234375 0.7782509421875 0.55457633125 0.8160652374999999 0.5965740421875 0.8334226062500001 0.5857943999999999 0.795692646875 0.541101234375
2 0.3747949640625 0.280857315625 0.36454390625 0.289994521875 0.3888848 0.31728721875 0.3987581109375 0.309085246875 0.3747949640625 0.280857315625
2 0.357100678125 0.29973214531250003 0.3429333625 0.3113705390625 0.368143540625 0.33558833906249996 0.37882374531249996 0.3237178625 0.357100678125 0.29973214531250003
2 0.570582928125 0.1949038515625 0.557328878125 0.200477621875 0.5743098390625 0.23152898125000002 0.5864511515624999 0.2278647953125 0.570582928125 0.1949038515625
2 0.3765084078125 0.64217630625 0.4018767828125 0.61682163125 0.36918449062500003 0.583839475 0.349994825 0.61690303125 0.3765084078125 0.64217630625
2 0.3601191828125 0.5922550359375001 0.34012405156250003 0.5683862140625 0.3227363125 0.58454223125 0.34834908124999997 0.606925084375 0.3601191828125 0.5922550359375001
2 0.6577273234375001 0.7857549625 0.6577676968749999 0.8156017468750001 0.7100542843750001 0.8136899 0.7073552390625 0.782329921875 0.6577273234375001 0.7857549625
2 0.554426221875 0.2198873609375 0.5422696515625 0.22176209062500002 0.5472671359375 0.24093851093750002 0.5615811374999999 0.23525490468750002 0.554426221875 0.2198873609375
2 0.5832842328125001 0.545515640625 0.5716858031250001 0.53568980625 0.5391450796874999 0.5665729171875 0.54923465625 0.5774544421875001 0.5832842328125001 0.545515640625
2 0.1668565171875 0.2597270484375 0.1552778734375 0.26243656406250004 0.164962521875 0.29783692031250003 0.1800532125 0.2938627421875 0.1668565171875 0.2597270484375
2 0.152655775 0.2862944703125 0.142857478125 0.291801965625 0.14586869062500002 0.303425884375 0.1588472015625 0.30206178906250003 0.152655775 0.2862944703125
2 0.2290595546875 0.3409528375 0.2150118859375 0.3427278171875 0.21935680781250003 0.361375803125 0.22895133125 0.3561866640625 0.2290595546875 0.3409528375
2 0.20927066875000003 0.3484043453125 0.19551203281250001 0.350148946875 0.1965974203125 0.36615599374999996 0.21283701875 0.3674326734375 0.20927066875000003 0.3484043453125
2 0.227243809375 0.315171715625 0.21408099531250002 0.3225253859375 0.2207242890625 0.3403347859375 0.23438589375 0.3341243 0.227243809375 0.315171715625
2 0.284051003125 0.19188650000000002 0.3188778171875 0.1789722375 0.30028148125 0.13256655625 0.2702876140625 0.1536296546875 0.284051003125 0.19188650000000002