2 0.47842610781249995 0.6532415375 0.5548666359375 0.7055087109375 0.6130534265625001 0.623480359375 0.534066834375 0.5687411890625 0.47842610781249995 0.6532415375
2 0.9680577609375 0.7801284015625 0.9914856999999999 0.7525451703125 0.9914884296875 0.752467015625 0.9718194328124999 0.7330855078125 0.9420388390625 0.7573711203125 0.9680577609375 0.7801284015625
2 0.439584803125 0.4927987734375 0.47347976718749996 0.5191920734375 0.5235761265625001 0.457956375 0.49035880781249996 0.43369656562500003 0.439584803125 0.4927987734375
2 0.6198755593749999 0.357855584375 0.6522495453125 0.3328731109375 0.62577329375 0.30923181093749996 0.6009310390625 0.3358976125 0.6198755593749999 0.357855584375
2 0.320804209375 0.10637922500000001 0.31431590625 0.1430965390625 0.377151553125 0.1506896640625 0.382871834375 0.11474558906250001 0.320804209375 0.10637922500000001
2 0.53722198125 0.2669331625 0.5613733812499999 0.23806797500000001 0.5284651031250001 0.2155608171875 0.5033853734375 0.2374515609375 0.53722198125 0.2669331625
2 0.051147640625000004 0.22347732968749998 0.035886796875 0.27711884531250003 0.0743379234375 0.2866015671875 0.087905359375 0.23361404531250002 0.051147640625000004 0.22347732968749998
2 0.2739710796875 0.13997047812500002 0.2840198546875 0.1029299859375 0.2272082609375 0.097017896875 0.218976475 0.1358148703125 0.2739710796875 0.13997047812500002
2 0.46862932968750004 0.6421317609375 0.4728972890625 0.6253053171875 0.4560096140625 0.6252701093749999 0.45476580625 0.6387407453125 0.46862932968750004 0.6421317609375
2 0.44305000312500004 0.615029 0.45047925624999996 0.5973341609375 0.4159532421875 0.5793294453125 0.40975898437499997 0.595480121875 0.44305000312500004 0.615029
2 0.4594168234375 0.5796272234375001 0.4650053703125 0.5634516640625 0.4321971390625 0.5517697171875 0.428718784375 0.5662356843749999 0.4594168234375 0.5796272234375001
2 0.4032314890625 0.5841143734375 0.4129644328125 0.5726278859375 0.396010603125 0.5653789484375 0.39122660468750003 0.575859528125 0.4032314890625 0.5841143734375
2 0.4741248140625 0.5467852015625 0.481626521875 0.5346211828125 0.46515404374999997 0.5266828718750001 0.4608852953125 0.5400855625000001 0.4741248140625 0.5467852015625
2 0.2980338609375 0.4491104265625 0.30252288437499997 0.4626014984375 0.336231265625 0.45545356875 0.33073247031249997 0.441364696875 0.2980338609375 0.4491104265625
2 0.7397384875 0.20503079062500001 0.745010309375 0.21954205781249997 0.803830253125 0.20435199843750002 0.8018382953125001 0.18964477500000002 0.7397384875 0.20503079062500001
2 0.4078256765625 0.2870393015625 0.40458538749999995 0.29944513125 0.4193746984375 0.30466726875 0.42323157499999997 0.2889287375 0.4078256765625 0.2870393015625
2 0.4021937953125 0.3115172671875 0.4025824765625 0.325698025 0.41393316249999995 0.328515109375 0.4186838078125 0.314426125 0.4021937953125 0.3115172671875
2 0.4057962828125 0.3370768859375 0.40426206562500006 0.34889154218749996 0.4191198640625 0.3510918125 0.41939860937500006 0.338995578125 0.4057962828125 0.3370768859375
2 0.7531982765625 0.21981817656249997 0.7508891671875 0.232358096875 0.779607615625 0.23452282812499997 0.7840112796875001 0.22531354218750002 0.7531982765625 0.21981817656249997
2 0.383402628125 0.066466828125 0.39002061875 0.0116790265625 0.355521571875 0.017762139062499998 0.3473250359375 0.060178287500000004 0.383402628125 0.066466828125