2 0.1496464203125 0.631999928125 0.1873876578125 0.636845996875 0.19773190937500001 0.5747615546875 0.1606869921875 0.5673251734375 0.1496464203125 0.631999928125
2 0.04475601875 0.6762075125 0.07953971875 0.684149546875 0.0923995984375 0.645419240625 0.049925934374999995 0.6364227140625001 0.04475601875 0.6762075125
2 0.8710461890625 1 0.8706201374999999 0.9894384953124999 0.8317606812499999 0.9877128421875 0.831943809375 1 0.8710461890625 1
2 0.7827436515625 0.7695571625000001 0.745934740625 0.7799482249999999 0.7687879171875001 0.8316077109375 0.8014029234375 0.8213815125 0.7827436515625 0.7695571625000001
2 0.91340038125 0.893884271875 0.9362833140625 0.8979191515625 0.9444284984375001 0.8517255125000001 0.898349415625 0.851136896875 0.91340038125 0.893884271875
2 0.88811941875 0.5481781640625 0.845626515625 0.5394796984375 0.8386847921875 0.5720186218750001 0.8796266375 0.579237775 0.88811941875 0.5481781640625
2 0.82574615 0.378613275 0.7964383140625 0.4011809390625 0.8273721296875 0.424118196875 0.8490766703125001 0.400211453125 0.82574615 0.378613275
2 0.6459849265625001 0.2010124109375 0.626723946875 0.22474711093750002 0.6442741046875 0.2456275078125 0.66515455625 0.229111825 0.6459849265625001 0.2010124109375
2 0.3704190984375 0.26576971562499996 0.3930956796875 0.2842380390625 0.4256261515625 0.2649532921875 0.3990742609375 0.24007400625000003 0.3704190984375 0.26576971562499996
2 0.853135996875 0.3942952171875 0.863560721875 0.4069873359375 0.8865028875000001 0.3658128546875 0.870627271875 0.356986046875 0.853135996875 0.3942952171875
2 0.8756387234374999 0.41032124531249997 0.8866146687500001 0.4164769671875 0.908246759375 0.379295025 0.8982682296875 0.3709019515625 0.8756387234374999 0.41032124531249997
2 0.705745546875 0.7547744984375 0.7253246250000001 0.770285009375 0.7566080265624999 0.7420381828125 0.7305446234375 0.72357558125 0.705745546875 0.7547744984375
2 0.5951549515625 0.85525339375 0.6064104359375 0.8837676468750001 0.6448027609375 0.87124414375 0.6327902296875 0.840184765625 0.5951549515625 0.85525339375
2 0.725814309375 1 0.7163156625 0.9821280531250001 0.7011287359375 0.99000110625 0.7050000062499999 1 0.725814309375 1