2 0.9296941406249999 0.05178405625 0.8828596234375 0.0159299703125 0.8471411234374999 0.056876895312499995 0.887881059375 0.102126046875 0.9296941406249999 0.05178405625
2 0.7004140453125001 0.101823 0.7313480296875 0.05099419375000001 0.6951439140625 0.029874753124999997 0.668156725 0.08047396875 0.7004140453125001 0.101823
2 0.8132214421875 0.1988065328125 0.831669275 0.164981153125 0.79926448125 0.148678753125 0.7820478171875 0.1834148203125 0.8132214421875 0.1988065328125
2 1 0.0780418125 0.9459154125 0.1438171125 0.9949120109375 0.19009958124999998 1 0.1760094515625 1 0.0780418125
2 1 0.0219052546875 0.97578963125 0.063277784375 0.99220000625 0.0736595171875 1 0.054876757812499996 1 0.0219052546875
2 0.9412034625000001 0.6176226640625 0.9593772828124999 0.5944816296875 0.9348934078125 0.569708365625 0.9106818921875 0.5971946906250001 0.9412034625000001 0.6176226640625
2 0.8587168374999999 0.9600180343750001 0.8518460703124999 0.9429736515625 0.8249092499999999 0.9567556390625 0.8264296078125 0.9716281875 0.8587168374999999 0.9600180343750001
2 0.8701938859375 0.9795181828124999 0.8640068937500001 0.9627826562499999 0.8334835375 0.9753143578125 0.8391133749999999 0.992634 0.8701938859375 0.9795181828124999
2 0.6216821609375 0.880165921875 0.5464526078125 0.8331255093750001 0.5281299359375 0.8630931109375 0.5961931296875 0.9064422671875001 0.6216821609375 0.880165921875
2 0.5743945765625 0.76175854375 0.5426065390625 0.7475453515625 0.527813203125 0.7793545171875 0.5571659609374999 0.79708980625 0.5743945765625 0.76175854375
2 0.580452909375 0.7957131984375 0.597278146875 0.8102606171875 0.6339617890625 0.74795228125 0.61697009375 0.7357788828125 0.580452909375 0.7957131984375
2 0.5830405890625 0.7494388109375001 0.5962966609375 0.7645162078125 0.6262402218750001 0.7145624359375 0.6127125343750001 0.707794065625 0.5830405890625 0.7494388109375001
2 0.43029958125 0.9617445109375 0.40474322812499997 0.9984134499999999 0.45990045 0.9993762234375 0.469633146875 0.9855908578125 0.43029958125 0.9617445109375
2 0.2482672 0.6625360984374999 0.2151954203125 0.641471334375 0.192088296875 0.6737292218750001 0.2284965765625 0.695149146875 0.2482672 0.6625360984374999
2 0.1389506453125 0.6561741671875 0.099440690625 0.64538766875 0.08515652500000001 0.681958009375 0.12413476406249999 0.6921398234375 0.1389506453125 0.6561741671875
2 0.2524175125 0 0.219523896875 0.053640159374999996 0.255890728125 0.077434721875 0.2937600984375 0.015148646875 0.2610584921875 0 0.2524175125 0
2 0.6155489390625 0.6472702859374999 0.643446334375 0.6017346031249999 0.6259500078125 0.5951938796875 0.6021145171875 0.6351589796875 0.6155489390625 0.6472702859374999
2 0.7810677187499999 0.171522465625 0.82018171875 0.1095550359375 0.7495861328125 0.07180003593749999 0.717574571875 0.13834524374999999 0.7810677187499999 0.171522465625
2 0.9543662765625 0.6436829171875 0.9794972390625001 0.666390596875 0.9971492124999999 0.596330184375 0.9850143609374999 0.5872092 0.9543662765625 0.6436829171875