2 0.9959008859375 0.1535838203125 0.9734826953125 0.07577446875 0.891471290625 0.06131364375 0.9223308375 0.167742365625 0.9959008859375 0.1535838203125
2 0.6842529578125001 0.2273546578125 0.6714805125 0.220580709375 0.64605001875 0.2999010546875 0.657046009375 0.3024428546875 0.6842529578125001 0.2273546578125
2 0.607496890625 0.24185578593749998 0.579291696875 0.161818625 0.5628627453124999 0.167062621875 0.5927216125 0.2470883296875 0.607496890625 0.24185578593749998
2 0.339503146875 0.36914515937500003 0.3177479671875 0.33425770625 0.242010709375 0.3811957265625 0.2655150125 0.4118681890625 0.339503146875 0.36914515937500003
2 0.2605960921875 0 0.270163615625 0.0370720390625 0.30731104062500003 0.027946484375000004 0.297700365625 0 0.2605960921875 0
2 0 0.6107833671875 0.0360350546875 0.6065409921875 0.025876803124999997 0.5444588640625 0 0.5458546609375 0 0.6107833671875
2 0.045214421875 0.43150547812499995 0.0338748703125 0.39664743750000003 0.0083688609375 0.41596496875 0.0014609203125 0.45514185156250003 0.045214421875 0.43150547812499995
2 0.3903508640625 0.5571767078125001 0.36416649375 0.57999049375 0.3932005953125 0.6339472500000001 0.422408171875 0.608348946875 0.3903508640625 0.5571767078125001
2 0.4376445875 0.719257803125 0.40580815625 0.7332387390624999 0.42426060625 0.77206406875 0.45370959843750003 0.7621839828125 0.4376445875 0.719257803125
2 0.44129276875 0.8573660390625 0.40638996250000003 0.8358375406249999 0.38718149999999996 0.8662119171875 0.4163544703125 0.8852244062500001 0.44129276875 0.8573660390625
2 0.3101114625 0.6280369968749999 0.26344747812499997 0.618303190625 0.2556792765625 0.66576911875 0.3088388890625 0.67514259375 0.3101114625 0.6280369968749999
2 0.1380891765625 0.734868334375 0.1125922375 0.6984183296875 0.074621409375 0.7224714359375 0.0949973953125 0.7537981125 0.1380891765625 0.734868334375
2 0.44405997656249996 0.5060530765625 0.5099013343750001 0.443504809375 0.48694786875 0.41654693125 0.420695746875 0.4711849453125 0.44405997656249996 0.5060530765625
2 0.45177743281250005 0.5264055234375 0.4180491671875 0.4622775484375 0.3678435703125 0.49080533906249996 0.41082954843749997 0.5544571015625 0.45177743281250005 0.5264055234375
2 0.8629238515625 0.7200881375 0.8910797421875 0.7138973656250001 0.8837279234375 0.6770293781250001 0.8519751703124999 0.6828873796875 0.8629238515625 0.7200881375
2 0.8905333171875001 0.5871900109375 0.8546245625 0.5995485234375 0.8671651203125 0.6343168796875001 0.9000178484375001 0.625639871875 0.8905333171875001 0.5871900109375
2 0.11472105937499999 0.44526864687499995 0.141773034375 0.47144192812499996 0.1814981625 0.43744869218750004 0.1579245375 0.41399891875000006 0.11472105937499999 0.44526864687499995
2 0.291696628125 0.9015286203124999 0.2809310390625 0.8914894921875 0.24158405156249999 0.9370062734375001 0.256222221875 0.9462193828125001 0.291696628125 0.9015286203124999