2 0.0054707453125 0.1822177484375 0.023018340625 0.214560175 0.0913492953125 0.1783768890625 0.07196835625 0.14891384375 0.0054707453125 0.1822177484375
2 0.23915979531249998 0.07950866875 0.24217630156249997 0.042777592187500005 0.19294239062500002 0.0395459765625 0.1872876671875 0.07441509843750001 0.23915979531249998 0.07950866875
2 0.28316345625 0.178165103125 0.2876710390625 0.15807352187499998 0.240968628125 0.1459862984375 0.2336664 0.173087984375 0.28316345625 0.178165103125
2 0.1853628265625 0.5419105203125001 0.1596439953125 0.518323696875 0.12300787500000002 0.542008228125 0.1540163234375 0.5686534578125 0.1853628265625 0.5419105203125001
2 0.0462828703125 0.5827910296875001 0.059117215625 0.596065478125 0.0950417328125 0.5621169640625 0.0837212671875 0.54725463125 0.0462828703125 0.5827910296875001
2 0.014325189062499999 0.5424849640625 0.04348020625 0.5732500375 0.0604368609375 0.5543946625 0.0371637921875 0.5268639859375 0.014325189062499999 0.5424849640625
2 0.193209725 0.9769105937499999 0.22131878125 0.9655353703125 0.20891044375 0.9279443390625 0.1694080078125 0.945645121875 0.193209725 0.9769105937499999
2 0.8872320015625 0.5790779875000001 0.8459573593749999 0.596155559375 0.8797340078125 0.668337284375 0.9168393171875 0.6519729953125 0.8872320015625 0.5790779875000001
2 0.553949075 0.008471367187499999 0.5568795265625 0.044712406249999996 0.6061118484375 0.04794555625 0.6088747546875 0.0088221921875 0.553949075 0.008471367187499999
2 0.8975118203125 0.3983111125 0.931068890625 0.38109882968750003 0.9190852796875 0.353196375 0.8850517546875001 0.36368369375 0.8975118203125 0.3983111125
2 0.9240409390625001 0.2053712859375 0.9207430171875 0.156071846875 0.8832596484374999 0.16016360624999998 0.89222959375 0.20771333281249998 0.9240409390625001 0.2053712859375
2 0.1648552265625 0.9512258906250001 0.10748306875 0.989060059375 0.11512953125 0.993358225 0.179244765625 0.9944773609374999 0.192469565625 0.985203628125 0.1648552265625 0.9512258906250001
2 0.8634322984375 0.5816286374999999 0.8478036640625 0.524401853125 0.7833483359375 0.542856325 0.8114008640625 0.6026722078125 0.8634322984375 0.5816286374999999