2 0.60990763125 0.8409011281250001 0.617916490625 0.7229700625000001 0.5718804468750001 0.7196431015625 0.5666553796875 0.844583071875 0.60990763125 0.8409011281250001
2 0.7580452859375 0.589465521875 0.7562071234375 0.5507886937500001 0.7053313953125 0.5471557484375 0.70434403125 0.5806598453125 0.7580452859375 0.589465521875
2 0.727866328125 0.464322740625 0.72140680625 0.42689341093750005 0.681827503125 0.43964462656250003 0.6938981765625 0.47433671093749996 0.727866328125 0.464322740625
2 0.8139799671875 0.0958110828125 0.8558389312499999 0.077949109375 0.8376524218749999 0.044525215624999996 0.8009619234375001 0.0628994265625 0.8139799671875 0.0958110828125
2 0.2923079515625 0.680077965625 0.32219171874999997 0.6836647921875 0.3320104171875 0.6511379953125 0.2973563359375 0.64773876875 0.2923079515625 0.680077965625
2 0.1305339390625 0.9112674765625 0.1877408796875 0.9002327953125 0.1754157609375 0.8615971203124999 0.1305525125 0.868736925 0.1305339390625 0.9112674765625
2 1 0.777365325 0.9682836484375 0.771366875 0.9601364796875 0.8072546875000001 0.99732204375 0.8116124906250001 1 0.7993752203125 1 0.777365325
2 0.8314451859374999 0.8984194484374999 0.8469597609375 0.9064209203125 0.876942715625 0.8339206546875 0.8571587968750001 0.8232719765625 0.8314451859374999 0.8984194484374999
2 0.83509955625 0.950019275 0.8397022812499999 0.95717174375 0.8790979296874999 0.9516350453125 0.8637027906249999 0.9274295718750001 0.83509955625 0.950019275
2 0.765984940625 0.9190003593749999 0.80848395 0.9142251046875 0.8050779921875 0.9006561312500001 0.7645090171875 0.9042323578125 0.765984940625 0.9190003593749999
2 0.7672132109375001 0.966147625 0.8061861562500001 0.9618695046875001 0.80509423125 0.9455675093749999 0.76733791875 0.9499586578124999 0.7672132109375001 0.966147625
2 0.1205059203125 0.7162038234375 0.074613790625 0.73523220625 0.0856713046875 0.786179740625 0.141966040625 0.76649880625 0.1205059203125 0.7162038234375
2 0.296262303125 0.7466110593749999 0.286623625 0.6694957734375 0.2502520171875 0.6752070546875 0.2579716953125 0.74720050625 0.296262303125 0.7466110593749999
2 0.32091561562500004 0.9348273125000001 0.299435090625 0.858778284375 0.265930890625 0.8592946296875 0.2785918421875 0.9365831703125 0.32091561562500004 0.9348273125000001