2 0.9422875 0.101703125 0.943771875 0.0587375 0.912896875 0.051618750000000005 0.9069593749999999 0.09373437500000001 0.9422875 0.101703125
2 0.8184906249999999 0.09280625 0.827990625 0.067634375 0.7953328125 0.0563640625 0.7852390625 0.0848375 0.8184906249999999 0.09280625
2 0.6626296875000001 0.05099843750000001 0.6284890625 0.03856875 0.62433125 0.06348125 0.6510515625 0.07356718749999999 0.6626296875000001 0.05099843750000001
2 0.566440625 0.5242234375 0.5596140625 0.5564109375 0.59345625 0.564121875 0.60295625 0.53565 0.566440625 0.5242234375
2 0.92625625 0.495759375 0.9396140624999999 0.46090937500000007 0.9146765625000001 0.448453125 0.900428125 0.47811250000000005 0.92625625 0.495759375
2 0.47826874999999996 0.3594765625 0.44501875 0.3493921875 0.43670625 0.3826109375 0.46639375000000005 0.390915625 0.47826874999999996 0.3594765625
2 0.40256406250000004 0.9458578125000001 0.3981125 0.9923953125 0.4337375 0.9987546875 0.43908125 0.9544312500000001 0.40256406250000004 0.9458578125000001
2 0.8178953124999999 0.9775656250000001 0.8238328125000001 0.963328125 0.7888015625 0.9473140624999999 0.7816765625000001 0.9627359375 0.8178953124999999 0.9775656250000001
2 0.8315531249999999 0.9413812500000001 0.7962234375 0.927178125 0.7893953125000001 0.938415625 0.8291765625 0.9562109375000001 0.8315531249999999 0.9413812500000001
2 0.8368953125 0.912315625 0.7997875 0.902271875 0.7959265624999999 0.9176546875 0.8363015624999999 0.9289249999999999 0.8368953125 0.912315625
2 0.404346875 0.32408281250000004 0.4099875 0.3049046875 0.37376875 0.2948203125 0.3696125 0.312021875 0.404346875 0.32408281250000004
2 0.338440625 0.320525 0.34764375 0.293634375 0.32270625000000003 0.2823640625 0.3120171875 0.3108375 0.338440625 0.320525