2 0.140674221875 0.8283228890625001 0.15775700625 0.911051528125 0.21499034374999998 0.90467015 0.196693878125 0.813096815625 0.140674221875 0.8283228890625001
2 0.28595511406249996 0.89911104375 0.3266210953125 0.8938881671875001 0.321573728125 0.8472203234375 0.2758909984375 0.862614803125 0.28595511406249996 0.89911104375
2 0.49085329531250005 1 0.4732326359375 0.9497032765625001 0.43983029374999993 0.96275259375 0.45323719531249995 1 0.49085329531250005 1
2 0.582371903125 0.7587483875000001 0.64049825625 0.7481365984374999 0.63349179375 0.6819641515625 0.572478853125 0.6918834234375 0.582371903125 0.7587483875000001
2 0.6651485984375001 0.7690304734375 0.6710601234375 0.8025434921875 0.7075400109375 0.7970165703125 0.700072675 0.7582555453125 0.6651485984375001 0.7690304734375
2 0.6169727765624999 0.41170656250000004 0.6711326859375 0.3954201359375 0.6608145828125 0.34138169375 0.6034947546875 0.35759148281250003 0.6169727765624999 0.41170656250000004
2 0.89938336875 0.10507058437500001 0.9349410593749999 0.0948449828125 0.916241759375 0.048536575 0.8846764390624999 0.0558030359375 0.89938336875 0.10507058437500001
2 0.77553845625 0.50239775 0.7930403546875 0.49760269843750005 0.77273976875 0.41986067031249996 0.7598745421875 0.42611709375 0.77553845625 0.50239775
2 0.80559735 0.46458383437500006 0.8194274078125 0.45825994375 0.8118647843750001 0.42664798125000003 0.7937800375 0.4264230234375 0.80559735 0.46458383437500006
2 1 0.8486446328125 0.9796332109374999 0.8526891109375001 0.99525124375 0.9233185781250001 1 0.92214883125 1 0.8486446328125
2 0.8621119515625001 0.8731085953125 0.8999943203124999 0.8621252374999999 0.8904492546875 0.8276759015625 0.8528393234375 0.8374482421874999 0.8621119515625001 0.8731085953125
2 0.730591671875 0.191273634375 0.7655984765625 0.1816817546875 0.7610192687499999 0.13319714062500002 0.723133446875 0.1429887734375 0.730591671875 0.191273634375
2 0.506569353125 0.1253964171875 0.5200543953125 0.1821878390625 0.5420415390625 0.17350795000000002 0.527924225 0.116163975 0.506569353125 0.1253964171875