2 0.7850719453125 0.22331581093750003 0.77835931875 0.1877002 0.74180970625 0.1996697875 0.7531438109375 0.2309665171875 0.7850719453125 0.22331581093750003
2 0.7477504046875 0.1177952359375 0.7321506765625 0.0805246234375 0.6997560765624999 0.09148075156249999 0.71407705 0.1301815046875 0.7477504046875 0.1177952359375
2 0.60691765 0.10160595312500001 0.6004351890625 0.0591220390625 0.558968475 0.07246288906250001 0.5704493890625 0.11202717343749999 0.60691765 0.10160595312500001
2 0.608849996875 0.14179857812500002 0.6124586187500001 0.1149944375 0.570038790625 0.1200901875 0.578235303125 0.1426609953125 0.608849996875 0.14179857812500002
2 0.67863574375 0.3194773609375 0.6424270109375 0.191300753125 0.605169146875 0.1935347234375 0.6443179453125001 0.32531051718750004 0.67863574375 0.3194773609375
2 0.5303846640625001 0.20264709375 0.5417719062499999 0.2601851671875 0.5749738203125 0.25394586406249997 0.5702430609375 0.201043709375 0.5303846640625001 0.20264709375
2 0.5115182640625 0.3363714703125 0.5028123 0.2836004359375 0.4730267171875 0.289503540625 0.47827005624999996 0.3375390796875 0.5115182640625 0.3363714703125
2 0.2537801703125 0.10955521875 0.2787468171875 0.13475465312499998 0.301220328125 0.1024939234375 0.27350939531249996 0.0797725203125 0.2537801703125 0.10955521875
2 0.9924894999999999 0.5867702875 0.9731953671875001 0.59413168125 0.9827618453125 0.6355249296875 0.9865235171875 0.62443801875 0.9924894999999999 0.5867702875
2 0.263055 0.3233405421875 0.25076001406250004 0.3191798 0.23248277968750003 0.3693960921875 0.24509916875 0.3746199375 0.263055 0.3233405421875
2 0.43446229843750006 0.31274671875000004 0.39618903906249997 0.2924978359375 0.3829364515625 0.330640465625 0.419469059375 0.34646633437499996 0.43446229843750006 0.31274671875000004