2 0.380954553125 0.5678712640625 0.37803179375 0.49362472031250004 0.343632275 0.50199845 0.3429072640625 0.5753720984374999 0.380954553125 0.5678712640625
2 0.4801425640625 0.58541823125 0.481976553125 0.517907740625 0.444696696875 0.5205732890625 0.44625329062499997 0.5859990875000001 0.4801425640625 0.58541823125
2 0.45195511406250005 0.5831177375000001 0.4119565703125 0.5833390578125 0.40524971093750006 0.6754146000000001 0.43952347812500003 0.6724160359375 0.45195511406250005 0.5831177375000001
2 0.6275208453125 0.922390021875 0.590914596875 0.92440061875 0.591944034375 0.97854819375 0.6258850546875 0.9785588296875 0.6275208453125 0.922390021875
2 0.7112452734375 0.9061248125000001 0.6742881046875 0.9180004078125 0.6855814734375001 0.95307145625 0.7225197859375 0.93970746875 0.7112452734375 0.9061248125000001
2 0.755121990625 0.5977193171875 0.6788204234374999 0.5921764703125 0.6792416421875 0.6287947265625 0.7502938140625 0.644631134375 0.755121990625 0.5977193171875
2 0.7342493906249999 0.3319302 0.6816642921875 0.3389148734375 0.688597221875 0.38181920625 0.7426509421875 0.373514009375 0.7342493906249999 0.3319302
2 0.44528861875 0.22787507968749998 0.41759644375000005 0.2395361125 0.428992003125 0.300228565625 0.46043548906250004 0.292111884375 0.44528861875 0.22787507968749998
2 0.4135366875 0.36177855000000003 0.37899441562499997 0.36986519218749997 0.3832696890625 0.4037621890625 0.420239053125 0.3975477 0.4135366875 0.36177855000000003
2 0.22168091250000002 0.1902204890625 0.18562110781250002 0.200825540625 0.218490571875 0.3102992328125 0.2563531234375 0.2938742921875 0.22168091250000002 0.1902204890625
2 0.1286757328125 0.0731920328125 0.1133394609375 0.0340045578125 0.057019656249999995 0.0368458390625 0.0733458875 0.0941252546875 0.1286757328125 0.0731920328125
2 0.46640719218750004 0.14258335312499998 0.4286754734375 0.1518446328125 0.4405746890625 0.208021315625 0.4744552984375 0.193734371875 0.46640719218750004 0.14258335312499998
2 0.40216777031250006 0.0480725453125 0.36827377499999997 0.0534219578125 0.3771544484375 0.1092667125 0.4127857203125 0.101382803125 0.40216777031250006 0.0480725453125
2 0.34446224375 0.21881570625000002 0.308975990625 0.23294668437500002 0.3187968859375 0.265762484375 0.353912090625 0.251961978125 0.34446224375 0.21881570625000002
2 0.31079848125 0.0858672234375 0.2773708125 0.0962419921875 0.2810077109375 0.1468833453125 0.31132023750000004 0.13946476562500001 0.31079848125 0.0858672234375
2 0.6469249046875001 0.5112248640625 0.6330241390625 0.508864915625 0.6279311359374999 0.586794409375 0.6456602874999999 0.585243309375 0.6469249046875001 0.5112248640625
2 0.2755293484375 0.8125234656250001 0.22158024687500003 0.8261836703125001 0.23041678437500002 0.8617676734374999 0.282564734375 0.8452865265625 0.2755293484375 0.8125234656250001
2 0.2126420046875 0.61776176875 0.176103178125 0.6227481234375001 0.1842501359375 0.6607765296875 0.21525907187499999 0.654487490625 0.2126420046875 0.61776176875
2 0.0535185140625 0.568505359375 0.004096796875 0.5686570734374999 0.006477237499999999 0.595865640625 0.0513046921875 0.604460125 0.0535185140625 0.568505359375
2 0.2624730671875 0.3434059484375 0.22844813125000002 0.35353339375 0.23770089687499998 0.3801422796875 0.27189328437500004 0.36940102812500003 0.2624730671875 0.3434059484375
2 0.8398325546875001 0.136735246875 0.829686159375 0.1426875265625 0.831451309375 0.17024950156250002 0.8465573125000001 0.16594780781250001 0.8398325546875001 0.136735246875
2 0.8753374109375001 0.2158794625 0.8621632109374999 0.14014573125000002 0.846644775 0.1397153625 0.8593102828125 0.223241834375 0.8753374109375001 0.2158794625
2 1 0.632915809375 0.9814196562499999 0.6318604671875 0.9812429968749999 0.6709135374999999 1 0.667845446875 1 0.632915809375
2 0.5193165203125 0.8221877890625 0.513003178125 0.7500259359375 0.49763843124999996 0.7513701765625 0.507547796875 0.8238134359375 0.5193165203125 0.8221877890625
2 0.5499798765625 0.9685111687499999 0.5379274515625 0.9719496921875 0.5382096015625 0.9973153734375 0.5535743484375 0.9959711328124999 0.5499798765625 0.9685111687499999
2 0.5263926390625 0.9234877906250001 0.5071689921875 0.8739120921874999 0.471182990625 0.8913664609374999 0.48793873281250005 0.9399660390625 0.5263926390625 0.9234877906250001
2 0.415347059375 1 0.4062842546875 0.9798908687500001 0.3918214890625 0.98473230625 0.397975825 1 0.415347059375 1
2 0.3810973359375 1 0.375637559375 0.9903203421875 0.36212878593750003 0.9935882703125 0.365005940625 1 0.3810973359375 1
2 0.092652625 0.7844177718750001 0.07699154375 0.786085946875 0.088359528125 0.8646597843749999 0.1044385390625 0.8578904609375 0.092652625 0.7844177718750001
2 0.1289828828125 0.82534461875 0.1124637875 0.8241077718750001 0.11538638906250001 0.8605071859375 0.1291541640625 0.8545345187500001 0.1289828828125 0.82534461875
2 0.555132203125 0.4012425484375 0.546854984375 0.35428526875 0.464644728125 0.36743791406250004 0.46975919218750006 0.41228939374999996 0.555132203125 0.4012425484375