2 0.705789928125 0.168420890625 0.807255678125 0.20766511250000003 0.8468020859375001 0.1167110125 0.740753315625 0.0821633515625 0.705789928125 0.168420890625
2 0.1190067078125 0.7440824296875 0.09753191562499999 0.7987720125 0.2110357546875 0.8366884953125 0.2292929296875 0.784695928125 0.1190067078125 0.7440824296875
2 0.1935621484375 0.9751000812499999 0.212796671875 0.9255614078125 0.1599907890625 0.9057900859375 0.13948527187499998 0.95963750625 0.1935621484375 0.9751000812499999
2 0.46043208125 0.9359133359375 0.3994629515625 0.9174793781249999 0.3845812671875 0.9513095265624999 0.4452934828125 0.972697959375 0.46043208125 0.9359133359375
2 0.2607439015625 0.84758575 0.2417917390625 0.90070955 0.2862883703125 0.9132682890625 0.3104747109375 0.86503648125 0.2607439015625 0.84758575
2 0.129816190625 0.6682170968750001 0.1067220359375 0.72097851875 0.16569203593749998 0.738418834375 0.1882337421875 0.695360246875 0.129816190625 0.6682170968750001
2 0.95885195625 0.8729357156249999 0.97561361875 0.8005680859375 0.8926287593750001 0.768086878125 0.8586436000000001 0.8397569765625 0.95885195625 0.8729357156249999
2 0.9795861328125 0.7449432687499999 0.9835751593750001 0.70956725625 0.9226399203125 0.68052714375 0.9059934343749999 0.7140915296875 0.9795861328125 0.7449432687499999
2 0.6920654374999999 0.6114182734375 0.674612625 0.6474044109375 0.7501268921875 0.6698996390625 0.7606949968750001 0.6376683734374999 0.6920654374999999 0.6114182734375
2 0.6540640359375 0.7051504125 0.6396536968750001 0.7199680421875 0.7120962734375 0.7469344437500001 0.7160320890625 0.732604190625 0.6540640359375 0.7051504125
2 0.2913630515625 0.640670134375 0.2824329296875 0.654179165625 0.3158088609375 0.6678165265625 0.3217813921875 0.6540503078125 0.2913630515625 0.640670134375
2 0.13876306875 0.6136234984375 0.13520953125 0.627008471875 0.2074714171875 0.6492097421875 0.2088356375 0.6370228921875001 0.13876306875 0.6136234984375
2 0.2990661484375 0.613953903125 0.29422315625 0.6284165296875 0.3264471953125 0.6381887890625 0.33357175625 0.628286115625 0.2990661484375 0.613953903125
2 0.30409164375 0.5905748140625 0.2999450609375 0.6039079015625 0.3357158046875 0.6139983 0.3388555859375 0.6019542437500001 0.30409164375 0.5905748140625
2 0.31595486250000004 0.5707724703125 0.30771959375 0.5831518265625 0.32546522499999997 0.5881001015625 0.3296336953125 0.57792311875 0.31595486250000004 0.5707724703125
2 0.6059307421875 0.0086078890625 0.604993275 0.012528603125000001 0.6414816328125 0.024653349999999997 0.654432971875 0.012851284374999999 0.6059307421875 0.0086078890625
2 0.43793289843750005 0.0008896671874999999 0.424130834375 0.0360047375 0.4462472015625 0.042107089062500005 0.45857034375000005 0.006846946875 0.43793289843750005 0.0008896671874999999