2 0.8849049671874999 0.4918576703125 0.8410014046875001 0.466944521875 0.806943940625 0.5242610328125 0.8570147640625001 0.547732815625 0.8849049671874999 0.4918576703125
2 0.9579505390625 0.267889528125 0.9350029484375 0.24219383749999998 0.8957291984375001 0.28105147812500003 0.9209344296875001 0.30549190625 0.9579505390625 0.267889528125
2 0.8580977359374999 0.815014903125 0.8260859046875 0.8074711796875 0.8177990421875 0.8579439624999999 0.8509708671875 0.8605349312499999 0.8580977359374999 0.815014903125
2 0.559339659375 0.661224953125 0.5283529359375 0.649608259375 0.4928995359375 0.7145408890625 0.52779156875 0.7271634984374999 0.559339659375 0.661224953125
2 0.3814969703125 0.7189515640625 0.3904062546875 0.6739173843749999 0.3584564875 0.6657831640625 0.347466946875 0.7135838015625 0.3814969703125 0.7189515640625
2 0.272854434375 0.6460396562499999 0.2368061515625 0.6315028875 0.22426439375 0.6713806859375 0.2588577421875 0.6818823265625 0.272854434375 0.6460396562499999
2 0.067443371875 0.761766378125 0.032047715625 0.7580461453125 0.0281059390625 0.7898693859375 0.0642387734375 0.7975477328125 0.067443371875 0.761766378125
2 0.3049244671875 0.60761734375 0.27272777187499997 0.5905018609375 0.24978466250000003 0.6328669859375 0.281531309375 0.6448620609375 0.3049244671875 0.60761734375
2 0.34451802656249997 0.7359606375000001 0.3026029734375 0.73752539375 0.2994075796875 0.773607796875 0.3366164515625 0.77602605625 0.34451802656249997 0.7359606375000001
2 0.23589193125 0.9466367874999999 0.21929098125 0.9732504328125 0.26479968125000003 0.9780335906250001 0.273740684375 0.9667344078125 0.23589193125 0.9466367874999999
2 0.974311321875 0.265429971875 0.9348210109374999 0.300682728125 0.9484993515625 0.31555334375 0.9850553078125 0.276708559375 0.974311321875 0.265429971875