2 0.1470470375 0.314256471875 0.199901903125 0.31616684375 0.202318875 0.263660665625 0.14979713125 0.25790478906250003 0.1470470375 0.314256471875
2 0.332013075 0.2914785640625 0.3460574140625 0.260915046875 0.3148381515625 0.23909038749999997 0.29802355937499997 0.2739241890625 0.332013075 0.2914785640625
2 0.0398979171875 0.6716245328125 0.0599042109375 0.666476309375 0.04446521875 0.6186735203125 0.0277653609375 0.6237553515625 0.0398979171875 0.6716245328125
2 0.17177564375 0.6332287640625001 0.21234223281250003 0.623566259375 0.18483813124999998 0.540100603125 0.15185625625000002 0.5511878484375 0.17177564375 0.6332287640625001
2 0.25237305781249997 0.68112544375 0.2454502078125 0.6354045921875 0.1939510375 0.6514465828125 0.20212251874999998 0.6930867796875 0.25237305781249997 0.68112544375
2 0.3476615953125 0.5104175359374999 0.335003059375 0.4785819734375 0.2814169 0.49864285781250006 0.2989519125 0.53439061875 0.3476615953125 0.5104175359374999
2 0.46029195468750006 0.670666153125 0.47718756874999996 0.6504204140625001 0.4461339796875 0.626226540625 0.42036592031250003 0.6565638890625001 0.46029195468750006 0.670666153125
2 0.9502020218749999 1 0.9530176031250001 0.9732115296874999 0.9396465796875001 0.9589314421875 0.9079325687500001 1 0.9502020218749999 1
2 0.9537946093749999 0.965818821875 0.9618785921875 0.888904859375 0.9220823843750001 0.9291336390625 0.9537946093749999 0.965818821875
2 0.8576834296875001 0.6240529203125 0.8369548515625 0.6565313984375 0.8742454265624999 0.6900894015625 0.9014519265625 0.6622303046875 0.8576834296875001 0.6240529203125
2 0.7454795937500001 0.466216496875 0.7790042484375 0.4465383734375 0.752309490625 0.39407970468750003 0.714692475 0.41823169375 0.7454795937500001 0.466216496875
2 0.45585917968749995 0.53822024375 0.48895469843750006 0.541724909375 0.4898140546875 0.5060730078125 0.45855134218750004 0.4997205078125 0.45585917968749995 0.53822024375
2 0.867220978125 1 0.9065948687500001 0.9292426140625001 0.8546692671875 0.897042028125 0.8018411421874999 0.9969127015625 0.807581021875 1 0.867220978125 1
2 0.2963775484375 0.11994835468750001 0.246758896875 0.0462450953125 0.1851565796875 0.0749710359375 0.22759108125 0.15858949218750001 0.2963775484375 0.11994835468750001