2 0.9723235359375 0.9605869640625 0.983179590625 0.9346361125 0.9306107046875001 0.9112302781249999 0.9083842109375 0.9661809296874999 0.9723235359375 0.9605869640625
2 0.7331545765625 0.44086972187500006 0.8044003921874999 0.458837503125 0.8142905031250001 0.4208616015625 0.7416816328125 0.406829925 0.7331545765625 0.44086972187500006
2 0.7519516984375 0.5121242328125 0.7150997796875 0.504245240625 0.69703515625 0.5976467984375 0.73089201875 0.6089528609375 0.7519516984375 0.5121242328125
2 0.5841999859375 0.45402718281250004 0.61621818125 0.4609703703125 0.6234895125000001 0.4183751953125 0.5964283781249999 0.412064065625 0.5841999859375 0.45402718281250004
2 0.46232989843750005 0.6414591171875 0.422782440625 0.6372887796875 0.4211395546875 0.67156235625 0.46001594062500006 0.6766612750000001 0.46232989843750005 0.6414591171875
2 0.3414934859375 0.25894491875000003 0.405464875 0.27045644375 0.4177321328125 0.1871690296875 0.34334505625 0.1845272796875 0.3414934859375 0.25894491875000003
2 0.3205319265625 0.062945228125 0.38192950468750003 0.07072540000000001 0.3852724828125 0.0324980546875 0.3334582484375 0.018565707812500002 0.3205319265625 0.062945228125
2 0.1736349171875 0.26714745 0.2529885515625 0.2698261984375 0.25554444374999996 0.22064065156249998 0.178353696875 0.20982192500000002 0.1736349171875 0.26714745
2 0.0185993984375 0.4144006875 0.056697879687499994 0.41597142031249995 0.056893812499999995 0.36304488125 0.0198880609375 0.35963475312500004 0.0185993984375 0.4144006875
2 0.175255909375 0.758176175 0.21180296406250002 0.7687466875 0.22980333593750002 0.704183328125 0.193047140625 0.6942199062500001 0.175255909375 0.758176175
2 0.31162581875 0.8033510375 0.332617059375 0.8034400640625 0.3289651828125 0.77152495 0.313346921875 0.7681815140625 0.31162581875 0.8033510375
2 0.33790063125 0.8022713171875001 0.373820753125 0.8113882703125 0.377565178125 0.7921659609375 0.34271201093750003 0.7844794984375 0.33790063125 0.8022713171875001
2 0.6233494875 0.045289971875 0.6583138546875 0.05148575625 0.6595066093749999 0.00623475625 0.6243696890625 0.0045088140625 0.6233494875 0.045289971875
2 0.73637381875 0.2715457484375 0.7447356109375 0.23692004843749997 0.692485040625 0.22746980468750003 0.686087278125 0.2640735515625 0.73637381875 0.2715457484375
2 0.7096575609375 0.8044915406250001 0.7173487125 0.7681157296875 0.6803900546875 0.7560803765624999 0.6740224046875001 0.8045738421875 0.7096575609375 0.8044915406250001
2 0.684252040625 0.7484459171875 0.7191109859375 0.7582130515625 0.724540996875 0.73711870625 0.6894687484375 0.725281775 0.684252040625 0.7484459171875
2 0.8074230921875 0.583240421875 0.8218987078125 0.5887247171875 0.83275813125 0.5352393281250001 0.81894663125 0.5323957703125 0.8074230921875 0.583240421875
2 0.3583599890625 0.9207081828125 0.4310715421875 0.9290861078124999 0.434137290625 0.8742239125 0.3595974421875 0.857322175 0.3583599890625 0.9207081828125