2 0.7628178328125 1 0.6991431703125001 0.9819730890624999 0.6960126062499999 1 0.7628178328125 1
2 0.774593584375 0.998293525 0.78245924375 0.9829009125000001 0.7116175109375 0.961563684375 0.70307664375 0.9753387703125 0.774593584375 0.998293525
2 0.4068191828125 0.7382077703125 0.4089354828125 0.72314950625 0.3742944328125 0.7218753796875 0.3719728859375 0.734127771875 0.4068191828125 0.7382077703125
2 0.4078824140625 0.71141058125 0.41197838124999997 0.697220659375 0.3763248921875 0.69460665 0.37308505468750003 0.7091267484375 0.4078824140625 0.71141058125
2 0.4120915296875 0.6814611609375001 0.417273475 0.66382161875 0.33790260625 0.6604534875 0.338626584375 0.680922196875 0.4120915296875 0.6814611609375001
2 0.58921785 0.5168210515625 0.5745942859375 0.44573150625 0.5488055609375 0.45408621718750003 0.56419261875 0.5197432125 0.58921785 0.5168210515625
2 0.55123024375 0.31296591875 0.548313040625 0.2952815703125 0.443031584375 0.3182227984375 0.44786603593749996 0.3350752546875 0.55123024375 0.31296591875
2 0.5472603796875 0.289950371875 0.5432902890625 0.2712139390625 0.44154130468749997 0.294651621875 0.443432803125 0.311090475 0.5472603796875 0.289950371875
2 0.48622943281250003 0.24364650625 0.482088525 0.20690482187499998 0.429902515625 0.21514557031249998 0.43275570781250006 0.246095421875 0.48622943281250003 0.24364650625
2 0.5334443546875 0.0721595921875 0.527603475 0.0240156640625 0.4856615296875 0.027705003125 0.4899948171875 0.0780322359375 0.5334443546875 0.0721595921875
2 1 0.3693171484375 0.9685784406250001 0.35913796875 0.9603694421875 0.3705629328125 1 0.3842539796875 1 0.3693171484375
2 0.884024325 0.7899188890625 0.8949895250000001 0.771692571875 0.862518034375 0.763536225 0.8606293781250001 0.7812409890625001 0.884024325 0.7899188890625