2 0.8183100359375001 0.690707959375 0.8513445546874999 0.7135289984375001 0.8726758203125 0.66245860625 0.8410070890625001 0.6394212453125 0.8183100359375001 0.690707959375
2 0.96841171875 0.320468621875 0.969836109375 0.27816243749999997 0.9531257999999999 0.26818491718750004 0.9306263234375001 0.2941904078125 0.96841171875 0.320468621875
2 0.7417667875 0.47278965 0.7931505640625 0.5053286265625 0.8050010984375 0.47399528125 0.753548809375 0.4498832703125 0.7417667875 0.47278965
2 0.844938209375 0.16889615 0.8786216093749999 0.1958240578125 0.9101043171875001 0.1557700078125 0.8693022718750001 0.13698406875 0.844938209375 0.16889615
2 0.9405777328125 0.093432309375 0.895648959375 0.0556629015625 0.873366290625 0.0830372671875 0.9384361890624999 0.1400601375 0.9405777328125 0.093432309375
2 0.757880975 0.043817159375 0.7876166062500001 0.08118808125 0.8137829156249999 0.051795393749999995 0.7894467953125 0.021986973437499998 0.757880975 0.043817159375
2 0.505445378125 0.03330233125 0.538414715625 0.06455139374999999 0.5755786828125 0.024999153125 0.556428109375 0.0013823265624999998 0.505445378125 0.03330233125
2 0.431097971875 0.0857551734375 0.4572991671875 0.10966008593750001 0.482464546875 0.0916468953125 0.4615145703125 0.0655086375 0.431097971875 0.0857551734375
2 0.291030728125 0.07708160625 0.2670984953125 0.1117301375 0.289199240625 0.1362845 0.3144318359375 0.10984612812500001 0.291030728125 0.07708160625
2 0.2720089546875 0.3550229359375 0.2988906265625 0.3213073078125 0.26217183125 0.2752246640625 0.22988910312500002 0.30137803750000003 0.2720089546875 0.3550229359375
2 0.36330494375 0.259206753125 0.3275198625 0.21016979687499998 0.29775344531250003 0.2345214109375 0.3356230078125 0.2790201609375 0.36330494375 0.259206753125
2 0.3982923 0.7277758249999999 0.35035700625 0.6904810218749999 0.33052546562499996 0.7244816484375 0.376444790625 0.75788769375 0.3982923 0.7277758249999999
2 0.3733971140625 0.075258596875 0.4036315453125 0.10693924218749999 0.4204479765625 0.08043064531250001 0.3969796546875 0.056091304687499996 0.3733971140625 0.075258596875
2 0.4459563609375 0.1470257765625 0.5006344296874999 0.2002841921875 0.5049085843750001 0.18848593593750002 0.463896871875 0.1351654296875 0.4459563609375 0.1470257765625
2 0.499000221875 0.19753726875 0.4847728421875 0.183559584375 0.46052344375 0.2162555671875 0.4750279296875 0.2319928171875 0.499000221875 0.19753726875