2 0.514784375 0.060784375 0.48183125000000004 0.10263125 0.52755 0.1340703125 0.55901875 0.09373437500000001 0.514784375 0.060784375
2 0.56020625 0.0020765625 0.5311125 0.0302640625 0.57505 0.0640765625 0.5982062499999999 0.0338234375 0.56020625 0.0020765625
2 0.8247249999999999 0.3054015625 0.7923640625 0.3541375 0.8238328125000001 0.37727187500000003 0.8612390624999999 0.3333765625 0.8247249999999999 0.3054015625
2 0.6653 0.31785625 0.5999875 0.3932875 0.6516453125 0.4324375 0.7157703125 0.3606625 0.6653 0.31785625
2 0.7107234375 0.377453125 0.6783640625 0.422353125 0.7062703124999999 0.4407421875 0.7395203125 0.39625468750000004 0.7107234375 0.377453125
2 0.7695046875 0.281384375 0.7466453125 0.3102421875 0.7804890624999999 0.3280390625 0.8036453124999999 0.3019390625 0.7695046875 0.281384375
2 0.4527375 0.54276875 0.501425 0.5593765625 0.5162687499999999 0.5267515625 0.46995624999999996 0.512515625 0.4527375 0.54276875
2 0.43195625 0.5980546875 0.4099875 0.6281859375 0.4646125 0.6477593749999999 0.47945625 0.6169156250000001 0.43195625 0.5980546875
2 0.13893906250000002 0.4290453125 0.128546875 0.46268906249999997 0.1617984375 0.4715859375 0.1683296875 0.43480937500000005 0.13893906250000002 0.4290453125
2 0.17634531250000002 0.7492734375000001 0.156453125 0.7782578124999999 0.181984375 0.8002062499999999 0.2051421875 0.7717328125 0.17634531250000002 0.7492734375000001
2 0.7401140625 0.055770312499999995 0.7623796875 0.027871875 0.7217078124999999 0 0.6908328125 0.014842187500000001 0.7401140625 0.055770312499999995
2 0.7021140625 0.15483125 0.7187390625 0.123940625 0.6789578125 0.09966562500000001 0.6540203124999999 0.126359375 0.7021140625 0.15483125
2 0.2600640625 0.58204375 0.2651109375 0.5694609374999999 0.2431421875 0.56175 0.2372046875 0.570053125 0.2600640625 0.58204375
2 0.2493765625 0.541125 0.2431421875 0.5516656249999999 0.2639234375 0.558190625 0.2686734375 0.5504796875 0.2493765625 0.541125
2 0.2547203125 0.51621875 0.2490796875 0.52971875 0.27401718750000004 0.538615625 0.2787671875 0.5303109375 0.2547203125 0.51621875
2 0.2618453125 0.49842812500000006 0.2556109375 0.5107359375 0.2769859375 0.5172609375 0.2835171875 0.50895625 0.2618453125 0.49842812500000006