2 0.2904530515625 0.8232593874999999 0.1804345046875 0.8095207390624999 0.1728386 0.8457732859375 0.2897257453125 0.855462003125 0.2904530515625 0.8232593874999999
2 0.342022796875 0.836323575 0.338622709375 0.8729296109375 0.4147516484375 0.8877990953125 0.41917571875000004 0.8487907796874999 0.342022796875 0.836323575
2 0.48216600937500004 0.573493375 0.47487465 0.6098452328125 0.52376606875 0.6229776671875 0.534879053125 0.5858839812500001 0.48216600937500004 0.573493375
2 0.161501634375 0.40242319843749996 0.157159465625 0.438324484375 0.22821826875 0.45312716875000003 0.2342429015625 0.4199620609375 0.161501634375 0.40242319843749996
2 0 0.42462726718750005 0.0134351984375 0.42409050937500004 0.017845412499999998 0.389139915625 0 0.38653878750000004 0 0.42462726718750005
2 0.18186176406250001 0.27597304375 0.176968496875 0.286947365625 0.23197058906249998 0.3022369203125 0.235678028125 0.287094540625 0.18186176406250001 0.27597304375
2 0.2354280359375 0.257939396875 0.179790321875 0.24635006874999998 0.178329403125 0.25954975625 0.23489087031250003 0.2758376546875 0.2354280359375 0.257939396875
2 0.1499108296875 0.17699510000000002 0.24048278125000003 0.193880753125 0.2440521359375 0.1596953671875 0.1594647765625 0.1346520671875 0.1499108296875 0.17699510000000002
2 0.6547495171875 0 0.6463234796874999 0.0404751734375 0.6820173609375 0.0481007453125 0.6894565625 0 0.6547495171875 0
2 0.9167966468750001 0.0477584734375 0.9098391984375 0.08035131875 0.9424518015625001 0.082282646875 0.9467392718750001 0.0498326453125 0.9167966468750001 0.0477584734375
2 0.87291058125 0 0.871914328125 0.01100759375 0.906808709375 0.01571150625 0.9081521625000001 0 0.87291058125 0
2 0.6341205453125001 0.2324409 0.6326953750000001 0.24615183906250002 0.7004904484375001 0.26114045625000004 0.7003923328125 0.24269142187499998 0.6341205453125001 0.2324409
2 0.6289937109375 0.2613768296875 0.6262849828125 0.2823120890625 0.664109009375 0.286308353125 0.6643147218750001 0.26367011093750004 0.6289937109375 0.2613768296875
2 0.778063003125 0.4926713921875 0.766258371875 0.5582217046875 0.7911719515625 0.56081670625 0.8026671046875 0.4951188703125 0.778063003125 0.4926713921875
2 0.8024062515624999 0.499900275 0.7944141625000001 0.5517888609375 0.8146452046875 0.5556040953125 0.8237433375000001 0.50674260625 0.8024062515624999 0.499900275
2 0.828735059375 0.509966315625 0.8185626703125 0.569022890625 0.8446445296875 0.575535 0.8583338906250001 0.515635728125 0.828735059375 0.509966315625