2 0.8222436500000001 0.04217951875 0.7886629765625 0.058803528125000004 0.8064279796875 0.0917642625 0.836267628125 0.07176735937499999 0.8222436500000001 0.04217951875
2 0.5906995453125 0.191660271875 0.593624028125 0.2248026359375 0.6304123390624999 0.2240637703125 0.6279875703125 0.18911152343749998 0.5906995453125 0.191660271875
2 0.658260178125 0.5514018093749999 0.6539632937500001 0.5147624140625 0.603302896875 0.511471765625 0.6021110203125 0.5454244234375001 0.658260178125 0.5514018093749999
2 0.8476856406250001 0.9356724875 0.84526183125 0.8894234578125 0.7937558203124999 0.8927173375 0.7964944546875 0.9335987859375001 0.8476856406250001 0.9356724875
2 0.5990193374999999 0.7584422281250001 0.5978255375 0.8149884500000001 0.6502942578125 0.81877889375 0.6559151609375 0.767351740625 0.5990193374999999 0.7584422281250001
2 0.43468115625000003 0.583332728125 0.501902303125 0.58278264375 0.4999135359375 0.5448347203125 0.433976696875 0.5447229328125001 0.43468115625000003 0.583332728125
2 0.3365335125 0.4535102125 0.39221743125 0.439295209375 0.38187573124999996 0.389299184375 0.3318352640625 0.3978673421875 0.3365335125 0.4535102125
2 0.45855018750000004 0.4268988203125 0.446662734375 0.3674707671875 0.411901828125 0.3728598984375 0.4315648953125 0.430692884375 0.45855018750000004 0.4268988203125
2 0.112748184375 0.4450215359375 0.1301141796875 0.44767881093749995 0.12133072812500001 0.39344073281249997 0.1075503046875 0.3911901109375 0.112748184375 0.4450215359375
2 0.0864005125 0.43035067343750005 0.10293135 0.427700634375 0.10053609375000001 0.393341403125 0.08416856406249999 0.39836114375 0.0864005125 0.43035067343750005
2 0.09957540312499999 0.5450057828125 0.06772775156250001 0.5499449546874999 0.0725393375 0.5731781 0.105711003125 0.571439646875 0.09957540312499999 0.5450057828125
2 0.0729113515625 0.5915916796875 0.0534547609375 0.5943934859375 0.061616887499999995 0.636775959375 0.07580224062499999 0.6354379703124999 0.0729113515625 0.5915916796875
2 0.05238531875 0.5971250734375 0.0357787015625 0.59710510625 0.040917915625 0.6271570140625 0.0551017078125 0.6258191078124999 0.05238531875 0.5971250734375
2 0.1144049640625 0.726761565625 0.1252939109375 0.7297582890625 0.1326565421875 0.7115354843749999 0.1169124234375 0.7058203875 0.1144049640625 0.726761565625
2 0.1340866484375 0.72840406875 0.1527615359375 0.7324807265625 0.15529501875 0.6788371171875001 0.1428877921875 0.6687836234375 0.1340866484375 0.72840406875