2 0.656362025 0.227379109375 0.6648884953125 0.130957759375 0.6086347859375 0.129404915625 0.602691953125 0.2295781328125 0.656362025 0.227379109375
2 0.0287487859375 0.095402534375 0.0329453234375 0.16295357187499998 0.0754538125 0.15878365625 0.0652881625 0.0830776203125 0.0287487859375 0.095402534375
2 0.22327452656250002 0.1792386859375 0.1780312375 0.16298056875 0.1620184828125 0.1963824421875 0.20848779843749998 0.21213109062500002 0.22327452656250002 0.1792386859375
2 0.164174309375 0.34414276093749996 0.1970208875 0.2910875953125 0.170217053125 0.27820052500000003 0.13482479687499999 0.33018644531249997 0.164174309375 0.34414276093749996
2 0.3121658625 0.396156896875 0.3374981796875 0.408046703125 0.3564749515625 0.3492585 0.3314742859375 0.3439375171875 0.3121658625 0.396156896875
2 0.3990667265625 0.2843824546875 0.369769415625 0.2781689546875 0.35325061406249997 0.3258186703125 0.3721782578125 0.33726061875 0.3990667265625 0.2843824546875
2 0.6509784640625 0.4234201796875 0.6663161875 0.3911599390625 0.64512676875 0.37956139843750003 0.6291195875 0.41028526093749995 0.6509784640625 0.4234201796875
2 0.6632511531249999 0.43499196875 0.6763632015625001 0.44304968437500003 0.6957594281249999 0.41226520781250003 0.6773213234375 0.40383505625 0.6632511531249999 0.43499196875
2 0.700068109375 0.4101857 0.6833402484375 0.4453247328125 0.6957371921875 0.45511960937499996 0.716057065625 0.41963812031250003 0.700068109375 0.4101857
2 0.9217245343749999 0.029518821875 0.9022604781249999 0.0612508765625 0.9406648765625001 0.08179236875 0.9672867109375 0.032704840624999995 0.9217245343749999 0.029518821875
2 0.9950033375 0.2826048109375 0.9807192421875 0.28279636875 0.9720149875 0.3137333015625 0.9894770265625 0.319120765625 0.9950033375 0.2826048109375