2 1 0.2893114765625 0.9358984046875 0.27165136562500003 0.9320218375 0.3537640734375 1 0.36042595624999996 1 0.2893114765625
2 0.714483625 0.40039538593749996 0.702167646875 0.4482050359375 0.7293397406250001 0.4607451125 0.7412994625 0.411656490625 0.714483625 0.40039538593749996
2 0.42549064375 0.25288493125 0.313302659375 0.257086909375 0.3173533359375 0.320175171875 0.432372690625 0.312895971875 0.42549064375 0.25288493125
2 0.42986754843749997 0.323597396875 0.3183072765625 0.324594640625 0.3170721546875 0.377584096875 0.4311857625 0.374964559375 0.42986754843749997 0.323597396875
2 0.1456295921875 0.4295447265625 0.144148553125 0.5024452687500001 0.19627945625 0.504715271875 0.1948166046875 0.4251938625 0.1456295921875 0.4295447265625
2 0.130208734375 0.350334471875 0.2143519578125 0.346123325 0.2113017296875 0.284439253125 0.13175221406249998 0.289543328125 0.130208734375 0.350334471875
2 0.6444413156250001 0.2872789796875 0.6261817484375001 0.2888710171875 0.6239290140625 0.32532977343749997 0.6400871796875001 0.32302683593750003 0.6444413156250001 0.2872789796875
2 0.5020158265625 0.5444863515625 0.44788865156249996 0.5439453359375 0.44795090625 0.577829765625 0.4936927703125 0.5818837734375 0.5020158265625 0.5444863515625
2 0.44095758125 0.7536968625 0.443620778125 0.7959500859374999 0.49536574062499994 0.7908867125000001 0.49609654062499997 0.7529223953125 0.44095758125 0.7536968625
2 0.5379165515625 0.5626547140625 0.5208192859375 0.5635653828125 0.5208583515625 0.637972721875 0.535996884375 0.6409153546875 0.5379165515625 0.5626547140625
2 0.5383512359375 0.7127468312499999 0.5209140921875 0.7154060265625 0.5192885406250001 0.782834709375 0.5323565796875 0.790213784375 0.5383512359375 0.7127468312499999
2 0.508825559375 0.7145668171875 0.49623118593750004 0.7118178796875 0.49536918593749996 0.7473372421875 0.507371525 0.7508799890625 0.508825559375 0.7145668171875
2 0.511515475 0.5935122140625 0.49271949531250003 0.59620970625 0.4963871875 0.63019169375 0.5130461234375 0.6346395874999999 0.511515475 0.5935122140625
2 0.67979496875 0.9165598749999999 0.661448975 0.91571406875 0.665711096875 0.9746109828125 0.681788725 0.978945884375 0.67979496875 0.9165598749999999
2 0.6489173078125 0.916908928125 0.6315724 0.9201909125000001 0.6332504375 0.95196996875 0.6488585171875 0.9556087359375001 0.6489173078125 0.916908928125
2 0.6263553671875 0.9397421687499999 0.6136494421875 0.9408999734375 0.6138576296875 0.958483059375 0.6302572265624999 0.9580416406250001 0.6263553671875 0.9397421687499999
2 0.5549127796875 0.9881560281249999 0.5570049234375001 0.9431963796874999 0.511231240625 0.93309074375 0.5066157312499999 0.9848166624999999 0.5549127796875 0.9881560281249999
2 0.2443902359375 0.0489242 0.20997065781250002 0.0519115203125 0.21499460781250002 0.1006738484375 0.24931756875 0.101295334375 0.2443902359375 0.0489242