2 0.8901848843750001 0.6582987484375 0.855003965625 0.6981080421875 0.8922549015625 0.7358215625 0.928613725 0.698176196875 0.8901848843750001 0.6582987484375
2 0.8188351218750001 0.6973177578125 0.794006721875 0.7304714062500001 0.8267665125000001 0.7527672484375 0.8478769625 0.7229094265625 0.8188351218750001 0.6973177578125
2 0.689007365625 0.8522113093750001 0.6820424187499999 0.874234728125 0.7233433359375 0.8875509609375 0.7299633453125 0.8713961765624999 0.689007365625 0.8522113093750001
2 0.589371040625 0.718606575 0.6060806546874999 0.6934209734375 0.6181771687500001 0.70098753125 0.6308885562500001 0.6901294859375 0.5812977625 0.63881511875 0.542151228125 0.6835008375 0.589371040625 0.718606575
2 0.7997910546875 0.5067150421875 0.771417040625 0.48401603125000003 0.73754225625 0.503414634375 0.7759245546875 0.5378185156249999 0.7997910546875 0.5067150421875
2 0.8922804140625 0.3878633 0.8732298796875 0.40140198437499996 0.8970505265625001 0.426980325 0.91647570625 0.41091767656249995 0.8922804140625 0.3878633
2 0.9184152484375 0.35867361249999996 0.903292725 0.37343823125000003 0.9285661640624999 0.4026420625 0.9422121125 0.3879136515625 0.9184152484375 0.35867361249999996
2 0.6972231843750001 0.2391151625 0.6770158359375 0.2593192828125 0.719070665625 0.2968361859375 0.7376494390625 0.271828421875 0.6972231843750001 0.2391151625
2 0.8479785171875 0.33045134531250003 0.831541628125 0.35526929687500003 0.8541308171875001 0.380827259375 0.8721291859375 0.355951890625 0.8479785171875 0.33045134531250003
2 0.4538712859375 0.1389928625 0.426398715625 0.08653138593750001 0.40003759062500005 0.10419692968750001 0.43357561093749997 0.1439847765625 0.4538712859375 0.1389928625
2 0.0421125640625 0.2377126671875 0.01228435625 0.2625738046875 0.040660990625 0.2931955984375 0.0680871953125 0.2722389265625 0.0421125640625 0.2377126671875
2 0.1448675890625 0.5415267375 0.11922571562499999 0.5124079671875 0.0982235828125 0.5346220781250001 0.1187304875 0.5627951640625 0.1448675890625 0.5415267375
2 0.2156310515625 0.49106349062500004 0.2018426921875 0.4534207265625 0.1731682546875 0.4716171328125 0.18731704531249999 0.5012565 0.2156310515625 0.49106349062500004
2 0.4358375828125 0.847287484375 0.42546962343750006 0.8740542343750001 0.46025874218749996 0.8897894921875 0.47701380000000004 0.8621543234375 0.4358375828125 0.847287484375
2 0.0168519375 0.514408646875 0.000570821875 0.5239848828125 0.000867696875 0.5296495984375 0.01588591875 0.5524140921875 0.03555918125 0.5454346906249999 0.0168519375 0.514408646875
2 0.4572530265625 0.8002953406250001 0.44285820156250005 0.8307355265625 0.471359809375 0.8403036640625 0.477486396875 0.8114676671875 0.4572530265625 0.8002953406250001
2 0.4980511765625 0.8847206296874999 0.49289233125000004 0.9051067375 0.52122296875 0.9086206671875001 0.5290893328124999 0.8952249765625 0.4980511765625 0.8847206296874999
2 0.243881215625 0.379731721875 0.22955196875 0.34403873125 0.216083115625 0.3489763640625 0.22969991250000002 0.3842228671875 0.243881215625 0.379731721875
2 0.246801896875 0.33700942968750003 0.25966104843750004 0.3693840078125 0.2750888890625 0.364603475 0.2606744921875 0.3338066890625 0.246801896875 0.33700942968750003
2 0.53477993125 0.173634940625 0.516368375 0.19220573125 0.5423526328125 0.2169798796875 0.5621319671875 0.197179259375 0.53477993125 0.173634940625
2 0.49641158125 0.3238663625 0.48708100468750004 0.3342469640625 0.5183861765625 0.3584036546875 0.5262086187499999 0.34745718124999997 0.49641158125 0.3238663625
2 0.5233057953125 0.30851682187499996 0.51414544375 0.317030021875 0.516551871875 0.3240915546875 0.5398122109375 0.3430962046875 0.5509249625 0.3332182078125 0.5233057953125 0.30851682187499996
2 0.7593183359375 0.32349699374999996 0.773378965625 0.3010557484375 0.743922446875 0.2831769140625 0.7309896921875 0.306273425 0.7593183359375 0.32349699374999996