2 0.44703684218750006 0.645407378125 0.5109400046875 0.7124252656250001 0.5849099265625 0.644287146875 0.5190302953125 0.5743219234375 0.44703684218750006 0.645407378125
2 0.8788687656249999 0.8436519859375 0.8995876062500001 0.8713216062500001 0.9282841796874999 0.8491767984375 0.9130478453125 0.8260888062499999 0.8788687656249999 0.8436519859375
2 0.4424022390625 0.4803951125 0.470069040625 0.5132588140625 0.5318022921875001 0.46377687968750003 0.50435475 0.43314093593749997 0.4424022390625 0.4803951125
2 0.646809478125 0.3858853109375 0.6836701625 0.3681796953125 0.6626877828125 0.3395502921875 0.6328442578125 0.3604683859375 0.646809478125 0.3858853109375
2 0.406558428125 0.077723884375 0.39257795156249997 0.1122898421875 0.45246178906249995 0.132781303125 0.4655302609375 0.09881200625 0.406558428125 0.077723884375
2 0.5848659109375001 0.2797651171875 0.6144909562499999 0.2565520640625 0.5869813046875 0.22769472343750002 0.557898284375 0.243892734375 0.5848659109375001 0.2797651171875
2 0.0143912234375 0.079161759375 0.0609121546875 0.09952115781250001 0.07363562343749999 0.0584182859375 0.0201755609375 0.04111858125 0.0143912234375 0.079161759375
2 0.1184484375 0.1361983625 0.09236838124999999 0.1854947734375 0.12800769218750002 0.20276471406250002 0.15229536875 0.1537559234375 0.1184484375 0.1361983625
2 0.3537647015625 0.10084393124999999 0.3712950359375 0.0667021203125 0.3169541046875 0.04910743125 0.3008358578125 0.0853451125 0.3537647015625 0.10084393124999999
2 0.8960559765625 0.036686790625 0.8971604843750001 0.013564378125000002 0.8452405703125001 0.0117512953125 0.8429615796875 0.025928834374999998 0.8960559765625 0.036686790625
2 0.439764 0.6325035109375 0.4474371078125 0.6169321265625001 0.4309257890625 0.6133865421875 0.4269084578125 0.6263042078125001 0.439764 0.6325035109375
2 0.42037862343750004 0.60067476875 0.4313244921875 0.584911234375 0.401296346875 0.5601216046874999 0.391879534375 0.5746314890625001 0.42037862343750004 0.60067476875
2 0.44374823125 0.5694494609375 0.45257774375000004 0.5547893 0.4229152640625 0.5365414171875 0.4165052765625 0.5499680765625 0.44374823125 0.5694494609375
2 0.3878577515625 0.56215696875 0.399766184375 0.5529450796875001 0.3846899734375 0.54232965 0.3778314828125 0.55158655625 0.3878577515625 0.56215696875
2 0.46496305781249997 0.5403830796875 0.474829878125 0.530044565625 0.46036782968749995 0.5188549046875 0.45340578750000005 0.531077190625 0.46496305781249997 0.5403830796875
2 0.31302784375 0.40823136250000003 0.31461381875 0.42236094687500003 0.34907173125 0.42237758124999997 0.34662233750000004 0.40745332031250003 0.31302784375 0.40823136250000003
2 0.7958271734375 0.26132100937499997 0.7979667312500001 0.2766112453125 0.858659509375 0.273982478125 0.859768884375 0.259182490625 0.7958271734375 0.26132100937499997
2 0.4541169265625 0.272528884375 0.448368128125 0.28398992500000003 0.4617485125 0.29217281562499997 0.4687933328125 0.2775800984375 0.4541169265625 0.272528884375
2 0.443518859375 0.2953010140625 0.44095070156249994 0.30925269843750003 0.45146764375000004 0.3143681640625 0.45904374062500003 0.30157477187500004 0.443518859375 0.2953010140625
2 0.4417284796875 0.3210510921875 0.4377713859375 0.3322885875 0.45184704218749994 0.3375298890625 0.45463464374999996 0.325755940625 0.4417284796875 0.3210510921875
2 0.8059183609374999 0.27858370312499997 0.8010525171875 0.2903695046875 0.8286933265625 0.2984578328125 0.8349154765625 0.290365365625 0.8059183609374999 0.27858370312499997
2 0.45792739375 0.0006582156250000001 0.4421054265625 0.0380465375 0.4760871765625 0.0516986109375 0.49376385 0.0000326890625 0.45792739375 0.0006582156250000001