1 0.68687036875 0.4608626828125 0.6637807015625 0.5160413015625 0.7086590734375 0.535060078125 0.73204765625 0.4832980953125 0.68687036875 0.4608626828125
1 0.7757405328125 0.5062460843750001 0.768132109375 0.502322396875 0.757631934375 0.5265688749999999 0.7647956609375 0.52976605625 0.7757405328125 0.5062460843750001
1 0.8050871562499999 0.5182104484375001 0.7761203328125 0.50621285625 0.755123096875 0.554705540625 0.7825391890625 0.566457665625 0.8050871562499999 0.5182104484375001
1 0.5973999453125 0.1260960296875 0.6431801015625 0.164511584375 0.6512326359375 0.150617828125 0.6048680359375 0.11367914374999999 0.5973999453125 0.1260960296875
1 0.6067126859374999 0.1103102390625 0.6558709109375 0.1384485171875 0.6623099 0.1264777078125 0.6138274390625 0.09792426562499999 0.6067126859374999 0.1103102390625
1 0.6159634640625 0.093816215625 0.6645078875 0.123077890625 0.6722689109375 0.109921721875 0.622340628125 0.08113873125 0.6159634640625 0.093816215625
1 0.6255366671875 0.0769379421875 0.6743740234375 0.10546033437499999 0.6818730265624999 0.0933967859375 0.63185186875 0.06355222499999999 0.6255366671875 0.0769379421875
1 0.6344030578125001 0.0601199375 0.6837176765625 0.09002788125 0.6919249125 0.0779023703125 0.6411335593749999 0.0474115390625 0.6344030578125001 0.0601199375
1 0.6433315484375 0.044011721875 0.6925840671875 0.0732098765625 0.700407053125 0.060761940625 0.650031 0.030948428125 0.6433315484375 0.044011721875
1 0.6568543765625 0.0193016 0.6516151875 0.0286720078125 0.6989432046874999 0.0562567546875 0.7048906265625 0.046824385937500004 0.6568543765625 0.0193016
1 0.6976770890624999 0.1925388234375 0.6602663125 0.16016525937499998 0.652798221875 0.172582146875 0.6902074421875 0.204955846875 0.6976770890624999 0.1925388234375
1 0.6660295406250001 0.1486096125 0.6598201 0.1591346015625 0.6987824578125 0.18887698749999998 0.7065125671875 0.17536748124999998 0.6660295406250001 0.1486096125
1 0.66551994375 0.1468724171875 0.707618071875 0.1717072015625 0.714732825 0.159321228125 0.672219396875 0.1338091234375 0.66551994375 0.1468724171875
1 0.6825317453124999 0.11722222499999999 0.674417384375 0.13040930625 0.7172840140625001 0.1558889421875 0.7257534046874999 0.1426723671875 0.6825317453124999 0.11722222499999999
1 0.6919063109375 0.102143109375 0.6847606453124999 0.11417574531250001 0.7264419171875 0.1383333484375 0.733589275 0.1263021328125 0.6919063109375 0.102143109375
1 0.7013881953125 0.0842031296875 0.693242921875 0.0970368734375 0.73546328125 0.12328670312500001 0.7439634500000001 0.110421909375 0.7013881953125 0.0842031296875
1 0.7035861828125001 0.0808033125 0.7453294171875 0.105669146875 0.7528299765625001 0.0936054609375 0.7113472062499999 0.06764714375 0.7035861828125001 0.0808033125
1 0.7196292890625 0.052307565624999997 0.711682515625 0.0633405953125 0.7550279640625 0.0902056453125 0.7634027875 0.07592607968750001 0.7196292890625 0.052307565624999997
1 0.698955321875 0.1949224265625 0.7626315234375001 0.24638726875 0.7780153375000001 0.222582459375 0.7130919515625 0.1690889078125 0.698955321875 0.1949224265625
1 0.71232345 0.168444059375 0.7712905515624999 0.2149724171875 0.7782066671875 0.2043856015625 0.718853759375 0.1575349546875 0.71232345 0.168444059375