2 0.6911296874999999 0.5026125 0.6878640625 0.5520562499999999 0.7401140625 0.5538375 0.7466453125 0.50395 0.6911296874999999 0.5026125
2 0.917053125 0.1945203125 0.7793015624999999 0.21672031249999998 0.7870203124999999 0.27172968750000004 0.924771875 0.2497546875 0.917053125 0.1945203125
2 0.2573921875 0.017218749999999998 0.2508609375 0.0484171875 0.3114234375 0.0484171875 0.31676875 0.0157515625 0.2573921875 0.017218749999999998
2 0.049578125 0.540771875 0.015734375000000002 0.538396875 0.006234375 0.618575 0.045423437500000004 0.6197625 0.049578125 0.540771875
2 0.10895312500000001 0.0484171875 0.11043750000000001 0.034140625 0.019890625000000002 0.0294109375 0.012171875 0.045446875 0.10895312500000001 0.0484171875
2 0.49489375 0.686875 0.5459562499999999 0.6910328125 0.5513 0.6571796875 0.4978625 0.6548046875 0.49489375 0.686875
2 0.5821765625 0.5187984375 0.5851453125 0.5669046875 0.6213625 0.5674984375000001 0.6142375 0.5134531250000001 0.5821765625 0.5187984375
2 0.2627359375 0.6843015625 0.25857968750000004 0.7165703125 0.2906421875 0.720134375 0.2959859375 0.686875 0.2627359375 0.6843015625
2 0.2369078125 0.2487828125 0.2342359375 0.28717031249999997 0.27401718750000004 0.291328125 0.2763921875 0.2497546875 0.2369078125 0.2487828125
2 0.009796875 0.43848750000000003 0.008015625 0.48791406249999997 0.038296875 0.48850781249999997 0.049578125 0.438025 0.009796875 0.43848750000000003
2 0.8315531249999999 0.77774375 0.8268015625 0.835946875 0.998753125 0.8401046875 0.998753125 0.784871875 0.8315531249999999 0.77774375
2 0.8416453125000001 0.9016140625 0.8380828125 0.943446875 0.903396875 0.943446875 0.9057718749999999 0.9101874999999999 0.8416453125000001 0.9016140625
2 0.7071609375000001 0.1419078125 0.7033015625 0.22243437500000002 0.7508015625 0.21530624999999998 0.7561453124999999 0.13394062499999998 0.7071609375000001 0.1419078125