2 0.9009060953124999 0.0194582515625 0.8582333390624999 0.024681676562499998 0.869250815625 0.059180845312499994 0.910688690625 0.049595321875 0.9009060953124999 0.0194582515625
2 0.9021340765625 0.13557433125 0.87788596875 0.1472320546875 0.8887224578125 0.17966256249999998 0.9162078171875001 0.167125596875 0.9021340765625 0.13557433125
2 0.9484768046875001 0.33178349375 0.9331188640624999 0.298856103125 0.9116450953124999 0.3123571671875 0.9240214828125 0.338096753125 0.9484768046875001 0.33178349375
2 0.438608015625 0.44552932343749996 0.4700780578125 0.4359234140625 0.45551243125 0.40054263125 0.4279768796875 0.41248796875 0.438608015625 0.44552932343749996
2 0.5006269828125001 0.058651829687500004 0.46707380781249996 0.0749961890625 0.4869046 0.09918800312500001 0.5152092796875001 0.0824088015625 0.5006269828125001 0.058651829687500004
2 0.6548266359375 0.5416456937499999 0.64188270625 0.50940113125 0.6115982546875001 0.5239710375 0.622458775 0.5528217671875 0.6548266359375 0.5416456937499999
2 0.01835848125 0.644414865625 0.0643309125 0.6359242328125 0.052607417187500005 0.6002932296875 0.00891838125 0.6094796859375 0.01835848125 0.644414865625
2 0 0.2316400109375 0.014475182812500001 0.259725396875 0.029217387500000004 0.2512834046875 0.010211089062500001 0.217781175 0 0.22312796875 0 0.2316400109375
2 0.0486298421875 0.2421348078125 0.0314015796875 0.2081774453125 0.0168354546875 0.21183745781250002 0.038030215625 0.2499163640625 0.0486298421875 0.2421348078125
2 0.0731306890625 0.2364135859375 0.059890998437499995 0.20032234999999998 0.0433965765625 0.20236144375 0.058142915625 0.2416005328125 0.0731306890625 0.2364135859375
2 0.7021980218749999 0.5726662984375 0.6835844875 0.57995694375 0.69862683125 0.6135079625000001 0.7154006953125001 0.6078683140625001 0.7021980218749999 0.5726662984375
2 0.7188590640625 0.6337905390625 0.692872871875 0.645302315625 0.7048264609375 0.6707808843749999 0.732259934375 0.657650871875 0.7188590640625 0.6337905390625