2 0.40374232968749996 0.8999215968750001 0.369876490625 0.9094336921874999 0.37780815625 0.9803030421875001 0.41612529218749994 0.9722668484374999 0.40374232968749996 0.8999215968750001
2 0.521515284375 0.8643084812499999 0.5120551046874999 0.7971156500000001 0.4797988375 0.8041328265625 0.48286793125000005 0.8735581671875 0.521515284375 0.8643084812499999
2 0.0887897828125 0.3719774046875 0.053834514062500005 0.374421715625 0.0565682046875 0.41351531562500005 0.0925908359375 0.405638003125 0.0887897828125 0.3719774046875
2 0.187026221875 0.2442824703125 0.18270630625 0.1910165578125 0.157560796875 0.1975365015625 0.16112273906250002 0.2484746171875 0.187026221875 0.2442824703125
2 0.0486359296875 0.1468221171875 0.014176228125 0.1563757390625 0.0183569375 0.1906049890625 0.0532587625 0.18786681562500002 0.0486359296875 0.1468221171875
2 0.470470140625 0.39826050468749996 0.438339684375 0.40705448281249995 0.44076849687499997 0.42474220625000003 0.473561171875 0.414711521875 0.470470140625 0.39826050468749996
2 0.46560350625 0.3712231828125 0.43432620625 0.3751943390625 0.4401291578125 0.39859811875 0.472772203125 0.3906610953125 0.46560350625 0.3712231828125
2 0.0586580078125 0.0636691421875 0.0594540078125 0.071665659375 0.0807189328125 0.0698826375 0.07936125000000001 0.0603900703125 0.0586580078125 0.0636691421875
2 0.0578942453125 0.5431761625 0.07615009218749999 0.5317811921875 0.064367225 0.5165347328125 0.0470764421875 0.5332190203125 0.0578942453125 0.5431761625
2 0.081919909375 0.5206641296875001 0.0922696609375 0.5324396015625 0.10835446093750001 0.5161372484375 0.1018299734375 0.5073678859374999 0.081919909375 0.5206641296875001
2 0.20349820468750002 0.4883545515625 0.2173313953125 0.490363240625 0.213969 0.45607676875000003 0.19592934374999998 0.456743025 0.20349820468750002 0.4883545515625
2 0.46380997500000004 0.3540862359375 0.464824853125 0.326040875 0.426260440625 0.3364767265625 0.42816555625 0.3637211359375 0.46380997500000004 0.3540862359375