2 1 0.345045596875 0.9683188046875 0.3480871234375 0.964438953125 0.3825741875 1 0.382897475 1 0.345045596875
2 0.8081966390625 0.2352073296875 0.769628246875 0.23757602812499998 0.7714125953125001 0.2647055671875 0.8112999109375 0.2555434046875 0.8081966390625 0.2352073296875
2 0.761468471875 0.23598992968750002 0.71259044375 0.24058549375 0.7121821453125 0.26446825625 0.7618923453125 0.26285501875 0.761468471875 0.23598992968750002
2 0.3647571125 0.6141781515625 0.28380676718750003 0.6167687578125001 0.29254766875 0.6734403171875 0.3602438921875 0.68096116875 0.3647571125 0.6141781515625
2 0.1951849296875 0.607997765625 0.12446482656249999 0.5942511703125 0.1252722609375 0.640925271875 0.187528121875 0.6473886249999999 0.1951849296875 0.607997765625
2 0.6958918484375001 0.3389311390625 0.6935637703124999 0.321354615625 0.6571374249999999 0.3251504421875 0.660815359375 0.33734661718750003 0.6958918484375001 0.3389311390625
2 0.69118025 0.31182631875 0.6879625046875 0.29570680781249997 0.65899525625 0.3031539203125 0.6603418249999999 0.314896921875 0.69118025 0.31182631875
2 0.6043019640625 0.351137034375 0.6031271421875 0.335398709375 0.5673057640625 0.336090440625 0.571113965625 0.3507282015625 0.6043019640625 0.351137034375
2 0.5685171453125 0.3236349265625 0.6030971140625 0.3231061953125 0.6003246265625 0.30625189375 0.5684325765625 0.3085112375 0.5685171453125 0.3236349265625
2 0.6005002937499999 0.2960129171875 0.6003666921875 0.2795856109375 0.5675839828125 0.281759375 0.5717484374999999 0.2976761140625 0.6005002937499999 0.2960129171875
2 0.6004780984375 0.2712330953125 0.6028358234375 0.25288015 0.5673355 0.25814370000000003 0.5655415765625 0.2704843859375 0.6004780984375 0.2712330953125
2 0.600440465625 0.24342914062499998 0.5998639859375 0.22149266875 0.5682017796875 0.22568132031250002 0.5651458546875 0.24140269218750002 0.600440465625 0.24342914062499998
2 0.5986342671875 0.21226027812499998 0.5975142828125 0.19935159375 0.568536140625 0.2021789390625 0.5670021515625 0.2194058703125 0.5986342671875 0.21226027812499998