2 0.4484375 0.9546875 0.04765625 0.04921875
2 0.8338686624999999 0.5380606765625 0.788001971875 0.5561936140625 0.7990089421875 0.5997742296874999 0.8514781125 0.5955790546874999 0.8338686624999999 0.5380606765625
2 0.5710224 0.35680042031250003 0.5728491046874999 0.39096733906250003 0.626922875 0.3828818609375 0.6308114078125 0.3323819390625 0.5710224 0.35680042031250003
2 0.2862586265625 0 0.295676225 0.0198540515625 0.3267698171875 0 0.2862586265625 0
2 0 0.49057167343749997 0.03242691875 0.49559249687499995 0.0414038859375 0.44941000625000005 0.0035898078125000004 0.4406509984375 0 0.46680025468749997 0 0.49057167343749997
2 0.9518138109375001 0.44171904062499995 0.9882283359375 0.4431593484375 0.988887040625 0.3671685578125 0.9465413953124999 0.374442584375 0.9518138109375001 0.44171904062499995
2 1 0.5399578296875001 0.9409624093750001 0.5411009859375 0.9432500234375001 0.6092059515625 0.9865930296875 0.61058273125 1 0.5416098515625001 1 0.5399578296875001
2 0.6527638375 0.7458564140624999 0.655683584375 0.7816635953125 0.6945145953125 0.7779356578125001 0.694882875 0.7469952796875 0.6527638375 0.7458564140624999
2 0.2953291421875 0.27524730625 0.2962113859375 0.3080495671875 0.3375085375 0.30096966875 0.333155921875 0.26890630781249997 0.2953291421875 0.27524730625
2 0 0.6541787359375 0.05900775312499999 0.6523904921875 0.058211964062499996 0.64248159375 0 0.6408204296875 0 0.6541787359375
2 0.2194730765625 0.7028339453125 0.22579976093749998 0.6889564781249999 0.17056011875 0.680635246875 0.1687594765625 0.6945663734374999 0.2194730765625 0.7028339453125
2 0.1913784859375 0.676221803125 0.1926689140625 0.657136121875 0.1746178125 0.656648475 0.1707433140625 0.6750169796875001 0.1913784859375 0.676221803125