2 0.9229787187499999 0.8352701546875 0.884150928125 0.7862159921874999 0.85839553125 0.8117139999999999 0.8946740406250001 0.8520493578125 0.9229787187499999 0.8352701546875
2 0.6818835062499999 0.9380177234374999 0.7066949874999999 0.9698200265624999 0.75107116875 0.9325606046875 0.7220483625 0.9070869234375 0.6818835062499999 0.9380177234374999
2 0.453832453125 0.44121883593750005 0.514349975 0.39628904062500003 0.4936085421875 0.36502311249999997 0.43143245625000004 0.4098015734375 0.453832453125 0.44121883593750005
2 0.5518651421875 0.253537103125 0.5952463734375 0.22679504218750002 0.5774183859375001 0.193189725 0.5267935390625 0.220267509375 0.5518651421875 0.253537103125
2 0.5326856546875 0.2739896578125 0.5079745578125 0.2433706046875 0.44412891875 0.2894856015625 0.47205309843750004 0.322803634375 0.5326856546875 0.2739896578125
2 0.39639995156249996 0.220351128125 0.4238025125 0.2000731734375 0.398656728125 0.1712802078125 0.374622496875 0.196031615625 0.39639995156249996 0.220351128125
2 0.44102546093750006 0.08889904374999999 0.4237692796875 0.063586384375 0.39338288593750004 0.0769731734375 0.407663621875 0.1108904046875 0.44102546093750006 0.08889904374999999
2 0.30615154375000003 0.24374330937500002 0.28724860625000004 0.21142250625 0.25737827812499997 0.23072589375 0.2810098921875 0.2626314234375 0.30615154375000003 0.24374330937500002
2 0.1590042984375 0.1135727 0.19762340312499999 0.1602594796875 0.2222712421875 0.1288966203125 0.190233553125 0.089382275 0.1590042984375 0.1135727
2 0.176558096875 0.457132946875 0.2046691734375 0.4287467625 0.177809390625 0.40338185 0.1523850484375 0.4258692375 0.176558096875 0.457132946875
2 0.2315004375 0.6835826796875 0.25466948125 0.65324479375 0.2318067984375 0.6394505406250001 0.2140966546875 0.6684152390625 0.2315004375 0.6835826796875
2 0.9077013359375 0.5993900078125 0.9306155703125001 0.6367208953125 0.9576558890625 0.6123025046875 0.9359524374999999 0.5820163390624999 0.9077013359375 0.5993900078125
2 0.8822769359375 0.1998950671875 0.8581055828125 0.168632778125 0.8138463578125 0.186809390625 0.834553125 0.2261230265625 0.8822769359375 0.1998950671875
2 0.6788648234375 0.3726575765625 0.6945633375 0.41598548593749995 0.7456020375 0.39363807031250003 0.72677181875 0.3553538609375 0.6788648234375 0.3726575765625
2 0.7281823578125 0.35105675937499997 0.7529217312500001 0.387933096875 0.786950009375 0.36260533125 0.7633183953125 0.3306998015625 0.7281823578125 0.35105675937499997
2 0.1880214890625 0.17300892031249998 0.157497834375 0.13038045468749998 0.1316596390625 0.14813747187499998 0.1561193671875 0.1895084078125 0.1880214890625 0.17300892031249998
2 0.6954627125 0.20847998125 0.7211161125000001 0.23871858281249997 0.7616975921875 0.203281196875 0.7366035531249999 0.175079721875 0.6954627125 0.20847998125
2 0.5756124453125 0.1385030875 0.6066938296875 0.126247528125 0.582380684375 0.0729449765625 0.5512475546875 0.08460904218750001 0.5756124453125 0.1385030875
2 0.61358315625 0.0892876921875 0.6486154265625 0.06774463750000001 0.6319497234375 0.040593831250000004 0.5995301140625 0.051178415624999994 0.61358315625 0.0892876921875
2 0.9675984453125 0.2493391453125 0.9398739765625 0.19126889062500002 0.904272334375 0.2063039921875 0.9318518656249999 0.26289688125 0.9675984453125 0.2493391453125
2 0.21104406718750002 0.2770859125 0.1913287453125 0.24483775312499997 0.1768659796875 0.2496791890625 0.1946406625 0.2826931515625 0.21104406718750002 0.2770859125
2 0.15257043125 0.2237919265625 0.1683140609375 0.217348384375 0.1602137359375 0.20226259375 0.1475756359375 0.207540409375 0.15257043125 0.2237919265625
2 0.173945403125 0.304769934375 0.19063072187500002 0.28870614843750003 0.17672832656249998 0.2753200078125 0.1642749671875 0.28952193125000003 0.173945403125 0.304769934375
2 0.1623174484375 0.2807544921875 0.17482198437500002 0.271314665625 0.173299453125 0.2565474171875 0.15231426406249998 0.268515690625 0.1623174484375 0.2807544921875