2 0.2551438765625 0.5471246437499999 0.24935523750000002 0.61328909375 0.339306859375 0.6183810828125 0.3433531390625 0.5562300484375 0.2551438765625 0.5471246437499999
2 0.1352307109375 0.4394042390625 0.06784583281249999 0.43073106875 0.06554049375 0.48886699531250005 0.13905103593749998 0.49113091249999996 0.1352307109375 0.4394042390625
2 0 0.4984113953125 0.028329154687500004 0.5008898765625001 0.030499878125 0.476078403125 0.0017760265625000001 0.47217572656250006 0 0.492475796875 0 0.4984113953125
2 0.8368178187499999 0.5271762078125 0.8382124421875 0.4953516546875 0.801069190625 0.49071237968750003 0.7960706109375 0.5319445640625 0.8368178187499999 0.5271762078125
2 0.005040439062500001 0.5127411640624999 0.001536346875 0.5393909890625 0.0019764359375 0.544421234375 0.0340109375 0.547223890625 0.03666415 0.5168975437500001 0.005040439062500001 0.5127411640624999
2 0.255890365625 0.6373737546875 0.24268586874999998 0.74061420625 0.3378658015625 0.7495358203125 0.3495830078125 0.656482634375 0.255890365625 0.6373737546875
2 0.7009819 0.1620463359375 0.6669582703125 0.1626426265625 0.6674388312499999 0.177569434375 0.70280196875 0.17530542031250002 0.7009819 0.1620463359375
2 0.6989593296875001 0.15110184843750002 0.6982162125 0.139176075 0.6660688609375 0.1387460484375 0.666217821875 0.15066846250000002 0.6989593296875001 0.15110184843750002
2 0.6956532171875 0.1275961296875 0.69830123125 0.1177488234375 0.664637878125 0.1142092109375 0.666509834375 0.12687525 0.6956532171875 0.1275961296875
2 0.69759134375 0.10544325000000002 0.6976185421875 0.09148939687499999 0.66536783125 0.092240796875 0.6643339453125 0.10405815624999999 0.69759134375 0.10544325000000002
2 0.0100630984375 0.63685221875 0.0341501953125 0.6376190703125 0.0322080484375 0.6257374015625 0.0087980125 0.622392221875 0.0100630984375 0.63685221875