2 0.7320984375 0.0475 0.7519890625000001 0.0941484375 0.7977078125 0.0727671875 0.7798953125 0.0252546875 0.7320984375 0.0475
2 0.7217078124999999 0.13097187500000002 0.7365515625 0.1695765625 0.7888015625 0.1416625 0.7798953125 0.11255937499999999 0.7217078124999999 0.13097187500000002
2 0.6973640624999999 0.2541265625 0.7056765625 0.2859828125 0.7395203125 0.2741046875 0.7329890625 0.246784375 0.6973640624999999 0.2541265625
2 0.6178 0.43446093750000003 0.624925 0.4700953125 0.6789578125 0.45346562500000004 0.6706453125 0.41664531250000003 0.6178 0.43446093750000003
2 0.062640625 0.14700625 0.12647031250000002 0.1508125 0.131515625 0.0959296875 0.0703609375 0.0941484375 0.062640625 0.14700625
2 0.1995015625 0.27015781250000004 0.19979843749999998 0.30320625 0.2538296875 0.3055828125 0.2556109375 0.266384375 0.1995015625 0.27015781250000004
2 0.18525 0.5444718749999999 0.18317343749999998 0.5977875 0.2532359375 0.6144171875 0.26214218749999996 0.562153125 0.18525 0.5444718749999999
2 0.3339859375 0.491034375 0.33576875 0.506325 0.4052375 0.50929375 0.40820625 0.49444687500000006 0.3339859375 0.491034375
2 0.200984375 0.763490625 0.2354234375 0.7729921875 0.2467046875 0.742109375 0.21642343749999998 0.72904375 0.200984375 0.763490625
2 0.2835171875 0.66311875 0.3197375 0.673809375 0.3244859375 0.662525 0.2882671875 0.651240625 0.2835171875 0.66311875
2 0.3330953125 0.576534375 0.3268609375 0.5870968750000001 0.3565484375 0.5966 0.363675 0.584721875 0.3330953125 0.576534375
2 0.3250796875 0.0368125 0.3191421875 0.13394062499999998 0.42601875 0.132753125 0.42482968750000005 0.039509375 0.3250796875 0.0368125
2 0.7214109375 0.6531296875 0.7288328125 0.6880640625 0.7846453125 0.6749968749999999 0.7763328125 0.64114375 0.7214109375 0.6531296875
2 0.6854890625000001 0.6548046875 0.7472390625 0.6417375 0.7407078125 0.607884375 0.6819265624999999 0.6251078125 0.6854890625000001 0.6548046875
2 0.8746 0.6504578125 0.8873656249999999 0.68271875 0.9378343750000001 0.6666828125 0.931303125 0.6334234375000001 0.8746 0.6504578125
2 0.7214109375 0.8063171875 0.7312078125 0.8365421874999999 0.7810828125 0.8211 0.7798953125 0.79378125 0.7214109375 0.8063171875
2 0.9333796875000001 0.8686624999999999 0.9390218750000001 0.8858359374999999 0.998753125 0.8674250000000001 0.998753125 0.8531718749999999 0.9333796875000001 0.8686624999999999
2 0.948521875 0.8152250000000001 0.9544593750000001 0.833571875 0.9966156249999999 0.818725 0.998753125 0.799125 0.948521875 0.8152250000000001
2 0.946740625 0.9422578125 0.952678125 0.9755171875 0.998753125 0.9600765625 0.998753125 0.9268171875 0.946740625 0.9422578125
2 0.910521875 0.9814578125000001 0.8336296875 0.9978031250000001 0.8321453125 0.998753125 0.9140828125 0.998753125 0.910521875 0.9814578125000001
2 0.9698968750000001 0.43089843749999995 0.991271875 0.48375625 0.998753125 0.4683140625 0.9983968750000001 0.4148625 0.9698968750000001 0.43089843749999995
2 0.6011765625 0.10271875 0.6041453125 0.11968749999999999 0.6356140625 0.11315312500000001 0.6356140625 0.09711875 0.6011765625 0.10271875
2 0.6083000000000001 0.14581875 0.6468953125 0.1380984375 0.6451140625 0.12325 0.60770625 0.1315640625 0.6083000000000001 0.14581875