2 0.281654225 0.1215627296875 0.3019242859375 0.169572559375 0.3326672046875 0.1496420546875 0.30697581406249996 0.1040292265625 0.281654225 0.1215627296875
2 0.45579537812500004 0.031706843750000005 0.474244665625 0.0822741328125 0.52503329375 0.054271246875 0.4993760328125 0.0032879328125000004 0.45579537812500004 0.031706843750000005
2 0.37838316562499996 0.13017868906250002 0.401156121875 0.17644075625 0.43839295937499995 0.1558277140625 0.41624610781250004 0.109842340625 0.37838316562499996 0.13017868906250002
2 0.5892450234375 0.40675272500000004 0.6145611375 0.45163515312499997 0.670977159375 0.4146903734375 0.6410300375 0.3683339421875 0.5892450234375 0.40675272500000004
2 0.54893161875 0.5344206875 0.5666721 0.5640284984374999 0.6137598093750001 0.5405905953125 0.5978870609375 0.5088571609375 0.54893161875 0.5344206875
2 0.9553210328124999 0.376455765625 0.9848812421875 0.3566479984375 0.96463000625 0.3116574296875 0.9277638359375 0.335812065625 0.9553210328124999 0.376455765625
2 0.45768025625000003 0.6119870953125 0.47549795 0.6451846234375 0.5114593171874999 0.6294770890625 0.498415090625 0.5962538953125 0.45768025625000003 0.6119870953125
2 0.19810057812499998 0.1786435328125 0.214926528125 0.21092565 0.278646959375 0.1696341640625 0.26389330312500003 0.137187659375 0.19810057812499998 0.1786435328125
2 0.7747159484374999 0.9614780125 0.752608928125 0.9357525875 0.7210291359375 0.9533861109374999 0.7419214734375 0.976074996875 0.7747159484374999 0.9614780125
2 0.03641959375 0.872713171875 0.065926275 0.85523626875 0.044464559375000004 0.8044090031250001 0.030150825 0.813069828125 0.03641959375 0.872713171875
2 0.21345704375 0.43551583125000004 0.2293116640625 0.46707677968750005 0.2462204109375 0.4575446140625 0.237401378125 0.43043984843749994 0.21345704375 0.43551583125000004
2 0.239828359375 0.419449390625 0.25411548125 0.45313739999999997 0.271644375 0.4495055484375 0.258600146875 0.41628235468749997 0.239828359375 0.419449390625