2 0.467029171875 0.383632025 0.41683243125 0.3714890078125 0.4011569640625 0.4416601359375 0.45377141718749997 0.4534186578125 0.467029171875 0.383632025
2 0.43894645781249997 0.52068096875 0.4322398890625 0.5564622984375001 0.47773291718750005 0.561038440625 0.48271549687500004 0.5279310921875 0.43894645781249997 0.52068096875
2 0.7100134687499999 0.528896653125 0.69992794375 0.5828620578125 0.76218205625 0.600233653125 0.7776674890625 0.5492659140625 0.7100134687499999 0.528896653125
2 0.58765045625 0.8443041093750001 0.5764337 0.8975745265624999 0.6734541859375 0.92633360625 0.6813615000000001 0.8734214281250001 0.58765045625 0.8443041093750001
2 0.3724356609375 0.8994018796875001 0.3711043921875 0.9350559015625001 0.42246057812500004 0.940741021875 0.4197146390625 0.9005958078124999 0.3724356609375 0.8994018796875001
2 0.620980571875 1 0.6269638046875 0.953594815625 0.518622178125 0.9384241796874999 0.509743478125 1 0.620980571875 1
2 0.8860829718750001 0.85312434375 0.9685587703125 0.8812053765625001 0.9722537656249999 0.838971390625 0.8972625875 0.8207160109375 0.8860829718750001 0.85312434375
2 0.8898825953125 0.91188221875 0.88435914375 0.9477654890625 0.9108727234374999 0.9512771624999999 0.9150392515625001 0.920684825 0.8898825953125 0.91188221875
2 0.835472103125 0.8457148078125 0.8311110718749999 0.8751420109374999 0.8638204203125 0.8827734203125001 0.8719062046875001 0.851647196875 0.835472103125 0.8457148078125
2 0.1568824640625 0.5836433125 0.1544717109375 0.6180108546875 0.26966619999999997 0.6161655703125 0.26341223125 0.582054759375 0.1568824640625 0.5836433125
2 0.7159863343749999 0.051875450000000004 0.7118009734374999 0.086089303125 0.7478819015625 0.0892459765625 0.75069031875 0.0605518671875 0.7159863343749999 0.051875450000000004
2 0.1740942046875 0.05991139375 0.120299746875 0.048051203125000004 0.121332884375 0.083912084375 0.167418959375 0.0885401109375 0.1740942046875 0.05991139375
2 0.1215734296875 0.346850796875 0.12492929687500001 0.417493346875 0.1425186328125 0.4208218375 0.13827617187500002 0.3467059859375 0.1215734296875 0.346850796875
2 0.03296794375 0.35817610312500003 0.036035853125 0.3912349140625 0.07134948125 0.38955474375 0.0687931046875 0.3540374109375 0.03296794375 0.35817610312500003
2 0.051102321875 0.5392127062500001 0.0582215015625 0.594090446875 0.09042087343750001 0.5939258671875 0.090533953125 0.534744896875 0.051102321875 0.5392127062500001
2 0.21201329375000003 0.975390559375 0.20988478124999999 0.9179693546875001 0.11825316875 0.93322713125 0.1197344953125 0.9673893609374999 0.21201329375000003 0.975390559375