2 0.1754531265625 0.7752640640624999 0.2170171859375 0.7722203125 0.2170171875 0.7573734375 0.1748609375 0.7573734390625 0.1754531265625 0.7752640640624999
2 0.2158296875 0.7353984375 0.22176718593750003 0.7158 0.1730796875 0.7158 0.17248437656249999 0.7359921875000001 0.2158296875 0.7353984375
2 0.9479281265624999 0.3083734375 0.953865625 0.3940749984375 0.998753125 0.393303125 0.9978031250000001 0.3030281265625 0.9479281265624999 0.3083734375
2 0.9253656250000001 0.2721453109375 0.9280375 0.3076828125 0.9966156234374999 0.301840625 0.9987531265625 0.2673921859375 0.9253656250000001 0.2721453109375
2 0.9209109375000001 0.2462296859375 0.998753125 0.24423124999999998 0.9987531265625 0.1973125 0.9223968734374999 0.2050328125 0.9209109375000001 0.2462296859375
2 0.9431781265625 0.1117874984375 0.9467406234375 0.20146875 0.9983968750000001 0.20146875 0.998753125 0.1106 0.9431781265625 0.1117874984375
2 0.8725252250000001 0.0419854328125 0.868959375 0.08684218593750001 0.9301140625000001 0.0832796875 0.9327223359374999 0.049376709375 0.8725252250000001 0.0419854328125
2 0.3102374984375 0.7490593750000001 0.313503125 0.7654671859375 0.42008124999999996 0.74430625 0.4129546875 0.7324296875 0.3102374984375 0.7490593750000001
2 0.46520625000000004 0.7627187515625 0.466690625 0.7752640609375 0.57326875 0.778159375 0.5697062484375001 0.7633125 0.46520625000000004 0.7627187515625
2 0.5192375 0.7294593765624999 0.46758125 0.729459375 0.46639375000000005 0.7449000015625 0.5156749984375 0.7454953109375 0.5192375 0.7294593765624999
2 0.9710614468750001 0.766266909375 0.9461468749999999 0.7656874984375001 0.9440687499999999 0.7814984390624999 0.9692142140625 0.7813114125 0.9710614468750001 0.766266909375
2 0.9750612703125 0.733690959375 0.947334375 0.7306468749999999 0.941396875 0.7521078125 0.9727633234375 0.7524062375 0.9750612703125 0.733690959375