2 0.6617745375 0.5519122140625 0.6562789046875 0.4778832890625 0.61912864375 0.48020463125 0.6270316 0.5567747453125 0.6617745375 0.5519122140625
2 0.7132348546875 0.43443386406249995 0.7129567546875 0.3980134703125 0.6342448671875001 0.405755934375 0.638223709375 0.4430458640625 0.7132348546875 0.43443386406249995
2 0.8399389953125 0.36389485 0.765312853125 0.365885578125 0.7654953328125 0.382000646875 0.8398304859374999 0.3776528125 0.8399389953125 0.36389485
2 0.9069611171874999 0.8756036078125 0.9129436875 0.841400825 0.856490765625 0.8328419078125 0.8510972171875 0.8645338796875001 0.9069611171874999 0.8756036078125
2 0.343417546875 0.7786565390625 0.3449795875 0.7426068390625 0.26132204375 0.7490847921875 0.2633133609375 0.7896885140625 0.343417546875 0.7786565390625
2 0.2731349140625 1 0.274944146875 0.9771102796875001 0.2347482984375 0.9814490749999999 0.235468828125 1 0.2731349140625 1
2 0.2908254140625 0.5454652359375001 0.290437190625 0.49351909843749997 0.25829618593750003 0.4976229421875 0.2577090203125 0.5489332078125 0.2908254140625 0.5454652359375001
2 0.206953884375 0.3794617375 0.2064070140625 0.3311211875 0.169566784375 0.33106987499999996 0.1723682328125 0.380720425 0.206953884375 0.3794617375
2 0 0.3675857078125 0.04115554375 0.3657559390625 0.036528890625 0.328074853125 0 0.331480965625 0 0.3675857078125
2 0.0013179609375 0.524237528125 0.008794403125 0.60220598125 0.043517621875 0.6045165078125 0.037475478125 0.521151784375 0.0013179609375 0.524237528125
2 0.2010400640625 0.1752005453125 0.1958242765625 0.137593371875 0.151459875 0.1397142796875 0.15317214375 0.180481353125 0.2010400640625 0.1752005453125
2 0.2957044625 0.18031132656249999 0.258975303125 0.1836262578125 0.2627124265625 0.253090153125 0.303584078125 0.2444856390625 0.2957044625 0.18031132656249999
2 0.41061440468750005 0.04787170625 0.3738867953125 0.051186445312499995 0.37255111093750004 0.08422045624999999 0.414807090625 0.0820183953125 0.41061440468750005 0.04787170625
2 0.6729277312499999 0.7842157875 0.7371000015625 0.7751400046875 0.7384595203125001 0.761826646875 0.6709035578125 0.767730215625 0.6729277312499999 0.7842157875