2 0.498790590625 0.4482000890625 0.50271450625 0.4187072203125 0.444696796875 0.40259873125 0.43578104218749997 0.43658181406249996 0.498790590625 0.4482000890625
2 0.798339965625 0.31421398125 0.7852860859375 0.27967251875 0.7328593421875 0.281676775 0.7355279578125 0.32151635 0.798339965625 0.31421398125
2 0.7584892937500001 0.0875974765625 0.7518273921875 0.033194575 0.7152857109374999 0.038408025 0.7225889609375 0.09191826875 0.7584892937500001 0.0875974765625
2 0.21796406250000003 0.2362779578125 0.22815573906250003 0.189293834375 0.2034386984375 0.184434209375 0.18983483437499998 0.23412940624999998 0.21796406250000003 0.2362779578125
2 0.16686736562499999 0.4284280359375 0.18095661875 0.36382844062499997 0.145186409375 0.3429465046875 0.119856759375 0.4121735390625 0.16686736562499999 0.4284280359375
2 0.1183351609375 0.28808008906250004 0.13720051093750002 0.23442201406250002 0.0983755734375 0.22644789531249998 0.0856479828125 0.282112759375 0.1183351609375 0.28808008906250004
2 0.157303128125 0 0.14993772656249998 0.025386528125000002 0.17777343125 0.02746336875 0.18469333593749998 0 0.157303128125 0
2 0.3614097421875 0.993422965625 0.3654926953125 0.9722404328125 0.2946507578125 0.9625883749999999 0.287887203125 0.9895698124999999 0.3614097421875 0.993422965625
2 0.3014402453125 0.7990023328125 0.302433646875 0.7800470953125 0.267885040625 0.7699203953125 0.2607708875 0.7865442890625001 0.3014402453125 0.7990023328125
2 0.3060502390625 0.7677632890625 0.30732615937499996 0.7547622484375001 0.2914720875 0.7509616765625 0.28697934687500004 0.762975821875 0.3060502390625 0.7677632890625
2 0.5207727375 0.380449884375 0.54670363125 0.37349278125 0.535776240625 0.35510036562499997 0.51103121875 0.36211961875 0.5207727375 0.380449884375