2 0.554661603125 0.188207275 0.523134075 0.20020385468750002 0.5535111453125 0.25476393750000004 0.5854857124999999 0.2322979296875 0.554661603125 0.188207275
2 0.5562050875 0.0405562078125 0.5436847859375 0.0729425375 0.5877133890625 0.0944213 0.608503484375 0.059821409375 0.5562050875 0.0405562078125
2 0.696727571875 0.2583266078125 0.6593959671875 0.2604006671875 0.67355650625 0.3473724484375 0.7124835234375 0.349926953125 0.696727571875 0.2583266078125
2 0.683553371875 0.182592878125 0.7227908843749999 0.1886963296875 0.72785385625 0.1512986890625 0.6931884890625 0.14300874218749998 0.683553371875 0.182592878125
2 0.9467743890625 0.4212175046875 0.9127987875000001 0.43402428281249994 0.9215230203125 0.4728962109375 0.9576421515625 0.463776015625 0.9467743890625 0.4212175046875
2 0.610742915625 0.400550934375 0.6437170921875001 0.3738237796875 0.61599990625 0.3428717078125 0.5827907437500001 0.364851278125 0.610742915625 0.400550934375
2 0.4299552859375 0.2733219078125 0.45703166250000005 0.295389771875 0.4838649859375 0.2686054203125 0.455763303125 0.2400710609375 0.4299552859375 0.2733219078125
2 0.517328990625 0.412895721875 0.48901811874999995 0.3870617453125 0.46873877343750003 0.4088009921875 0.49822901249999996 0.4395995078125 0.517328990625 0.412895721875
2 0.26796810781249997 0.3813667890625 0.3002374875 0.402087865625 0.326553325 0.369388609375 0.29388105468750003 0.3430406109375 0.26796810781249997 0.3813667890625
2 0.32916972499999997 0.487767290625 0.3547462921875 0.51592655 0.37891017968749996 0.4846076015625 0.3529954046875 0.46065005625 0.32916972499999997 0.487767290625
2 0.41287051718749995 0.669978153125 0.384454140625 0.6432609484375 0.354216775 0.6923957828125 0.3870369125 0.7068089140625 0.41287051718749995 0.669978153125
2 0.42739860468749996 0.7339726515625 0.39297664375 0.7134414718750001 0.362717021875 0.7691344499999999 0.39895724062500004 0.7886125265625 0.42739860468749996 0.7339726515625
2 0.4656082921875 0.9174829578124999 0.42879883750000003 0.8914984859375 0.403497275 0.9425855625 0.446465359375 0.9573029015625 0.4656082921875 0.9174829578124999
2 0.55053846875 0.7330336078124999 0.5867878921874999 0.764431240625 0.6088422125 0.7374689796875 0.5715152703124999 0.7055696 0.55053846875 0.7330336078124999
2 0.61034811875 0.63899425625 0.588415484375 0.6760781765625 0.610383165625 0.693823278125 0.6337949921875 0.6619756765625 0.61034811875 0.63899425625
2 0.22655913125 0.214228871875 0.2629083625 0.240851196875 0.2842692515625 0.2127575671875 0.2542187109375 0.18916185624999998 0.22655913125 0.214228871875
2 0.32466801875 0.1436611484375 0.3137929796875 0.1601090609375 0.34697162187499997 0.1876016578125 0.356417471875 0.1730684078125 0.32466801875 0.1436611484375
2 0.3430521765625 0.12238258125000001 0.330928165625 0.14162184375 0.36977991875 0.1760699015625 0.379817259375 0.161484903125 0.3430521765625 0.12238258125000001
2 0.1488629453125 0.6728127781250001 0.0937570828125 0.6558792578125 0.080656815625 0.6895067984375001 0.134676515625 0.7080269578125 0.1488629453125 0.6728127781250001
2 0.12543191250000002 0.2552629 0.108851459375 0.27727612343749997 0.14000230625 0.299285525 0.15424772343749998 0.2783706171875 0.12543191250000002 0.2552629
2 0.3201427609375 0.684052528125 0.344074771875 0.7001372984375 0.3648159734375 0.670607840625 0.337107584375 0.6533634171875 0.3201427609375 0.684052528125
2 0.1512112046875 0.3021789921875 0.1798457859375 0.33275279062499996 0.20066849062499997 0.3053022640625 0.171126640625 0.2739138125 0.1512112046875 0.3021789921875
2 0.733896884375 0.662754184375 0.6833036140625001 0.7196301078125 0.735159021875 0.752046465625 0.7752353953125 0.699666759375 0.733896884375 0.662754184375