2 0.23335761718749998 0.174155946875 0.24343104062499998 0.21303386875000002 0.31514263593749997 0.1948516171875 0.3073249265625 0.1588115078125 0.23335761718749998 0.174155946875
2 0.45763267656249995 0.3750400765625 0.46575507031249996 0.426236321875 0.5144995171875 0.4183220078125 0.5048964515625001 0.36508779375 0.45763267656249995 0.3750400765625
2 0.60340135625 0.354230875 0.603946765625 0.37356042500000003 0.67828715 0.35587046875 0.6755162203125 0.33919577031250003 0.60340135625 0.354230875
2 0.5958881125 0.3181662171875 0.59825706875 0.333573365625 0.6518512015625 0.3216179578125 0.6449769812499999 0.30429177812499997 0.5958881125 0.3181662171875
2 0.6009297546875 0.30152660625 0.6203173609375 0.2967791703125 0.61535159375 0.2863710875 0.5976944109375 0.28778410625 0.6009297546875 0.30152660625
2 0.6247062546875 0.8194190609374999 0.59922615 0.843645421875 0.6374943125 0.8753171249999999 0.6662389609375 0.8494468359375 0.6247062546875 0.8194190609374999
2 0.5642675109375 0.8783951390625001 0.5487352343749999 0.8891651390625 0.5898709671875 0.9254848421874999 0.603297346875 0.9128388718749999 0.5642675109375 0.8783951390625001
2 0.7892700406250001 0.9266609578124999 0.7623732515625 0.9446498453125001 0.7783901984375 0.970672709375 0.8090172875 0.9424159546875 0.7892700406250001 0.9266609578124999
2 0.8491746812500001 0.8862391374999999 0.8285043062499999 0.8649259890625001 0.7983631250000001 0.8920225984375 0.8242529265625 0.92022455625 0.8491746812500001 0.8862391374999999
2 0.921539296875 0.86583164375 0.947578921875 0.8703245171875 0.9531176796875 0.835354175 0.926742209375 0.832981746875 0.921539296875 0.86583164375
2 0.79178085625 0.728623378125 0.777595578125 0.761252909375 0.83316844375 0.7728517234375001 0.8426718624999999 0.7451014203125 0.79178085625 0.728623378125
2 0.3814089015625 0.097184246875 0.3863047375 0.12321592968749999 0.4354717609375 0.1183268421875 0.4309255546875 0.088189934375 0.3814089015625 0.097184246875
2 0.5218318187500001 0.030430950000000002 0.5264536515625 0.0467960703125 0.5727480625 0.0372708421875 0.57116270625 0.022609518749999998 0.5218318187500001 0.030430950000000002
2 0.7607584109375 0.0363299296875 0.6968349140625001 0.026205440625 0.6895765984375 0.0720326375 0.7547873140625 0.0778254734375 0.7607584109375 0.0363299296875
2 0.7843925765625 0.3311854125 0.7881374296875 0.372065159375 0.8456353468750001 0.3582253609375 0.842212271875 0.3229050234375 0.7843925765625 0.3311854125
2 0.72355661875 0.55967225 0.724438959375 0.5844655249999999 0.8023734656249999 0.5858238906250001 0.8008508578125 0.5574820796875 0.72355661875 0.55967225
2 0.4483549953125 0.289387325 0.499416303125 0.27823147656249997 0.4795940109375 0.2287906375 0.4402744546875 0.2417223515625 0.4483549953125 0.289387325
2 1 0.35582114531250003 0.9876008703125001 0.3500517828125 0.9794928593750001 0.3632885640625 1 0.37665655 1 0.35582114531250003