2 0.9137275828125 0.385598646875 0.9260513859374999 0.434138471875 0.9560611343750001 0.4290639875 0.9431969046875001 0.3766931515625 0.9137275828125 0.385598646875
2 0.48847752812499995 0.936733253125 0.5202626296874999 0.9315346218749999 0.5112290859375 0.86401435625 0.47308963593750003 0.869954925 0.48847752812499995 0.936733253125
2 0.38000080625 0.952054715625 0.416003975 0.956084328125 0.4151765171875 0.89483816875 0.380599003125 0.8924928984375 0.38000080625 0.952054715625
2 0.6018678703125 0.1062332984375 0.632718428125 0.10467121718750001 0.6326780359375 0.0600340515625 0.5910599109375 0.06234750625 0.6018678703125 0.1062332984375
2 0.6404967687500001 0.1648361234375 0.6780009328125 0.1562615765625 0.6736211828124999 0.1348430453125 0.63824785625 0.14118695312500001 0.6404967687500001 0.1648361234375
2 0.44941193593750006 0.9144665890624999 0.47441906874999995 0.9145019546875 0.46565066875000005 0.8761295062500001 0.444170765625 0.882095528125 0.44941193593750006 0.9144665890624999
2 0.591103765625 0.6760002125 0.608285246875 0.6747987671875 0.6007851843750001 0.6381232296875 0.5849804749999999 0.6395260031250001 0.591103765625 0.6760002125
2 0.569140878125 0.6769408078125 0.5851791703125 0.6764145 0.5795227125 0.6405012796875 0.5632660953124999 0.6440204203125 0.569140878125 0.6769408078125
2 0.5441459796875 0.6685686578125 0.5605571421875 0.673374640625 0.5607860078125 0.6534194421875 0.5439100359375 0.656682725 0.5441459796875 0.6685686578125
2 0.2614406296875 0.7805948890625001 0.28056469375000004 0.781638403125 0.27766363437499997 0.7285708765625001 0.2620262625 0.72936518125 0.2614406296875 0.7805948890625001
2 0.20554546718750002 0.8071210546875 0.22095003906250002 0.8060438609375 0.21475099687500002 0.748147753125 0.19885477812500002 0.7540209234375 0.20554546718750002 0.8071210546875
2 0.3255420015625 1 0.3251536546875 0.9850563640625 0.301828034375 0.992044246875 0.302822896875 1 0.3255420015625 1
2 0.2142664078125 0.9999527531249999 0.24533495312500003 0.993018628125 0.2345760765625 0.9422861749999999 0.2062435125 0.9618257765625 0.2142664078125 0.9999527531249999
2 0.2989867109375 0.9684349359375 0.30210144687499996 0.97893073125 0.317381765625 0.9760766296875 0.3146935515625 0.9631686421874999 0.2989867109375 0.9684349359375
2 0.31650782187500004 0.93804338125 0.31860373124999997 0.9509927843750001 0.32929282031249996 0.9561973296874999 0.3312373609375 0.9358245593750001 0.31650782187500004 0.93804338125
2 0.2537520734375 0.9686220531249999 0.25462185000000004 0.981060428125 0.27340701875 0.9868892390624999 0.2725862140625 0.9655194406250001 0.2537520734375 0.9686220531249999
2 0.9539109609375 0.22803521718750003 0.9431345796875 0.2186703765625 0.9331326828125001 0.228892975 0.9406732171875 0.23848408906250002 0.9539109609375 0.22803521718750003
2 0.9593153453125 0.2037763421875 0.9476260578125 0.2147851046875 0.9603016046875 0.225505140625 0.9622399921874999 0.22224184375 0.9593153453125 0.2037763421875
2 0.9331161703124999 0.211633334375 0.9405816203124999 0.1992073015625 0.9268023015625 0.189457246875 0.9174445921875 0.1999324015625 0.9331161703124999 0.211633334375
2 0.9324634375 0.1682293875 0.9200757046874999 0.16135645625 0.9082540281249999 0.1711126734375 0.9207685859374999 0.1836295671875 0.9324634375 0.1682293875
2 0.916017525 0.2140193859375 0.9002127859375 0.20083976718750002 0.8939609046875001 0.222108934375 0.9116213734375 0.2315875921875 0.916017525 0.2140193859375