2 0.7170953390625 0.017381471875000002 0.7040328109375 0.0713295359375 0.7852966828125 0.0826066234375 0.7903114062500001 0.025288071875000002 0.7170953390625 0.017381471875000002
2 0.8328084015625 0.7079098234375001 0.8203783906250001 0.7716236140625 0.8675956984375001 0.7769466296875 0.8836709703125001 0.7158307421875 0.8328084015625 0.7079098234375001
2 0.9569139484375 1 0.960244359375 0.9619332343749999 0.927693634375 0.9620262937499999 0.9323381906250001 1 0.9569139484375 1
2 0.8029506812499999 0.8856667828125 0.74364268125 0.8720898359374999 0.7334535015625 0.9408650625 0.7894899984375 0.9475541062499999 0.8029506812499999 0.8856667828125
2 0.8447679578124999 0.5814302484375 0.837449490625 0.6105626359375 0.92805105 0.6172972078125001 0.929247615625 0.590013296875 0.8447679578124999 0.5814302484375
2 0.41766349687500004 0.650159365625 0.41400152031250004 0.6681900656249999 0.539449140625 0.678570859375 0.53842741875 0.66299911875 0.41766349687500004 0.650159365625
2 0.423538409375 0.6238839109375001 0.4164312578125 0.640418025 0.5568958015625001 0.6562800515625 0.554101165625 0.6405532 0.42448861875 0.6232596640625 0.423538409375 0.6238839109375001
2 0.484518078125 0.560465125 0.48126108125 0.594286521875 0.5635072234375 0.594336184375 0.5644438968750001 0.5700049203125 0.484518078125 0.560465125
2 0.5600784265625001 0.613089959375 0.48295499062499997 0.6021751109375 0.47865329687499997 0.6172811140625 0.558040890625 0.6295845171875001 0.5600784265625001 0.613089959375
2 0.4165241203125 0.6052940234374999 0.4629416578125 0.6129280031250001 0.46639325468750004 0.600726146875 0.4233969421875 0.5880320296875 0.4165241203125 0.6052940234374999
2 0.5864446734375 0.311722384375 0.5162609218750001 0.299830528125 0.5137886765624999 0.3178696390625 0.5874163390625 0.3278841953125 0.5864446734375 0.311722384375
2 0.580149621875 0.356425090625 0.583756328125 0.3424503203125 0.531372271875 0.3348887875 0.530079778125 0.34966204375 0.580149621875 0.356425090625
2 0.5794784749999999 0.415190215625 0.575297578125 0.39827709218749996 0.519851015625 0.3916396609375 0.52038474375 0.4059766734375 0.5794784749999999 0.415190215625
2 0.5248186109375 0.3825473921875 0.5762798499999999 0.3870496671875 0.5771861546875 0.3698601203125 0.5203513078124999 0.3654837328125 0.5248186109375 0.3825473921875
2 0.5495271015625 0.8188486359375 0.5459737515625 0.8696823796875 0.6140467828125 0.8750435484375 0.6220418953125 0.8245341015625 0.5495271015625 0.8188486359375