2 0.3578569921875 0.8561481296875 0.35531453125 0.8825435796875001 0.43002872343750004 0.8947752640625 0.43033165156250003 0.8725416515625 0.3578569921875 0.8561481296875
2 0.41975547031250005 0.5905951546875 0.40955855 0.6518440453125 0.4542397734375 0.6617280203125 0.4649525109375 0.600973075 0.41975547031250005 0.5905951546875
2 0.480510090625 0.6392546421875 0.47425372968749996 0.654220603125 0.550511165625 0.669667553125 0.5576610484375 0.6564727218749999 0.480510090625 0.6392546421875
2 0.4852846484375 0.619015315625 0.48410050781249997 0.6342790828125 0.5559038046875 0.645922928125 0.5588577453125 0.6325895609375001 0.4852846484375 0.619015315625
2 0.5923774484375001 0.586099215625 0.594549996875 0.6131086859375 0.629395921875 0.615514921875 0.6250877125 0.5852396734374999 0.5923774484375001 0.586099215625
2 0.6151019078125 0.4401260546875 0.611937140625 0.47346105625 0.69401803125 0.488373621875 0.700095175 0.4539084265625 0.6151019078125 0.4401260546875
2 0.7075644671875 0.408128709375 0.697383846875 0.47270441406249997 0.778282465625 0.4857647921875 0.7814632015625 0.42669471249999996 0.7075644671875 0.408128709375
2 0.8577302906250001 0.3600334328125 0.8507298640625001 0.4116932734375 0.9270196234375 0.4252562796875 0.9363263984374999 0.3793134734375 0.8577302906250001 0.3600334328125
2 0.9373513125 0.46924045156250005 0.9365095046875 0.509916928125 0.9899199875000001 0.5164549515625 0.996614940625 0.47848599375 0.9373513125 0.46924045156250005
2 0.77785733125 0.630075559375 0.76746824375 0.6633504718750001 0.8266987921875 0.6762028796874999 0.8343588046875 0.6396083234375001 0.77785733125 0.630075559375
2 0.77022111875 0.2169101328125 0.76370508125 0.289766740625 0.8197055093750001 0.3021320953125 0.83361425625 0.233509478125 0.77022111875 0.2169101328125
2 0.8334019375 0.2141979765625 0.8298243671875 0.23277775625000002 0.90605124375 0.24326911562500003 0.90687346875 0.228357221875 0.8334019375 0.2141979765625
2 0.8361468875 0.1917920484375 0.8338900046875001 0.20459147031249997 0.9065598359375 0.2198691203125 0.90892905 0.2064326484375 0.8361468875 0.1917920484375
2 0.840954796875 0.1679443203125 0.8396603499999999 0.182124025 0.9011183015625001 0.19602128125 0.9052432406250001 0.1828943921875 0.840954796875 0.1679443203125
2 0.6884841374999999 0.14191956875 0.6479940265625 0.1339201296875 0.64315734375 0.181856953125 0.6824388671875 0.1881804375 0.6884841374999999 0.14191956875
2 0.25844165625 0.047123625 0.22192262187499998 0.0371097140625 0.21312776718749998 0.06989146874999999 0.2554706390625 0.0827790875 0.25844165625 0.047123625
2 0.0804501859375 0 0.0774428484375 0.01705545625 0.12293225 0.02748493125 0.123317196875 0 0.0804501859375 0
2 0.7898307859375 0.059529031249999996 0.7797847078125 0.11138326875 0.8175528468750001 0.1228613265625 0.8226272796874999 0.07014790625 0.7898307859375 0.059529031249999996
2 0.6429131906250001 0.62090816875 0.6469202328125 0.6340854265625 0.682433728125 0.6224568671874999 0.6753441640625 0.6079554671875 0.6429131906250001 0.62090816875