2 0.77762834375 0 0.725618065625 0.06328925156250001 0.7494505625000001 0.088005315625 0.8107894812499999 0.018689635937499997 0.7848569249999999 0 0.77762834375 0
2 0.3114460625 0.21520500937499998 0.2856079640625 0.1692515765625 0.231752378125 0.19193199375 0.25690122656250003 0.24334840156249998 0.3114460625 0.21520500937499998
2 0.8432478796874999 0.371533521875 0.7983909859375 0.316534934375 0.7672578375 0.34257702343749996 0.8145956406250001 0.3976581953125 0.8432478796874999 0.371533521875
2 0.6490145609375 0.3325790234375 0.6132253671875 0.3710674734375 0.6405895734375 0.4135401296875 0.6834855796875 0.3694576265625 0.6490145609375 0.3325790234375
2 0.734989715625 0.63050193125 0.7230956281250001 0.5998709984375 0.6793015796875 0.6233964046875 0.6909245 0.6564503968750001 0.734989715625 0.63050193125
2 0.37945803125 0.85673365 0.34174872343749996 0.7985872453125 0.2848392265625 0.8305169859375001 0.3230930890625 0.8964308687500001 0.37945803125 0.85673365
2 0.024638734375 0.528164090625 0.0021859734374999997 0.546816259375 0.0057152203125 0.5871557421875 0.0114894625 0.60870550625 0.056057240625000004 0.5720091828125 0.024638734375 0.528164090625
2 0.112048253125 0.3565607921875 0.08731520625 0.3078492421875 0.05096134375 0.3224366171875 0.07401262187499999 0.372900978125 0.112048253125 0.3565607921875
2 0.17819234374999998 0.3074783734375 0.1763360125 0.2913741515625 0.12003212968750002 0.318681840625 0.122839065625 0.3303045109375 0.17819234374999998 0.3074783734375
2 0.25580263593749997 0.8861772234374999 0.24234015625 0.8565812359375 0.1793504484375 0.89105411875 0.19419326875 0.9223605046875001 0.25580263593749997 0.8861772234374999
2 0.2535191875 1 0.2331914453125 0.9715525859374999 0.1857553171875 1 0.2535191875 1
2 0.0667873640625 0.8150800859375 0.1216773328125 0.7733193015625 0.09954377187499999 0.7446264546875 0.0567957359375 0.777790821875 0.0667873640625 0.8150800859375
2 0.8577728890625 0.515210471875 0.839834759375 0.48496964687500005 0.8090424453124999 0.5019604156249999 0.8244081624999999 0.535218271875 0.8577728890625 0.515210471875
2 0.9243268953125 0.45618147656249997 0.8933396734375 0.420828175 0.8615326062499999 0.450090346875 0.894609971875 0.48750898906250006 0.9243268953125 0.45618147656249997
2 1 0.47816952500000004 0.9967740062500001 0.441296246875 0.9698541203125 0.4551828859375 0.9811457265625 0.503058928125 1 0.4891399265625 1 0.47816952500000004
2 0.884429546875 0.42198624218749997 0.858460653125 0.39389725625 0.8455473359375001 0.405350025 0.8689975671875001 0.43780367656249997 0.884429546875 0.42198624218749997
2 0.90438538125 0.0821526859375 0.894818009375 0.047823215625 0.858088875 0.09886228124999999 0.8843933515625 0.12132747656250001 0.90438538125 0.0821526859375
2 0.32298559843749997 0.327093359375 0.307073865625 0.297538953125 0.2842574640625 0.3110321671875 0.29745528125 0.3419284609375 0.32298559843749997 0.327093359375