2 0.12681578124999998 0.8425279124999999 0.0934515484375 0.8389416859375001 0.0915242515625 0.8782188124999999 0.125155859375 0.8800149296875001 0.12681578124999998 0.8425279124999999
2 0.0334210125 0.76855478125 0.009144465625 0.7705907609375 0.010139101562499999 0.7990733984375 0.0345192546875 0.8000043609375 0.0334210125 0.76855478125
2 0.07400199375 0.2140163390625 0.0626763828125 0.212629503125 0.0598144453125 0.2760023625 0.073973103125 0.2811519953125 0.07400199375 0.2140163390625
2 0.393722265625 0.8712304953125001 0.38540191562500004 0.8709269359375 0.387282578125 0.9365121921874999 0.40489309531249995 0.9361927124999999 0.393722265625 0.8712304953125001
2 0.5525772109375 0.7801310421875 0.5464311203125 0.842134871875 0.6005644171875 0.8455915031250001 0.605565175 0.7848158921875 0.5525772109375 0.7801310421875
2 0.4903429328125 0.374740409375 0.49427255 0.470256765625 0.5286770015625 0.4696494484375 0.5266295953125 0.377037921875 0.4903429328125 0.374740409375
2 0.74926796875 0.9907089750000001 0.7854613828125 0.990336240625 0.792887803125 0.9544301890625 0.7543384828125 0.9489440734375 0.74926796875 0.9907089750000001
2 0.7810241421875 0.8802834328125 0.746205259375 0.869022984375 0.7341391609375 0.928855534375 0.7653946609375 0.9426153015625 0.7810241421875 0.8802834328125
2 0.7816815390625 0.627167234375 0.7517101953124999 0.6187065046875 0.7425009375 0.6585381031249999 0.7753429234375 0.666599971875 0.7816815390625 0.627167234375
2 0.9428814750000001 0.6542141640625 0.8744304875 0.631651825 0.8503212390625 0.7385427171875001 0.9103868625 0.7605067109375 0.9428814750000001 0.6542141640625
2 0.9076781640625 0.0880619203125 0.9459092578125 0.0950459921875 0.9561166906249999 0.0468619671875 0.91662989375 0.03843803125 0.9076781640625 0.0880619203125
2 0.63689270625 0.2882294453125 0.654188959375 0.29059600625000004 0.6618601187500001 0.23537277343750002 0.6479040406250001 0.22962195468750002 0.63689270625 0.2882294453125
2 0.50518 0.0007619718749999999 0.46723906406250004 0.0020869 0.46921139062500006 0.02019785 0.504856803125 0.0254883140625 0.50518 0.0007619718749999999
2 0.4615782125 0.2818752125 0.47161343906250003 0.28033655 0.472027684375 0.20279047968750002 0.45473531874999995 0.204878059375 0.4615782125 0.2818752125
2 0.7229152578125 0.03213223125 0.690924240625 0.0338434953125 0.6914503187500001 0.063235228125 0.719947353125 0.066100253125 0.7229152578125 0.03213223125
2 0.6376062921875 0.019664378125 0.6348632015625 0.060159778124999994 0.6700268140625 0.0642788453125 0.6770624265625 0.0277923296875 0.6376062921875 0.019664378125
2 0.7586694828125 0.206148246875 0.7502539921875 0.3050646984375 0.79087618125 0.3125578203125 0.8034736484374999 0.2126041609375 0.7586694828125 0.206148246875
2 0.6812775734375001 0.86237863125 0.6671139796875 0.86465400625 0.6671083343750001 0.8985185828125 0.681366190625 0.895942859375 0.6812775734375001 0.86237863125
2 0.9263282796875 0.2311872921875 0.9101980812500001 0.22818589843749998 0.8998446078125 0.321525965625 0.9141276984375001 0.3237022546875 0.9263282796875 0.2311872921875