2 1 0.6757969359375 0.9979249453125 0.6733533656249999 0.970241028125 0.6985645953125 0.9968628031250001 0.722680190625 1 0.7201069421875 1 0.6757969359375
2 0.8211229281250001 0.5134112484375 0.7896725296875 0.5242667265625001 0.7992893453125001 0.5597835203125 0.83261675625 0.5489750625 0.8211229281250001 0.5134112484375
2 0.48841164531250003 0.6659943984375001 0.5229231828125 0.6529612765625 0.513860228125 0.6030096296874999 0.480627765625 0.6100670484374999 0.48841164531250003 0.6659943984375001
2 0.1613816171875 0.94275660625 0.20567047968750002 0.9292161406250001 0.1900140078125 0.8800369390625 0.1510094515625 0.8925843421874999 0.1613816171875 0.94275660625
2 0.2731895578125 0.6586008718749999 0.21803419375000002 0.671122303125 0.2270496734375 0.7229494703125 0.27830904218749997 0.7159620531249999 0.2731895578125 0.6586008718749999
2 0.4033405515625 0.45678141562499996 0.420136565625 0.5218727296875 0.45647614687500004 0.5107626062499999 0.44063304687500005 0.446757328125 0.4033405515625 0.45678141562499996
2 0.50556271875 0.3301422671875 0.532826634375 0.380733215625 0.5788356796875 0.358603575 0.55841615 0.31212234843750003 0.50556271875 0.3301422671875
2 0.56090214375 0.44209664843749996 0.6156890953125 0.4161853546875 0.6020506203125 0.3837607453125 0.5506924484375 0.41683080156249996 0.56090214375 0.44209664843749996
2 0.459660675 0.11095072187499999 0.461283546875 0.1284437296875 0.5117856125 0.106799803125 0.510635596875 0.0928842421875 0.459660675 0.11095072187499999
2 0.46752167343749995 0.0818364875 0.474092165625 0.0972351859375 0.506851315625 0.086598828125 0.49802101875 0.07193187031250001 0.46752167343749995 0.0818364875
2 0.3594596046875 0.122357609375 0.346962503125 0.092650865625 0.325583509375 0.10294013125000001 0.3352952734375 0.134705884375 0.3594596046875 0.122357609375
2 0.307806890625 0.10775574375000001 0.3003813328125 0.0895549125 0.2612323984375 0.10772783749999999 0.26596238906249997 0.1211681375 0.307806890625 0.10775574375000001
2 0.2974721640625 0.08917806874999999 0.2934740328125 0.073059909375 0.265558084375 0.0853166796875 0.27028761874999996 0.0987554859375 0.2974721640625 0.08917806874999999
2 0.18669033906250002 0.180717371875 0.1864169046875 0.19200784531249998 0.20587959687500001 0.1947432796875 0.20761608437499998 0.17808421875 0.18669033906250002 0.180717371875
2 0.18985805625000002 0.20021178437499998 0.19042035625 0.21931817812499999 0.2430834265625 0.20879884375 0.2498367109375 0.19432800625 0.18985805625000002 0.20021178437499998