2 0.46036839062499996 0.7899405609375 0.4579514171875 0.8084301203125 0.6136839046875 0.824322453125 0.6134181734374999 0.8051760390625 0.46036839062499996 0.7899405609375
2 0.46732834375000004 0.7598992531250001 0.4613389296875 0.7860018875 0.6160524390625 0.7975458921875 0.6143043625 0.7776125484375 0.46732834375000004 0.7598992531250001
2 0.6200797328125 0.7497944109375 0.463969846875 0.7367346234375 0.4637157046875 0.754180609375 0.6165444156250001 0.770723803125 0.6200797328125 0.7497944109375
2 0.46616524375 0.7093917484375 0.46729998906250003 0.73137524375 0.614813103125 0.7427220734375 0.6163759953125 0.72549520625 0.46616524375 0.7093917484375
2 0.4706318609375 0.6813544921875 0.4639324453125 0.70614486875 0.6212819421875 0.71717216875 0.6228942609375 0.698070821875 0.4706318609375 0.6813544921875
2 0.4681908953125 0.6591494703125 0.469684640625 0.6792716734375001 0.621457896875 0.695408834375 0.6293620625 0.672522871875 0.4681908953125 0.6591494703125
2 0.4813481984375 0.62907608125 0.47707179843749997 0.6546893078125 0.6238283828125 0.6686333078125 0.625138453125 0.6465232390625 0.4813481984375 0.62907608125
2 0.48362028749999997 0.6060510140625001 0.48361942343750003 0.6283817 0.6248387390625 0.64351210625 0.6289908296875 0.62053314375 0.48362028749999997 0.6060510140625001
2 0.4871556015625 0.5851216234375001 0.481694059375 0.6058376796875 0.6301724234375 0.618310890625 0.6324786687499999 0.6014792734375 0.4871556015625 0.5851216234375001
2 0.83437436875 0.74196420625 0.8460152421875 0.8683798171875001 0.9058697796875 0.8702132812500001 0.8952221984375001 0.74196956875 0.83437436875 0.74196420625
2 1 0.76185794375 0.976855415625 0.759190746875 0.9783163500000001 0.816770184375 1 0.8161608875 1 0.76185794375
2 0.6083242265625 0.7986685171875 0.6020480078125 0.9355273375 0.6474072234375 0.93868806875 0.6574217265625 0.802887196875 0.6083242265625 0.7986685171875
2 0.22309446249999998 0.8078973703125 0.3138549578125 0.8031869984375 0.3010980765625 0.7015523609375001 0.2205966171875 0.7063155906249999 0.22309446249999998 0.8078973703125
2 0.3042680859375 1 0.302563196875 0.9845702234375 0.24821347500000002 0.9875419593749999 0.24963304687500001 1 0.3042680859375 1
2 0.15165249218750002 0.9671873828124999 0.15949522031250002 0.9979168078124999 0.197049059375 0.9907783359375 0.19645289999999999 0.962427921875 0.15165249218750002 0.9671873828124999