2 0.423094171875 0.00773168125 0.40207810781250003 0.027861134375000002 0.430981759375 0.057972109375000004 0.45048588437500003 0.037989175 0.423094171875 0.00773168125
2 0.6927281921875 0.20877314687499998 0.727793878125 0.24475226249999998 0.7690308078125 0.2109697203125 0.7271948578125 0.1765505828125 0.6927281921875 0.20877314687499998
2 0.6514206437500001 0.24314365312500003 0.634311409375 0.2655458578125 0.6637419812500001 0.296263065625 0.69133114375 0.2737434203125 0.6514206437500001 0.24314365312500003
2 0.5767870796875 0.4222345890625 0.5947748875000001 0.39754900000000004 0.5571040015625 0.3754795078125 0.5456643734375 0.4028755109375 0.5767870796875 0.4222345890625
2 0.52943956875 0.00883766875 0.514544653125 0.0327066 0.5355654703125 0.0466425828125 0.5590440531249999 0.023509596875 0.52943956875 0.00883766875
2 0.34837489062500004 0.8208962718749999 0.3755892171875 0.8379824093750001 0.3940924375 0.8139583125 0.3635566625 0.7971271046874999 0.34837489062500004 0.8208962718749999
2 0.34734228125 0.7562258859375001 0.3753014765625 0.7769895859375 0.396017465625 0.754432028125 0.36407168125 0.7344555390624999 0.34734228125 0.7562258859375001
2 0.6657810890625 0.791218078125 0.662921571875 0.7925828874999999 0.6550151703125 0.8131271625000001 0.6948221953125 0.8299664359375001 0.7011051515625 0.808027984375 0.6657810890625 0.791218078125
2 0.8132664953125 0.6156190765625 0.8406143328125 0.6267458140625 0.8501834875000001 0.5926594875 0.827016521875 0.581586421875 0.8132664953125 0.6156190765625
2 0.8159192640624999 0.5209208765625 0.8395252828125 0.538162178125 0.8573778359374999 0.5194373484375 0.827950934375 0.5008831234375 0.8159192640624999 0.5209208765625
2 0.0550109875 0.7741173984375 0.042812754687499996 0.785767646875 0.09185498125 0.8175374484375 0.1010441875 0.8084568328125 0.0550109875 0.7741173984375
2 0.011760709375000001 0.8291693640625001 0.043619009375000004 0.8474223437499999 0.05007799375000001 0.838653509375 0.0216740046875 0.8166403515624999 0.011760709375000001 0.8291693640625001
2 0.9277524265625001 0.34580084218749996 0.9091044859374999 0.37100358906249997 0.9305795640625 0.39097113906250003 0.9498889984375 0.36525298125 0.9277524265625001 0.34580084218749996
2 0.9019120218750001 0.5416379921875001 0.9312775796875 0.56556384375 0.9502145796875 0.538006903125 0.9164568624999999 0.5181841796875 0.9019120218750001 0.5416379921875001