2 0.157034909375 0.650155115625 0.1949780484375 0.6530193203125 0.202058875 0.5904785875 0.1646755359375 0.5849911765625 0.157034909375 0.650155115625
2 0.0546019046875 0.6997916562500001 0.0897535875 0.7059023671875 0.10056885468750001 0.6665521062499999 0.0576825578125 0.6597908078125 0.0546019046875 0.6997916562500001
2 0.8985742406250001 1 0.895727446875 0.9693709765625 0.8568309328125 0.9696814359375001 0.8588733265625 1 0.8985742406250001 1
2 0.7964636921875 0.7543900828125001 0.760249053125 0.7666933359375 0.7857745609375 0.81708598125 0.81780966875 0.8051668609375 0.7964636921875 0.7543900828125001
2 0.9334481406249999 0.8717087640625 0.9565108828125 0.8745405125 0.962227315625 0.8279838953124999 0.9161805765625 0.8298076765625 0.9334481406249999 0.8717087640625
2 0.8901089640625001 0.5277995375 0.847219053125 0.5213369 0.8419898 0.5541945312500001 0.88325335625 0.5592610578125 0.8901089640625001 0.5277995375
2 0.8189468359375001 0.3617313953125 0.790860265625 0.385801984375 0.8229521312499999 0.40708885625 0.8433757453125 0.3820789484375 0.8189468359375001 0.3617313953125
2 0.6301370578125 0.1937819015625 0.6121446515625 0.218492115625 0.6307635546875 0.23842539375 0.6507510265625001 0.22083954687500001 0.6301370578125 0.1937819015625
2 0.35833801875 0.2728724609375 0.3819500796875 0.29012867343750004 0.41342668437499996 0.2691678421875 0.38560910000000004 0.245712271875 0.35833801875 0.2728724609375
2 0.847119875 0.37595837187500003 0.8581945671875 0.3880875078125 0.8789503859375 0.34576875625 0.8626345687500001 0.337784909375 0.847119875 0.37595837187500003
2 0.8704305 0.39078473593749996 0.8817135687500001 0.396357584375 0.9013700609375 0.3580944625 0.890965946875 0.3502351265625 0.8704305 0.39078473593749996
2 0.718797446875 0.7436574499999999 0.73916145 0.7581220140625 0.768923653125 0.7282766515625 0.7419297109375 0.71120340625 0.718797446875 0.7436574499999999
2 0.6136170703125 0.8497865062500001 0.6263494515625 0.8776726140625 0.66403373125 0.8631569750000001 0.6504121406250001 0.8327688500000001 0.6136170703125 0.8497865062500001
2 0.759182646875 1 0.7412518421875001 0.9701462265625 0.726497771875 0.9788033109375001 0.736008340625 1 0.759182646875 1