2 0 0.5393508515625001 0.006343153125000001 0.5793999453125 0.0334049796875 0.5764143749999999 0.033736978125 0.5166349171875 0 0.5160139109374999 0 0.5393508515625001
2 0.30208681875 0.6254406875 0.23057568593750002 0.641086871875 0.2361103109375 0.6835327625 0.30779504062499996 0.668454384375 0.30208681875 0.6254406875
2 0.4461165578125 0.29109130156249996 0.39636448125 0.294180184375 0.39600364374999997 0.360497496875 0.44865841250000005 0.35620909843750004 0.4461165578125 0.29109130156249996
2 0.524452796875 0.518913040625 0.493321740625 0.5200390859375 0.4894658203125 0.5606928203125 0.525668121875 0.5614360828125 0.524452796875 0.518913040625
2 0.5781611125 0.432867665625 0.5449620953125 0.43338091875 0.54542486875 0.490121796875 0.5770877125 0.49225291093749995 0.5781611125 0.432867665625
2 0.5517738 0.7300067578125 0.51742249375 0.732736575 0.5213228359375 0.7703981046874999 0.551205815625 0.76872231875 0.5517738 0.7300067578125
2 0.6562828765625001 0.284652328125 0.6238752703125 0.28989719687500004 0.6254857609375 0.3239061109375 0.6590260734375 0.3260857390625 0.6562828765625001 0.284652328125
2 0.808302384375 0.353802665625 0.771962346875 0.358695965625 0.7695449156249999 0.41165428125 0.8041747359375 0.415366715625 0.808302384375 0.353802665625
2 0.7407546109375 0.37631999843749997 0.6812160421875 0.3740076015625 0.682298140625 0.4184356453125 0.7379154046874999 0.415729940625 0.7407546109375 0.37631999843749997
2 0.5362759359375 0.21876630625 0.5171285250000001 0.22368893750000002 0.5360996328125001 0.2567428734375 0.54622875 0.24929503125000002 0.5362759359375 0.21876630625
2 0.530627496875 0.311878496875 0.518997346875 0.3089067875 0.5111733296875001 0.3862079375 0.5264430421874999 0.3834054234375 0.530627496875 0.311878496875
2 0.709128653125 0.0415888109375 0.6505111171875 0.039306896875000004 0.650626078125 0.0855844578125 0.7085959515625 0.0865121828125 0.709128653125 0.0415888109375
2 0.6886188671875 0.197679134375 0.6911913562499999 0.1614584 0.638848953125 0.1606760921875 0.633833140625 0.1970229453125 0.6886188671875 0.197679134375
2 0.9091138859375001 0.4603674203125 0.8946268328125001 0.463554796875 0.8965692875 0.5207746125 0.9091761 0.519405475 0.9091138859375001 0.4603674203125
2 0.9337518656249999 0.4658896421875 0.91804770625 0.461055815625 0.913933184375 0.5167093296874999 0.9313359296874999 0.5188475 0.9337518656249999 0.4658896421875
2 0.9594244078124999 0.7446256546875001 0.9235602578125001 0.7437806453125 0.9262293109374999 0.8206709671875 0.957939753125 0.8209216218750001 0.9594244078124999 0.7446256546875001
2 1 0.7680295296875 0.9650777109374999 0.760925646875 0.9626139578125 0.8138981218750001 0.997628784375 0.824951575 1 0.8078518265625 1 0.7680295296875
2 0.964261028125 0.8233417062499999 0.9434298312499999 0.817899028125 0.9413135125000001 0.8639274406249999 0.9662986828125 0.8705852734375 0.964261028125 0.8233417062499999
2 0.9954865421875001 0.8280933109375 0.969594078125 0.818291490625 0.9683850296875001 0.8774094046875 0.9844422484375001 0.8731211 0.9954865421875001 0.8280933109375
2 0.7266080125000001 0.9102977265625001 0.6697664718749999 0.914621121875 0.6756545328125 0.9526062625 0.7324990375 0.9457968109375001 0.7266080125000001 0.9102977265625001
2 0.8512255 0.0559607609375 0.8389461062500001 0.056295209375 0.83818499375 0.0904083171875 0.85271434375 0.08720964375 0.8512255 0.0559607609375