2 0.7734375 0.4484375 0.06484375 0.04140625
2 0.0791609828125 0.5234618296875 0.024961059375 0.526310378125 0.026631845312500003 0.6572600953125 0.07500971875 0.6569493828125 0.0791609828125 0.5234618296875
2 0.08957459062499999 0.3518967109375 0.0889622390625 0.2821659734375 0.029012875 0.286137034375 0.027234578125 0.3472073484375 0.08957459062499999 0.3518967109375
2 0.24719142187499998 0.08563239375000001 0.16081195937499998 0.07826091562500001 0.1597204296875 0.2076420390625 0.2420693546875 0.21053550156249998 0.24719142187499998 0.08563239375000001
2 0.5147056359375 0.49081329374999993 0.433850971875 0.48657587968750005 0.42908132656250003 0.5233094109375 0.5155351203125 0.5292625234375 0.5147056359375 0.49081329374999993
2 0.43681070312500003 0.7015144078125 0.33034799531250003 0.697357196875 0.331920896875 0.72162120625 0.435769953125 0.7213730921875 0.43681070312500003 0.7015144078125
2 0.33475176093750003 0.6947434640625 0.43845206875000003 0.6973336437500001 0.437702784375 0.68449245625 0.33877790937499996 0.6721967156249999 0.33475176093750003 0.6947434640625
2 0.5022062968750001 1 0.5023452625 0.9709384578125 0.4655373984375 0.9675871796875001 0.4626322 0.9958832859375001 0.49575320468750006 1 0.5022062968750001 1
2 0.8873318875 1 0.8857132 0.9839186140624999 0.840395140625 0.9801213328125 0.8415559531250001 1 0.8873318875 1
2 0.8544984437500001 0.276770525 0.8126118640625 0.26177342187499997 0.7931366640624999 0.3076920984375 0.8304708125 0.3281396640625 0.8544984437500001 0.276770525
2 0.7499686515625 0.23573111406249997 0.7217468765625 0.23140755 0.7142892468750001 0.265154121875 0.7351945484375 0.27336259531249996 0.7499686515625 0.23573111406249997
2 0.2351429859375 0.6832865171875 0.2369632546875 0.61341415 0.15845566875 0.60696529375 0.1507636078125 0.6776377 0.2351429859375 0.6832865171875
2 0.2000869421875 0.6028900828125 0.19856901093749998 0.5850111375 0.161370415625 0.580606715625 0.1615464515625 0.6006840703125 0.2000869421875 0.6028900828125
2 0.8601911546875 0.733843296875 0.8720228437499999 0.6368765062499999 0.8095540359375001 0.63464470625 0.8023486578125001 0.72528870625 0.8601911546875 0.733843296875
2 0.38926216875 0.3065408625 0.3962892359375 0.1841596625 0.2731367265625 0.1807737796875 0.2664047765625 0.30337541562500003 0.38926216875 0.3065408625
2 0.6944207812500001 0.22065173593749998 0.6996983484375 0.20190224687499997 0.66452879375 0.1939209890625 0.6606226421875 0.20990877968750002 0.6944207812500001 0.22065173593749998