2 0.16991919687499998 0.40823243593749997 0.12235650468749999 0.42514332499999996 0.1401203765625 0.4850126828125 0.19350634375 0.47059219687500004 0.16991919687499998 0.40823243593749997
2 0.11637329375000001 0.1705730234375 0.08931231875 0.1918935296875 0.1192364859375 0.235352425 0.1483028296875 0.2156601453125 0.11637329375000001 0.1705730234375
2 0.1254762625 0.746175778125 0.092640809375 0.7480461 0.091754934375 0.7941121437499999 0.1248727234375 0.797320765625 0.1254762625 0.746175778125
2 0.44609860625 0.6424119375 0.4135654234375 0.6484713609375 0.43318412031250003 0.71888641875 0.4697379578125 0.7125145140625 0.44609860625 0.6424119375
2 0.5777283343749999 0.69030594375 0.5786821625 0.73620303125 0.6131272953125 0.7368260703125 0.6106052046875 0.6878433187499999 0.5777283343749999 0.69030594375
2 0.7363601046875 0.675208196875 0.69833519375 0.6832643984375 0.7058952296875 0.720993040625 0.74178661875 0.7166580125 0.7363601046875 0.675208196875
2 0.9160337937499999 0.8353849046875 0.880529865625 0.8329022296874999 0.8774724140625001 0.8686964578125 0.9143896390625 0.8674091625000001 0.9160337937499999 0.8353849046875
2 0.7081039687499999 0.6285923437500001 0.673424340625 0.6398569046875 0.6899946265625 0.6805979703125 0.72334189375 0.6742978749999999 0.7081039687499999 0.6285923437500001
2 0.6531522703125 0.7681944828125 0.61214571875 0.759375028125 0.6129699640624999 0.8002038546874999 0.6500334750000001 0.8042835875 0.6531522703125 0.7681944828125
2 0.6882971578125 1 0.682538009375 0.9857132546875 0.6417743484375 0.9989331796875 0.64235008125 1 0.6882971578125 1
2 0.10639597812499998 0.2282049296875 0.073627190625 0.1866303203125 0.061087923437500004 0.1958718875 0.0903431859375 0.24047440781249999 0.10639597812499998 0.2282049296875