2 0.39979971875000003 0.29887055937499996 0.4397967625 0.298060415625 0.43938925624999997 0.24454019374999997 0.4018395640625 0.24547932343749998 0.39979971875000003 0.29887055937499996
2 0.0833496078125 0.198396775 0.1218478765625 0.190298734375 0.1158868 0.1549487578125 0.0804539875 0.16212136562499999 0.0833496078125 0.198396775
2 0.1478615375 0.0219221359375 0.12142257187500001 0.0281191609375 0.108226478125 0.07437594843749999 0.15432683593750002 0.0698438578125 0.1478615375 0.0219221359375
2 0.0559307484375 0.3632409984375 0.1076651359375 0.358568765625 0.10995918125 0.2779349125 0.053217145312500005 0.28573275 0.0559307484375 0.3632409984375
2 0.0148418421875 0.4326349515625 0.013683409375 0.5136159921875 0.0705290875 0.5105080734375 0.0728701515625 0.4317512359375 0.0148418421875 0.4326349515625
2 0.0711933453125 0.6789711281249999 0.1279914234375 0.6739827484375 0.133251078125 0.5917720578125001 0.0755239765625 0.5896450984375 0.0711933453125 0.6789711281249999
2 0.760668675 0.14842825625 0.7053068359375 0.15074970625 0.704720378125 0.1872023 0.756950584375 0.1833025328125 0.760668675 0.14842825625
2 0.8686003390625 0.1447943890625 0.87313039375 0.11575627031249999 0.8303753703125001 0.1113770609375 0.8310181078125 0.151932365625 0.8686003390625 0.1447943890625
2 0.8223623859375 0.285877896875 0.8048480046875 0.284250125 0.8139947109375001 0.3416839484375 0.8338428468749999 0.3399911375 0.8223623859375 0.285877896875
2 0.9030963953125 0.42604597968749996 0.9438333468750001 0.4248411671875 0.9439475312500001 0.3919694640625 0.9041278671875 0.390350321875 0.9030963953125 0.42604597968749996
2 0.5457059390625 0.6849655515624999 0.6115769656250001 0.67468125 0.6148660234375 0.5887620546875 0.5469033859375 0.5931310437499999 0.5457059390625 0.6849655515624999
2 0.546769034375 0.80946646875 0.6057127984374999 0.8076192421874999 0.6047085234375 0.7377737015625 0.5469741546875 0.7421637546875 0.546769034375 0.80946646875
2 0.701159459375 0.8752947421874999 0.7042944921875 0.91785214375 0.7603992265625 0.9151369375 0.7584778703125 0.8686044390625 0.701159459375 0.8752947421874999
2 0.5778671875 0.9779209078125 0.6171688109375 0.979380034375 0.62192319375 0.9069505703124999 0.5804021734375 0.9069843515624999 0.5778671875 0.9779209078125
2 0.197789996875 0.9291471625 0.2578954671875 0.931628734375 0.2551781859375 0.8801963 0.1989388640625 0.8806956453125 0.197789996875 0.9291471625
2 0.228595359375 0.7450976265625 0.3121683859375 0.7439506484375 0.3100879140625 0.7060618140625 0.2294628640625 0.70842051875 0.228595359375 0.7450976265625
2 0.24045555625 0.805846196875 0.29944679375 0.805874490625 0.3022574578125 0.76823926875 0.238538809375 0.76707446875 0.24045555625 0.805846196875
2 0.18963662187500002 0.8095549203125 0.229016890625 0.8066952031250001 0.22385917187499998 0.780902396875 0.18350282499999998 0.7856400421874999 0.18963662187500002 0.8095549203125
2 0.156731621875 0.748582734375 0.10376758281250001 0.74915375 0.104220159375 0.8045520234374999 0.1579954515625 0.8020543218749999 0.156731621875 0.748582734375
2 0.0942740140625 0.8797419953125001 0.0910125953125 0.8965020328125 0.17100300625 0.92095755625 0.16683363125 0.8739861203125001 0.0942740140625 0.8797419953125001
2 0.42343775624999996 0.63392506875 0.44050895624999997 0.6329354625 0.441632765625 0.5805042890625 0.4226648625 0.582155771875 0.42343775624999996 0.63392506875
2 0.83739106875 0.54752 0.8707110171875 0.5502563765625 0.8693505921875 0.5315228750000001 0.8319491515624999 0.5328161359375 0.83739106875 0.54752