2 0.2368435640625 0.015775684374999998 0.21738375312499997 0.06263759375 0.26232845781249997 0.0856013796875 0.28383497343749997 0.0396755328125 0.2368435640625 0.015775684374999998
2 0.233796675 0.10302718749999999 0.22388016562500002 0.1318017609375 0.27512415 0.16152231718750001 0.2913061421875 0.12345918593750001 0.233796675 0.10302718749999999
2 0.275989965625 0.23880742656249998 0.2685092296875 0.2658831578125 0.301917821875 0.278935178125 0.311337025 0.24738843593749998 0.275989965625 0.23880742656249998
2 0.3323676765625 0.4107406546875 0.3227752296875 0.44724843437499995 0.376194759375 0.46575370937500005 0.384559040625 0.4303897015625 0.3323676765625 0.4107406546875
2 0.9435413531249999 0.10938985781249999 0.8823617546875001 0.1090357546875 0.8854886109375 0.16406121406250002 0.9494122515625 0.16248490625 0.9435413531249999 0.10938985781249999
2 0.7523932546875 0.2750557421875 0.7528054140625 0.314292465625 0.806886690625 0.313803015625 0.8083367593749999 0.2807850703125 0.7523932546875 0.2750557421875
2 0.735543803125 0.57041638125 0.7426206375 0.6229594296875 0.8132208265624999 0.60878501875 0.8130062171875 0.5554294 0.735543803125 0.57041638125
2 0.5919316328125 0.49765381406250003 0.5943804265625 0.5125952515625001 0.663910465625 0.512052734375 0.6662258265625 0.49683364374999994 0.5919316328125 0.49765381406250003
2 0.7754103031249999 0.7388009015625 0.7446915171875 0.7508017671875 0.7548881 0.7820594765625 0.7896377828125 0.7737656078125 0.7754103031249999 0.7388009015625
2 0.706325609375 0.6585378625 0.6697351031250001 0.668551346875 0.6740868296875 0.679994565625 0.7106581750000001 0.6705745234375 0.706325609375 0.6585378625
2 0.633285203125 0.5894279390625 0.639992884375 0.601547540625 0.669993953125 0.593086284375 0.664132003125 0.5823126421875 0.633285203125 0.5894279390625
2 0.5911954125000001 0.0424133 0.5867529140625 0.13555875 0.6935229265625 0.140475465625 0.6909787656249999 0.0431992921875 0.5911954125000001 0.0424133
2 0.2189096765625 0.6314138921875 0.2094207828125 0.66495629375 0.2647432453125 0.6799633484375 0.273379790625 0.645309275 0.2189096765625 0.6314138921875
2 0.3138180625 0.6186824546875 0.255673709375 0.5994180734375 0.24796498125 0.6330226390625 0.3092213265625 0.648236909375 0.3138180625 0.6186824546875
2 0.064303203125 0.618289896875 0.0566151953125 0.651301075 0.10649355468749999 0.6690885765625 0.12037729374999999 0.63729280625 0.064303203125 0.618289896875
2 0.210022375 0.78383408125 0.2078821875 0.8110947453125 0.2571878796875 0.8282681390625 0.268033625 0.7984034578125 0.210022375 0.78383408125
2 0 0.8537051046874999 0.0477800859375 0.8702792546874999 0.0540181796875 0.8533131875000001 0 0.8385043624999999 0 0.8537051046874999
2 0 0.8041137546874999 0.034175978125 0.8175082687499999 0.0407501578125 0.7993797859375 0 0.7847316640625001 0 0.8041137546874999
2 0 0.947821328125 0.0310023234375 0.9594292765624999 0.038096942187499996 0.926397378125 0 0.9136249953125001 0 0.947821328125
2 0.068763203125 0.983998015625 0.1506507890625 0.9868575937499999 0.14920047187500002 0.98585636875 0.07292556875 0.9668375140625001 0.068763203125 0.983998015625
2 0.004877990625 0.3975205640625 0.002656525 0.45092713125 0.00959429375 0.4666210046875 0.032800982812500004 0.41454136718749995 0.004877990625 0.3975205640625
2 0.378528903125 0.0926313125 0.3779693109375 0.10865591875 0.4091908453125 0.1162845578125 0.41274998749999997 0.0994297515625 0.378528903125 0.0926313125
2 0.40521759062499996 0.12802960937500002 0.368122721875 0.1184150984375 0.3658243546875 0.133192325 0.40412672031249997 0.1422548921875 0.40521759062499996 0.12802960937500002