1 1 0.7707910109375 0.9796819484375 0.776885825 0.98891410625 0.8034344875 0.9666884093749999 0.8105629328124999 0.9826981375000001 0.8632581781249999 1 0.8578586749999999 1 0.7707910109375
1 0.9597606109375001 0.9759445187500001 0.94882509375 0.9426136703125 0.9098104093750001 0.9586334593749999 0.9199810734374999 0.9840752578125 0.9597606109375001 0.9759445187500001
1 0.9407493296875 0.5994255125 0.9250137625000001 0.5545363937500001 0.8893290078125 0.5679977859374999 0.90112656875 0.6120457015625 0.9130109234375 0.6585342640625 0.9299021546875 0.6525708234375001 0.9170944890625 0.607579459375 0.9407493296875 0.5994255125
1 0.899699040625 0.501188928125 0.88298594375 0.4563339453125 0.8545024140624999 0.4661230328125 0.8707267468750001 0.5109950828125001 0.899699040625 0.501188928125
1 0.6454541828125 0 0.6617270937499999 0.038509053125 0.7319162 0.0057661046875 0.72898994375 0 0.6454541828125 0
1 0.5231233984375 0.08487762343750001 0.49255394375000006 0.020964923437499998 0.46370090781249995 0.034186184375 0.49378315937500006 0.098115896875 0.5231233984375 0.08487762343750001
1 0.46585271562499997 0.067823765625 0.4552239328125 0.0432766265625 0.4239488265625 0.057071828125 0.4365124765625 0.08106203906250001 0.46585271562499997 0.067823765625
1 0.4404001078125 0.1224562671875 0.410387525 0.060476871875000004 0.3825105109375 0.0736656125 0.41206991718749997 0.1366364265625 0.4404001078125 0.1224562671875
1 0.1224701296875 0.056363164062500005 0.114729778125 0.01656999375 0.052574584375 0.027534921875 0.05733049375 0.05179778593749999 0.0878852171875 0.0453556421875 0.0923684734375 0.0618107640625 0.1224701296875 0.056363164062500005
1 0.24216559062499998 0.29402906875 0.2187586609375 0.253318034375 0.1775247796875 0.2757660625 0.1999898765625 0.31748870937499996 0.24216559062499998 0.29402906875
1 0.2014956421875 0.22069750781250003 0.15984272187499998 0.2451144859375 0.1733141765625 0.26711868125 0.179958528125 0.26151306875 0.18469041718749998 0.2711194046875 0.21870751249999998 0.2518533015625 0.2014956421875 0.22069750781250003
1 0.248902125 0.3050319203125 0.210527984375 0.32542576875 0.23550194375000003 0.36901511875000004 0.2729682265625 0.350605725 0.248902125 0.3050319203125
1 0.3329197828125 0.45844319999999994 0.3057212359375 0.407114271875 0.2697707796875 0.4269356875 0.296935246875 0.47728864687500006 0.3329197828125 0.45844319999999994
1 0.087120509375 0.6783288562500001 0.067942675 0.6346168375000001 0.0311243046875 0.6490152390625 0.03661920625 0.661936028125 0.028700745312499998 0.6662462546875 0.03358575 0.6761630609375 0.019100596875 0.6801991703125 0.04918033125 0.7472355515625 0.0933791171875 0.7275357234375 0.0901096453125 0.72058778125 0.0835973015625 0.7218251875 0.06626370000000001 0.687631165625 0.087120509375 0.6783288562500001
1 0.0816889953125 0.6094233140624999 0.0717607375 0.5850580875 0.0121575578125 0.6113479734375 0.021078615624999998 0.635748371875 0.0816889953125 0.6094233140624999
1 0.03826755625 0.57916714375 0.018497382812499998 0.5329539609375 0.0026576984375 0.5400626515625 0.0049444890625 0.605547734375 0.007172734375000001 0.61303390625 0.033483575 0.601020853125 0.024826334375000002 0.5841752234375 0.03826755625 0.57916714375
1 0 0.45439617187500003 0.02180651875 0.51216018125 0.050131703125 0.5000752234375 0.0248841875 0.4414440703125 0 0.45324722343749996 0 0.45439617187500003