2 1 0.2705619890625 0.9560113265625001 0.2485810515625 0.92996829375 0.2918144 0.97428205 0.3164721515625 1 0.27359898125000004 1 0.2705619890625
2 0.9145752109374999 0.26213655625 0.886562471875 0.25023699062500004 0.853339715625 0.299282946875 0.8901813265625 0.31808066875 0.9145752109374999 0.26213655625
2 0.776182471875 0.294755515625 0.749694525 0.2854042953125 0.7343438328125 0.31782104375000003 0.7651566796875 0.329417890625 0.776182471875 0.294755515625
2 0.6007353546875 0.3390024375 0.5649856390625 0.326886703125 0.542799084375 0.3788852421875 0.5774934859374999 0.38969601875 0.6007353546875 0.3390024375
2 0.858718753125 0.9697084953124999 0.8633396671875 0.9087026281249999 0.8082301296875001 0.9079834859375 0.805343509375 0.97186136875 0.858718753125 0.9697084953124999
2 0.706790240625 0.7674697562499999 0.66762034375 0.7651438953125 0.6643360859375 0.8191275750000001 0.697172446875 0.8228773265625 0.706790240625 0.7674697562499999
2 0.4133244453125 0.73005803125 0.36041573437499996 0.7334524109375 0.3696307953125 0.8048693765625 0.4228714125 0.808377190625 0.4133244453125 0.73005803125
2 0.4959276453125 0.5918713546875 0.48085178281249996 0.5932719203125 0.47654280781249997 0.66267043125 0.491563315625 0.6660417828125 0.4959276453125 0.5918713546875
2 0.242569153125 0.7580815078125 0.23274035624999997 0.7266004125000001 0.2008475109375 0.7345917296875 0.20669716093749999 0.769835315625 0.242569153125 0.7580815078125
2 0.32745578124999997 0.69476396875 0.3200191140625 0.657564090625 0.30830020937499997 0.6611069765625001 0.315146215625 0.6982463453125 0.32745578124999997 0.69476396875
2 0.40149239843749995 0.62672235 0.3889344140625 0.6325682703125 0.39528229062500003 0.6630864875 0.406438596875 0.6579903453125 0.40149239843749995 0.62672235
2 0.950110571875 0.6228928984375 0.8575019109375001 0.6119637234375 0.845149275 0.718130678125 0.9423659593749999 0.7223783578125 0.950110571875 0.6228928984375
2 0.38851409531250003 0.21042742812499998 0.3557153140625 0.19862185000000002 0.3368857140625 0.252762709375 0.3708529171875 0.2637955640625 0.38851409531250003 0.21042742812499998
2 0.39459404375 0.3059927234375 0.4178674453125 0.249333821875 0.3848824734375 0.23929973593749998 0.365432234375 0.2993455703125 0.39459404375 0.3059927234375
2 0.412390921875 0.057113051562499996 0.379996446875 0.0471410296875 0.3587729359375 0.0956570953125 0.3895227734375 0.11172497343750001 0.412390921875 0.057113051562499996
2 0.237085140625 0.19092948125 0.210040175 0.1868928984375 0.1894692234375 0.2348805296875 0.2185045953125 0.2477831109375 0.237085140625 0.19092948125
2 0.1720153015625 0 0.16216799375 0.023052295312500002 0.17865758437499998 0.030458687499999998 0.18934239375 0 0.1720153015625 0
2 0.22200984375 0 0.21575940781249997 0.013162445312500002 0.2333851375 0.020985190625 0.24262827343749999 0 0.22200984375 0
2 0.0472625359375 0.036051678125 0.0386977359375 0.11754031718749999 0.039797690625 0.116163375 0.064090884375 0.0414009625 0.0472625359375 0.036051678125
2 0.6367677671875 0.013232687500000001 0.58364625625 0.007291179687500001 0.567506659375 0.0131172984375 0.6178406140625 0.03990035 0.6367677671875 0.013232687500000001
2 0.9148497531249999 0.407241403125 0.8989032171875 0.4055653546875 0.889115259375 0.4361786875 0.9056807328125001 0.44090489218749995 0.9148497531249999 0.407241403125
2 0.877675975 0.43139581875 0.8898546734374999 0.3950619859375 0.87527376875 0.391738409375 0.863561440625 0.42931530156250003 0.877675975 0.43139581875