2 0.8341617984375 0.07012210468749999 0.8219777531249999 0.10391307812499999 0.8582571578125 0.1131764609375 0.8662634625000001 0.0765715640625 0.8341617984375 0.07012210468749999
2 0.7706907640625 0.300603478125 0.7361901421875 0.30670644999999996 0.7443731234375 0.3425807359375 0.777238515625 0.33740048749999996 0.7706907640625 0.300603478125
2 0.43122198437500003 0.41191127656250004 0.4638777625 0.4025409125 0.44842899999999997 0.354181425 0.41183844062499997 0.3588760484375 0.43122198437500003 0.41191127656250004
2 0 0.2914153390625 0.00755245 0.3172097375 0.0478820796875 0.30997690625 0.0386176859375 0.25920398125 0 0.26671049999999996 0 0.2914153390625
2 0.20287045781250002 0.413394425 0.15433072812499998 0.4312897171875 0.1707019140625 0.4812829015625 0.22527966562500001 0.46644479531250005 0.20287045781250002 0.413394425
2 0.4725780109375 0.5748815859375 0.45651798125000004 0.5109303953125 0.41921614687500003 0.5181811374999999 0.43494466875000004 0.58353860625 0.4725780109375 0.5748815859375
2 0.6397816125 0.6384613984375 0.6359893734375001 0.587834521875 0.5849765609375 0.5898951484375 0.5846549640625 0.6473639375 0.6397816125 0.6384613984375
2 0.5838043484375001 0.54963538125 0.6446763734375 0.55472330625 0.6414960015625 0.5196911984375 0.5809573796875 0.5225337999999999 0.5838043484375001 0.54963538125
2 0.7005199453125 0.8544687671875 0.695002390625 0.84164215625 0.6402505046875 0.8462409890625 0.6470300625000001 0.8624482875 0.7005199453125 0.8544687671875
2 0.6992184765625 0.8788908 0.7001294453125 0.8617950703125 0.6662113656249999 0.8677832140625 0.6676392171875001 0.8844641187500001 0.6992184765625 0.8788908
2 0.5260695578125001 0.8998597453125001 0.5324076953125 0.9324666374999999 0.5561147453124999 0.9315146921874999 0.5532025593750001 0.8994181593749999 0.5260695578125001 0.8998597453125001
2 0.4712078421875 0.9443626843749999 0.47334134531250005 0.9584503609375 0.516439475 0.9561167875000001 0.51445108125 0.9365603218749999 0.4712078421875 0.9443626843749999
2 0.48554889687499997 0.9621213093750001 0.48768210156249997 0.9762074515625001 0.5180846265625 0.9739237921875 0.5140477484375 0.9578152953125001 0.48554889687499997 0.9621213093750001
2 0.39297063125 0.921500696875 0.3836164484375 0.9076068515625 0.3677161203125 0.919159278125 0.373258103125 0.9289998031250001 0.39297063125 0.921500696875
2 0.42262323593750006 0.8873369015625 0.4098667921875 0.8777303859375 0.3584295328125 0.8931661765625 0.366902959375 0.91030010625 0.42262323593750006 0.8873369015625