2 0.0773034484375 0.202494103125 0.055937393749999995 0.3119627015625 0.14581294843749998 0.33615332656249997 0.1723990828125 0.23066122031249997 0.0773034484375 0.202494103125
2 0.869394753125 0.74577834375 0.8155647390625 0.7339935546875 0.788694478125 0.8484072609375 0.8455935328124999 0.8630569984375001 0.869394753125 0.74577834375
2 1 0.743997203125 0.9573906187500001 0.73319966875 0.9442020875000001 0.7880214640625 1 0.8017755187500001 1 0.743997203125
2 0.9620115390624999 0.559557621875 0.9758415859375 0.496691353125 0.9374862203125 0.48614851249999996 0.9266199343749999 0.5489097234375 0.9620115390624999 0.559557621875
2 0.9362327453124999 0.6617539203125 0.8854128781249999 0.6436258406250001 0.8741528828125 0.695112671875 0.9291903921875001 0.7074494062500001 0.9362327453124999 0.6617539203125
2 0.7773835890624999 0.8027601359375 0.7318988109375 0.7856339734375 0.712077290625 0.8469240093750001 0.76725990625 0.8634160218750001 0.7773835890624999 0.8027601359375
2 0.738135475 0 0.7182391890625001 0.0776262640625 0.79351681875 0.1026237140625 0.814059534375 0 0.738135475 0
2 0.6472304109375 0 0.6276746734375 0.05850965 0.6630175703125001 0.0709415859375 0.683017871875 0 0.6472304109375 0
2 0.6381504328125 0.23103195781250002 0.6048714875 0.22447063125 0.587180890625 0.29578771718749997 0.6250257546875 0.30872483281249996 0.6381504328125 0.23103195781250002
2 0.7192457984375 0.259390921875 0.70454270625 0.257230859375 0.68484556875 0.32208278749999997 0.7013089296875 0.3345799 0.7192457984375 0.259390921875
2 0.6890129015625 0.6623665171875001 0.6746214234375 0.6581161828125001 0.6650480484375 0.689938425 0.67954469375 0.6971556453125001 0.6890129015625 0.6623665171875001
2 0.683747821875 0.772164025 0.6714855546875 0.7722951796874999 0.6568002734375 0.8446971046874999 0.67051854375 0.8465929375 0.683747821875 0.772164025
2 0.6583095171875 0.6554181921875 0.647612390625 0.6495535671875 0.637592184375 0.6855486328125 0.6525372203125 0.6885929765625 0.6583095171875 0.6554181921875
2 0.63316978125 0.6491667484375 0.6208328562500001 0.6475181703125 0.6137749046875001 0.6834097921875 0.627513953125 0.6859005734375 0.63316978125 0.6491667484375
2 0.60871385625 0.6624971171875 0.598104721875 0.65959998125 0.592674403125 0.6740482984375 0.6059651109375 0.68071351875 0.60871385625 0.6624971171875
2 0 0.45481669843750006 0.0033666796875 0.45519714687499996 0.0109542375 0.41750313281249996 0 0.40809487187500004 0 0.45481669843750006
2 0.052070971875000004 0.6091552421875 0.0155718390625 0.6012210859375 0.0121740375 0.6224307109375 0.0487094125 0.6318504468749999 0.052070971875000004 0.6091552421875