2 0.3751209 0.0299571140625 0.46543766406250003 0.017492906250000002 0.46119624375 0.004631634375000001 0.37208415625 0.0060176125 0.3751209 0.0299571140625
2 0.465247846875 0.235097934375 0.47846146562499997 0.2660018671875 0.534108171875 0.2500019890625 0.5289637859375 0.21994096562499998 0.465247846875 0.235097934375
2 0.318554484375 0.5729367062499999 0.3377843203125 0.6448945359375 0.3746517640625 0.6336339843750001 0.3574411625 0.566140659375 0.318554484375 0.5729367062499999
2 0.047064906249999997 0.6680491609375 0.008258571874999999 0.6706759124999999 0.010154687499999999 0.7068559484375 0.054204062500000004 0.7021675953125001 0.047064906249999997 0.6680491609375
2 0.10900967187499999 0.7041535750000001 0.139433075 0.6947281078125 0.1314235078125 0.6440012140625 0.10002895781250001 0.6462411 0.10900967187499999 0.7041535750000001
2 0.20483353750000002 0.58127639375 0.24506832812499998 0.5775139484375 0.2443513 0.5411422531250001 0.20453126250000003 0.541443875 0.20483353750000002 0.58127639375
2 0.3056385828125 0.797302971875 0.3021632234375 0.759351596875 0.26175033124999997 0.7596858531249999 0.266859725 0.8004540046875 0.3056385828125 0.797302971875
2 0.21065515625 0.8057793859375 0.23106088125 0.8377771609375 0.2620780875 0.8340096203125 0.26030635156250004 0.8002028890625 0.21065515625 0.8057793859375
2 0.1121353078125 0.7978590375 0.1930893875 0.788263765625 0.19118855625 0.7746837 0.11491581718749999 0.7828445015625001 0.1121353078125 0.7978590375
2 0.0158907421875 0.810633909375 0.0849249703125 0.8061961046875 0.08607946093749999 0.7885177062500001 0.01472394375 0.7940425484375 0.0158907421875 0.810633909375
2 0.16347144062500002 0.9776885796875 0.2188594296875 0.9815616859375 0.2141486109375 0.963198228125 0.16347144062500002 0.9776885796875
2 0.5673179609375001 0.963127175 0.5511292250000001 0.926507053125 0.5113356296875 0.950003140625 0.5260898140625 0.981940359375 0.5673179609375001 0.963127175
2 0.6555545171875 0.8996253281250001 0.632004228125 0.8473330656250001 0.6031018046875001 0.8631204625000001 0.6215977781250001 0.9097303984374999 0.6555545171875 0.8996253281250001
2 0.5964980703125 0.80518355 0.5849596015625 0.766536021875 0.553687075 0.782449196875 0.568003696875 0.8173821734375 0.5964980703125 0.80518355
2 0.651332675 0.785062715625 0.66621435 0.819432534375 0.708378059375 0.7957512140625 0.690004109375 0.7628145703125 0.651332675 0.785062715625
2 0.643980128125 0.5766979 0.6528718890625 0.6158956359375 0.6970902031249999 0.6030560171875 0.6866133109375 0.5619745984375 0.643980128125 0.5766979
2 0.7787368859375 0.8562956421875001 0.8164695609375 0.8388547765625001 0.7862128828125 0.77204673125 0.7531303921875 0.7874586328125 0.7787368859375 0.8562956421875001
2 0.198386059375 0.8439503765625 0.1958938984375 0.8077421203125 0.165747371875 0.811105728125 0.165239025 0.8468156468749999 0.198386059375 0.8439503765625
2 0.382051675 0.17351925937499998 0.45501391093750004 0.170290034375 0.4554537515625 0.155992734375 0.38236565625 0.15685029374999998 0.382051675 0.17351925937499998
2 0.7095857328124999 0.09271671406250001 0.7196610156250001 0.11478997500000002 0.7366696390625 0.1103296390625 0.7294969703125 0.0869166890625 0.7095857328124999 0.09271671406250001
2 0.71177103125 0.089034796875 0.7284500671874999 0.0839580515625 0.72335471875 0.0604753515625 0.7015715328125001 0.06459135 0.71177103125 0.089034796875
2 0.9323250234374999 0.62165464375 0.850708703125 0.6639935109375 0.8596019500000001 0.6748272953125001 0.9457402390625 0.639387784375 0.9323250234374999 0.62165464375
2 0.17066189062499998 0.43973644843750004 0.17386661718750002 0.47822616250000005 0.214563178125 0.47192982812500006 0.2077681984375 0.43303370625 0.17066189062499998 0.43973644843750004
2 0.3630042 0.377320428125 0.36732745 0.40879041875000005 0.3994794234375 0.40395577656250004 0.3929315625 0.3698047890625 0.3630042 0.377320428125
2 0.84535813125 0.7320730875 0.8375168984375 0.71859311875 0.77173845 0.7454474984374999 0.7815339 0.7621812140625 0.84535813125 0.7320730875
2 0.7614960859375 0.7769110359375 0.7786651046874999 0.769838725 0.769364346875 0.7568717796875 0.7543209796875 0.7647965125 0.7614960859375 0.7769110359375
2 0.8205689812499999 0.31012030625000003 0.8280303359375001 0.322024246875 0.8433223 0.31884300468750004 0.8383635640625 0.3036395015625 0.8205689812499999 0.31012030625000003
2 0.8182060874999999 0.29339605 0.8383659203124999 0.2923395171875 0.8350943296875 0.2752639 0.8167133062499999 0.276227209375 0.8182060874999999 0.29339605
2 0.4800169515625 0.7381362515625 0.49536295625 0.792711021875 0.5345265859375 0.779884403125 0.5220245625 0.7228511703125 0.4800169515625 0.7381362515625