2 0.2422584 0.16319886249999999 0.3486140875 0.14031054062499998 0.32757481093749996 0.049645498437500005 0.21742723125 0.0671781390625 0.2422584 0.16319886249999999
2 0.8507747953125 0.8580535125000001 0.8381197281249999 0.8006778499999999 0.7228379609375 0.823538765625 0.7327369312500001 0.87774726875 0.8507747953125 0.8580535125000001
2 0.5339911093749999 0.9280669749999999 0.470888903125 0.9367363046875001 0.4800867359375 0.975436246875 0.5433973734374999 0.9638086250000001 0.5339911093749999 0.9280669749999999
2 0.6923445046875 0.9361688234375001 0.6819360671875 0.8807342921875 0.63008763125 0.890190565625 0.64643108125 0.9416121359374999 0.6923445046875 0.9361688234375001
2 0.8538674015625001 0.7797801359375 0.83931128125 0.7240555718749999 0.7773668203125 0.741726028125 0.7928951546875 0.7877807906250001 0.8538674015625001 0.7797801359375
2 0.0356765125 0.78881498125 0.0926221953125 0.779469784375 0.070267125 0.7033656125000001 0.025061440624999997 0.7132848234375 0.0356765125 0.78881498125
2 0.0175279890625 0.6596815328125001 0.065513725 0.647944340625 0.0543228125 0.6121891046875 0.0125886703125 0.6245364484375 0.0175279890625 0.6596815328125001
2 0.304478015625 0.6182741859374999 0.2928695484375 0.5800008765625 0.22097851406250002 0.595191765625 0.226374425 0.6286794265625 0.304478015625 0.6182741859374999
2 0.3276550875 0.6954132171875 0.3157401515625 0.67852374375 0.2502403125 0.695945584375 0.25188592656250003 0.7107151046875 0.3276550875 0.6954132171875
2 0.6907695234375 0.686315953125 0.6840626265624999 0.6715762609375 0.6519256640625 0.6800332250000001 0.655671153125 0.69456426875 0.6907695234375 0.686315953125
2 0.840430790625 0.6825105890625001 0.8390148734375 0.6687345109375 0.7661445437500001 0.6808840546875 0.765585525 0.693134275 0.840430790625 0.6825105890625001
2 0.6831546171875 0.6590260984375 0.680633703125 0.6439839203125 0.644310865625 0.6527418140625 0.6497985921875 0.6636370953124999 0.6831546171875 0.6590260984375
2 0.681337153125 0.633924109375 0.6793273765625 0.62010650625 0.6432113 0.6259075562499999 0.6444283203125 0.638294503125 0.681337153125 0.633924109375
2 0.6769053031250001 0.6122073718750001 0.6707079828125 0.598692146875 0.6560789515625001 0.6036149171875 0.65860406875 0.6143186984375 0.6769053031250001 0.6122073718750001
2 0.034231921875 0.1462119140625 0.02344195 0.147304090625 0.0194283375 0.2047014328125 0.04865164375 0.1996087921875 0.034231921875 0.1462119140625
2 0.029019159375 0.0888256875 0.025240728125 0.1343480078125 0.0488784578125 0.1282711515625 0.0336169453125 0.0784007046875 0.029019159375 0.0888256875
2 0.465036596875 0 0.4316736453125 0.00468885625 0.4346208390625 0.0083730515625 0.4725566921875 0.0021056203124999997 0.47239292656250004 0 0.465036596875 0
2 0.647519940625 0.053585840625000006 0.6393810109375 0.016743978125 0.618065725 0.0193995046875 0.6247212453125 0.0561533015625 0.647519940625 0.053585840625000006