2 0.9526952328125 0.8678268515625 0.9802797765625 0.8261378718750001 0.9258744453125001 0.7977000999999999 0.9083452375000001 0.8397278234375 0.9526952328125 0.8678268515625
2 0.9583853703124999 0.38087208281249996 0.91679935625 0.3568138578125 0.89776903125 0.38552335000000004 0.9401806890625 0.414264028125 0.9583853703124999 0.38087208281249996
2 0.773297790625 0.7932141046875001 0.749080465625 0.8300826406249999 0.794153409375 0.8580526078125 0.8136147906250001 0.8271537500000001 0.773297790625 0.7932141046875001
2 0.7042417453125001 0.8627383546875 0.6813618328125 0.8866941 0.7148724296875 0.9127791500000001 0.7334036328125 0.8823457625 0.7042417453125001 0.8627383546875
2 0.0774346921875 0.9732613484374999 0.0797036734375 0.9758805734375 0.082924428125 0.9360727765625001 0.069012503125 0.9279622125 0.0774346921875 0.9732613484374999
2 0.11845968124999999 0.8096772250000001 0.045742 0.7935231625 0.053682625 0.8410221546875001 0.10877131874999998 0.8539446109375 0.11845968124999999 0.8096772250000001
2 0.1308038359375 0.555168690625 0.1369454328125 0.51484745625 0.10055353281249998 0.5134169859375 0.095478021875 0.5529457437499999 0.1308038359375 0.555168690625
2 0.12995329375 0.44786590156250006 0.0956254359375 0.4478833875 0.0957356578125 0.4792549140625 0.1276284203125 0.479365346875 0.12995329375 0.44786590156250006
2 0.7488562296875 0.3266641453125 0.726525271875 0.3571614484375 0.77525996875 0.38418588124999997 0.7915355453124999 0.35143395625 0.7488562296875 0.3266641453125
2 0.952883003125 0.5068000625 0.9691645296875 0.4761604453125 0.9399858906249999 0.4644033328125 0.9279985890625 0.4852310125 0.952883003125 0.5068000625
2 0.5820753296875 0.1357324765625 0.550356921875 0.13347952968750001 0.5406753203125 0.1708027453125 0.579634171875 0.1741938171875 0.5820753296875 0.1357324765625
2 0.5781395609375 0.062176559374999996 0.5382745156250001 0.0547169765625 0.5333717906250001 0.1020641984375 0.5712145453125 0.105955109375 0.5781395609375 0.062176559374999996
2 0.2638120546875 0.0626679890625 0.241921171875 0.0580761015625 0.23378574218749998 0.0939192796875 0.261345628125 0.0953982125 0.2638120546875 0.0626679890625