2 0.326672140625 0.0455854796875 0.415191275 0.023748878125 0.40962872031249997 0.0114014109375 0.3211496734375 0.022094546875000003 0.326672140625 0.0455854796875
2 0.43774841562500005 0.24018168593749997 0.4541199921875 0.269535121875 0.507789415625 0.24780623125 0.49953097812499997 0.21844761875000002 0.43774841562500005 0.24018168593749997
2 0.3271724234375 0.5915033734375 0.3538185578125 0.6610569421875 0.389306990625 0.64600438125 0.3651356953125 0.5806797890625 0.3271724234375 0.5915033734375
2 0.067112053125 0.714473178125 0.028792873437499998 0.7211419078125 0.0344604453125 0.7569255484374999 0.07777844687499999 0.7476584640625 0.067112053125 0.714473178125
2 0.1324914171875 0.74390481875 0.16176292812499998 0.7313508734374999 0.1484948328125 0.6817390953125 0.1175064015625 0.6872483328125 0.1324914171875 0.74390481875
2 0.2149461859375 0.6116844484375 0.2545672859375 0.603736934375 0.25005230625 0.5676394375 0.2104819359375 0.572101734375 0.2149461859375 0.6116844484375
2 0.3377799375 0.8159906156250001 0.330356615625 0.778610415625 0.2902000515625 0.7831671375 0.2995428875 0.82317788125 0.3377799375 0.8159906156250001
2 0.2442028671875 0.8343490656249999 0.267841484375 0.864038575 0.29829496093749996 0.8570494906249999 0.292999165625 0.823613153125 0.2442028671875 0.8343490656249999
2 0.14539481875 0.8367702343750001 0.22490244375000001 0.8187655218750001 0.22159252343750002 0.8054585390625 0.14659065 0.8215473078125 0.14539481875 0.8367702343750001
2 0.051012829687500004 0.8595354203125 0.119205003125 0.847905884375 0.11850527343749999 0.8302036546875 0.0481181515625 0.8431569140624999 0.051012829687500004 0.8595354203125
2 0.61535915625 0.9535534718750001 0.595431259375 0.9188261453125 0.5583116687499999 0.9463530796875 0.5763233765625 0.9765731109375 0.61535915625 0.9535534718750001
2 0.6964745953125 0.8811762640625 0.6675872859374999 0.8316321390624999 0.6404934250000001 0.850354178125 0.6637601421875 0.8947754234374999 0.6964745953125 0.8811762640625
2 0.6278698109375 0.7934249265625 0.6123547859375 0.7561952140625 0.5829169515625 0.7752900828125 0.6008066359375 0.8085351968750001 0.6278698109375 0.7934249265625
2 0.6803008265625 0.767682540625 0.6986936015625 0.80030851875 0.7381509640624999 0.7723496187500001 0.71643485 0.74151400625 0.6803008265625 0.767682540625
2 0.651208503125 0.5612277203125 0.6641488343749999 0.5992812828125 0.706782809375 0.5818899296875 0.69206913125 0.5421286921874999 0.651208503125 0.5612277203125
2 0.814452971875 0.8252078796875001 0.8501558765624999 0.80391841875 0.8130816062499999 0.7406390375 0.7817913265625 0.759424571875 0.814452971875 0.8252078796875001
2 0.2359909359375 0.873593421875 0.22972763437500002 0.8378440203125 0.20009784531250002 0.844340371875 0.2033249859375 0.8799078046875 0.2359909359375 0.873593421875
2 0.34857127656250003 0.1876367109375 0.42079627343750003 0.17679854687500002 0.4197392296875 0.16253359375 0.3471411578125 0.171026240625 0.34857127656250003 0.1876367109375
2 0.665864903125 0.0730401796875 0.6781922765624999 0.09393936875 0.6946414953125 0.0877255796875 0.6850607984375 0.0651906390625 0.665864903125 0.0730401796875
2 0.6676533640625 0.0691500078125 0.68371036875 0.062357639062500005 0.676188321875 0.0395361859375 0.6549547046875001 0.0459066 0.6676533640625 0.0691500078125
2 0.9426730734375001 0.5757979343749999 0.8659294750000001 0.62643609375 0.8759064421874999 0.636280934375 0.9578684187500001 0.5920316624999999 0.9426730734375001 0.5757979343749999
2 0.1661667828125 0.47449178437499995 0.1733772234375 0.5124356640625 0.21319269687500003 0.5019198703125001 0.2023691921875 0.46394709531249995 0.1661667828125 0.47449178437499995
2 0.3509311703125 0.392312440625 0.358520246875 0.42315813281250003 0.38999073125 0.4149891796875 0.3799089890625 0.3817097109375 0.3509311703125 0.392312440625
2 0.867724465625 0.6947020125 0.8585171484374999 0.68211551875 0.7959060890625 0.715698509375 0.8073970265625 0.7313166515625 0.867724465625 0.6947020125
2 0.78900866875 0.7480603046875001 0.8053443765624999 0.7392320859375 0.794739153125 0.7273083687499999 0.78060655625 0.73676215 0.78900866875 0.7480603046875001
2 0.7989650375 0.277651903125 0.8076298187500001 0.288710709375 0.82250548125 0.28394845 0.8159847109375 0.2693465609375 0.7989650375 0.277651903125
2 0.7948669296875 0.26126625312499996 0.8148058875 0.25810823437499997 0.8097673296875 0.24146813281249999 0.7915876921875 0.24434750468750002 0.7948669296875 0.26126625312499996
2 0.5050184375 0.7389205125 0.525984990625 0.7915922234375 0.56359333125 0.7747421578125 0.5451982 0.719328175 0.5050184375 0.7389205125