2 0.64202791875 0.9364618625000001 0.6441912671875001 0.8982963375 0.5913629328125001 0.8977948484375 0.5912102421875 0.9313941968749999 0.64202791875 0.9364618625000001
2 0.9679063828125001 0.720202515625 0.9260170265625 0.7152630656250001 0.9231985953124999 0.7522737921875 0.96489569375 0.7587097296875001 0.9679063828125001 0.720202515625
2 0.73658375 0.6526523671875 0.7378099031249999 0.619294040625 0.702630853125 0.617570309375 0.70277701875 0.6544241046875 0.73658375 0.6526523671875
2 0.878480559375 0.557220278125 0.8533845484375 0.5549681140625 0.8468145687499999 0.622499821875 0.8721481375 0.6226569921875 0.878480559375 0.557220278125
2 0.720124721875 0.032191571875000005 0.6676500937500001 0.0408873 0.6707493046875 0.081155284375 0.724204684375 0.0759771125 0.720124721875 0.032191571875000005
2 0.61672696875 0.21538686718750003 0.6540618031250001 0.21283566562499998 0.655379765625 0.1452834875 0.6139343484374999 0.15072565625 0.61672696875 0.21538686718750003
2 0.7926986953124999 0.441019253125 0.7582999890625 0.43152528125 0.7474309359375 0.4722280296875 0.7838871890625 0.477154934375 0.7926986953124999 0.441019253125
2 0.5665109953125 0.4374145625 0.5740434046875 0.399562221875 0.5554090203125 0.395780725 0.553830225 0.436890003125 0.5665109953125 0.4374145625
2 0.584895740625 0.447747790625 0.5484048765625 0.44371298281250005 0.5429557968750001 0.5016729109375 0.5784820109375 0.5069458390625 0.584895740625 0.447747790625
2 0.6544888421875 0.5160429140625 0.6197473578125 0.5113234265625 0.618833590625 0.55061259375 0.6546794265625 0.557356746875 0.6544888421875 0.5160429140625
2 0.9763698906249999 0.7919238578125001 0.9821200421875 0.7261993234374999 0.970331346875 0.7263183578125 0.9763698906249999 0.7919238578125001
2 0.6567374109374999 0.7745623390625 0.644471596875 0.7674758203125001 0.6364084 0.8065451078124999 0.6518162109375 0.8090077250000001 0.6567374109374999 0.7745623390625
2 0.6367618640625 0.7678798687499999 0.616502565625 0.7671579203125 0.615309128125 0.8011106625 0.6284120265625 0.8048832031250001 0.6367618640625 0.7678798687499999
2 0.7162060968749999 0.7631218078125 0.69931953125 0.7586557140625 0.694908734375 0.79931728125 0.7085982578125 0.8033563625 0.7162060968749999 0.7631218078125
2 0.6828605249999999 0.796382878125 0.6864877703125 0.76349015 0.669132565625 0.761426875 0.6649744484375 0.7955349875 0.6828605249999999 0.796382878125