2 0.9482159421875 0.9296941406249999 0.9515259984375 0.9253703703125 0.95938914375 0.8613301859375 0.9431231046875 0.8471411234374999 0.897873953125 0.887881059375 0.9482159421875 0.9296941406249999
2 0.8981769999999999 0.7004140453125001 0.94900580625 0.7313480296875 0.9701252468750001 0.6951439125000001 0.91952603125 0.668156725 0.8981769999999999 0.7004140453125001
2 0.80119346875 0.8132214421875 0.8350188484375 0.8316692734375 0.8513212484375 0.7992644828125 0.8165851796875 0.78204781875 0.80119346875 0.8132214421875
2 0.9219581874999999 1 0.8561828874999999 0.9459154140624999 0.8099004187500001 0.9949120109375 0.8239905500000001 1 0.9219581874999999 1
2 0.94475791875 0.9804919625 0.9367222156249999 0.97578963125 0.9263404843749999 0.99220000625 0.9424965640625 0.9989092078124999 0.94475791875 0.9804919625
2 0.3823773359375 0.9412034609375001 0.40551837187500006 0.9593772828124999 0.4302916328125 0.9348934078125 0.40280530781249996 0.91068189375 0.3823773359375 0.9412034609375001
2 0.039981965625 0.8587168374999999 0.057026346875 0.8518460687499999 0.0432443609375 0.8249092484375 0.0283718125 0.8264296078125 0.039981965625 0.8587168374999999
2 0.0204818171875 0.8701938859375 0.03721734375 0.8640068953125001 0.024685642187500002 0.8334835375 0.007366 0.8391133749999999 0.0204818171875 0.8701938859375
2 0.119834078125 0.6216821609375 0.16687449062499998 0.546452609375 0.136906890625 0.5281299374999999 0.0935577328125 0.596193128125 0.119834078125 0.6216821609375
2 0.23824145625 0.5743945765625 0.2524546484375 0.5426065390625 0.22064548281250002 0.527813203125 0.20291019375000002 0.5571659609374999 0.23824145625 0.5743945765625
2 0.20428680312499997 0.580452909375 0.1897393828125 0.597278146875 0.2520477171875 0.6339617890625 0.26422111875 0.6169700921875 0.20428680312499997 0.580452909375
2 0.2505611890625 0.583040590625 0.23548379062499997 0.596296659375 0.2854375640625 0.6262402218750001 0.2922059328125 0.6127125343750001 0.2505611890625 0.583040590625
2 0.0011252234375 0.46025448124999996 0.014409142187499998 0.469633146875 0.038255489062499995 0.43029958281249997 0.0074402234375 0.4088229359375 0.0011252234375 0.46025448124999996
2 0.3374639015625 0.24826720156249998 0.358528665625 0.2151954203125 0.326270778125 0.192088296875 0.304850853125 0.2284965765625 0.3374639015625 0.24826720156249998
2 0.3438258328125 0.1389506453125 0.35461233124999997 0.099440690625 0.318041990625 0.08515652500000001 0.30786017656250003 0.12413476406249999 0.3438258328125 0.1389506453125
2 1 0.2524175140625 0.946359840625 0.2195238984375 0.922565278125 0.255890728125 0.9848513531249999 0.2937600984375 1 0.26105849062500003 1 0.2524175140625
2 0.3527297140625 0.615548940625 0.398265396875 0.643446334375 0.4048061203125 0.6259500078125 0.364841021875 0.6021145156250001 0.3527297140625 0.615548940625
2 0.8284775328125 0.7810677187499999 0.8904449624999999 0.8201817203124999 0.9281999624999999 0.7495861328125 0.8616547562499999 0.7175745703125 0.8284775328125 0.7810677187499999
2 0.333609403125 0.979497240625 0.3632409390625 0.9869630109375 0.4072633328125 0.9923682812499999 0.41279079999999996 0.9850143593749999 0.35631708125 0.9543662765625 0.333609403125 0.979497240625