2 0.12161015156249999 0.6364183296875 0.1563674078125 0.6407049703125 0.15782576875 0.5831234265624999 0.12291869375 0.5850868499999999 0.12161015156249999 0.6364183296875
2 0 0.2398726 0.071085946875 0.27421734999999997 0.085511078125 0.24045706406249998 0 0.2010407265625 0 0.2398726
2 1 0.706725471875 0.992724234375 0.6927860046875 0.9591645046874999 0.7082089984375 0.9779452015625001 0.7455192265624999 1 0.7312640125 1 0.706725471875
2 0.9994900015624999 0.6324407640625 0.98628638125 0.598044159375 0.9552054468750001 0.6099750140625 0.9668972 0.6404330734375 0.9994900015624999 0.6324407640625
2 0.3844360671875 0.1333357234375 0.4186871984375 0.144596665625 0.42280270781249996 0.1287739875 0.3885565828125 0.1158692625 0.3844360671875 0.1333357234375
2 0.3916031765625 0.10389795625 0.423401234375 0.117061225 0.4283874296875 0.10184994218750001 0.396574253125 0.0886472890625 0.3916031765625 0.10389795625
2 0.3149283296875 0.10156285625000001 0.262166328125 0.0868701859375 0.2554368125 0.10915075468749999 0.3107237859375 0.1171535953125 0.3149283296875 0.10156285625000001
2 0.7600943390625 0.017090909374999998 0.771031871875 0.052220140625 0.8030681187500001 0.044434778125000005 0.7972688828125001 0.011080471875000001 0.7600943390625 0.017090909374999998
2 0.8409537531250001 0.76189894375 0.884286140625 0.73377549375 0.8796094406250001 0.7215922703125 0.828535834375 0.749457121875 0.8409537531250001 0.76189894375
2 0.7855331046875 0.896217228125 0.79087675 0.9225814640625 0.8616406859374999 0.8954177328125 0.8564217265625 0.886796684375 0.7855331046875 0.896217228125
2 0.1455629890625 0.8381689671875 0.13938905625 0.8253989515625 0.09625592968749999 0.8399411171875 0.1019954171875 0.854892990625 0.1455629890625 0.8381689671875