2 1 0.26085696875000003 0.944928475 0.259895690625 0.9476493984375001 0.341893165625 1 0.33489773125 1 0.26085696875000003
2 0.32545613906250004 0.095870365625 0.2629947265625 0.10546922343750001 0.2633530296875 0.1529842765625 0.328017078125 0.1472822625 0.32545613906250004 0.095870365625
2 0.0337424578125 0 0.0327447765625 0.014267504687499998 0.08521089375 0.026354418750000004 0.08805705312499999 0 0.0337424578125 0
2 0.0851575859375 0.1653137140625 0.08595257656250001 0.221742434375 0.15541610625 0.218798040625 0.148112909375 0.158395759375 0.0851575859375 0.1653137140625
2 0.455348396875 0.0636948953125 0.428088875 0.062032960937500006 0.425316115625 0.15284215 0.45505389999999996 0.14860893749999998 0.455348396875 0.0636948953125
2 0.3419105671875 0.44474504374999996 0.3265309265625 0.442101228125 0.3237420078125 0.5679467218750001 0.342056715625 0.5661895265625 0.3419105671875 0.44474504374999996
2 0.368802325 0.5630933312499999 0.3695224765625 0.562213578125 0.36587187656250003 0.431503396875 0.3505232984375 0.42708016562499995 0.35161588906249996 0.5684332609375 0.368802325 0.5630933312499999
2 0.43711479531249997 0.42859162656249994 0.41281891249999997 0.42697985781250003 0.40427123906249995 0.5087806406250001 0.43824780937499996 0.509076784375 0.43711479531249997 0.42859162656249994
2 0.377192284375 0.4287317921875 0.381130025 0.50897055 0.3966029265625 0.5062714265625 0.393809465625 0.4284295703125 0.377192284375 0.4287317921875
2 0.4044430171875 0.566981565625 0.3963127796875 0.5228938953125 0.3838169765625 0.525051140625 0.3865571828125 0.572012365625 0.4044430171875 0.566981565625
2 0.68031043125 0.4310535375 0.6825739421875 0.505324665625 0.700772653125 0.5047515640625 0.6962821406249999 0.43370925 0.68031043125 0.4310535375
2 0.65265858125 0.485799596875 0.6674860093749999 0.4860584109375 0.665441525 0.4331709234375 0.65116630625 0.43529711249999997 0.65265858125 0.485799596875
2 0.5956390421875 0.4895550390625 0.6098417265625 0.491584471875 0.6090364 0.43574784843750003 0.59265295 0.429821953125 0.5956390421875 0.4895550390625
2 0.6359066640625 0.49382095625 0.637495109375 0.43684 0.6203049953125 0.43594454374999997 0.6194034421875 0.4875944890625 0.6359066640625 0.49382095625
2 0.19000058125 0.3447036109375 0.13893211562500002 0.34737524999999997 0.13714834375 0.415635765625 0.18807504218749999 0.41741545625 0.19000058125 0.3447036109375