2 0.42816718593749997 0.380834375 0.5051296875 0.37934687500000003 0.5029062484375 0.342190625 0.428759375 0.3457578125 0.42816718593749997 0.380834375
2 0.539684375 0.35586562499999996 0.57718125 0.35527031249999996 0.5752734375 0.2762015625 0.5390906249999999 0.2803640625 0.539684375 0.35586562499999996
2 0.5800203125000001 0.1477921875 0.5847640625 0.22210312656250003 0.60078125 0.2203203125 0.5936625015625 0.1460078125 0.5800203125000001 0.1477921875
2 0.0953953125 0.1959453125 0.12619375 0.18672968750000002 0.11081875000000001 0.131740625 0.0776 0.1418468734375 0.0953953125 0.1959453125
2 0.241315625 0.7702265625 0.28185937656250004 0.7672546875 0.27809375 0.68343125 0.2425031265625 0.689375 0.241315625 0.7702265625
2 0.018875 0.7886562500000001 0.018875 0.824921875 0.054465625 0.8219484375 0.053873437499999996 0.7815234375 0.018875 0.7886562500000001
2 0.480959375 0.7464484390624999 0.531815625 0.7396125 0.531971875 0.7072109375 0.480365625 0.7131562484375 0.480959375 0.7464484390624999
2 0.6583187500000001 0.8106531265625 0.707940625 0.8073828125 0.7034 0.7708234375 0.655353125 0.776171875 0.6583187500000001 0.8106531265625
2 0.72890625 1 0.7271265625 0.9390640625 0.6891625 0.9390640625 0.6939093734374999 1 0.72890625 1
2 0.45189375 0.9658171875000001 0.45829432812500004 0.9993481890625 0.4731711953125 0.999607865625 0.5367171875000001 0.9979187515625 0.5353734375 0.9616546874999999 0.45189375 0.9658171875000001
2 0.8594046859375 0.8053031265625 0.9000765609375 0.8020343750000001 0.8967750000000001 0.7577421875 0.8588124984375 0.7571484374999999 0.8594046859375 0.8053031265625
2 0.777546875 0.6638125015624999 0.7739874999999999 0.7054281265625 0.8433890625 0.7006718734375 0.8422031249999999 0.6638124999999999 0.777546875 0.6638125015624999
2 0.99134863125 1 0.9921493265624999 0.954128225 0.9267625 0.9563046875 0.92880625 1 0.99134863125 1
2 0.9252484375 0.53361875 0.9282125000000001 0.5758281265625 0.9608375 0.5704765625 0.9596515625 0.5336187515625 0.9252484375 0.53361875
2 0.2134375 0.3629984359375 0.21106406249999998 0.2952265625 0.198015625 0.2981984375 0.19682812656249998 0.3629984375 0.2134375 0.3629984359375