2 0.5622877515625 0.5653159765625 0.596421259375 0.556994665625 0.581327775 0.49870466249999995 0.5517709140625 0.502113259375 0.5622877515625 0.5653159765625
2 0.6825669953125 0.26762288437500004 0.7223539296875 0.2709863875 0.725272853125 0.21860260937499998 0.690964471875 0.20494788437499997 0.6825669953125 0.26762288437500004
2 0.911904290625 0.28456695 0.9652789265624999 0.29280296875 0.9711293234375 0.2563578421875 0.916850971875 0.2487474921875 0.911904290625 0.28456695
2 0.760416971875 0.8147580078125 0.8103420218749999 0.8020235171874999 0.8059145078125001 0.7772254281250001 0.7587596703124999 0.7865955671875 0.760416971875 0.8147580078125
2 0.58117866875 0.8816181265624999 0.650837225 0.8575005109375 0.6305827453124999 0.8213713109375 0.5657470984375 0.8343309984375 0.58117866875 0.8816181265624999
2 0.710622615625 0.9180915671875001 0.766501128125 0.9063373984374999 0.7592058125000001 0.8673792078125 0.7052266640625 0.8853052234375 0.710622615625 0.9180915671875001
2 1 0.8226822203124999 0.9668410312500001 0.8304243937500001 0.9684317578125 0.858292103125 1 0.8497275984374999 1 0.8226822203124999
2 0.025484014062499998 0.6262450859375 0.0042334515625 0.6299577328125 0.006802871875 0.7035363203125 0.0338982421875 0.6972446859375 0.025484014062499998 0.6262450859375
2 0.20932422968750003 0.7341917890625 0.2260697484375 0.7273688468749999 0.2165475484375 0.6926487671875 0.19757786093750002 0.693311203125 0.20932422968750003 0.7341917890625
2 0.23334650781250002 0.7083986484375 0.2454372328125 0.7041162671875 0.24191393125 0.68819828125 0.22889260312499998 0.6892471078125 0.23334650781250002 0.7083986484375
2 0.638051903125 0.4913768046875 0.645501946875 0.4667580546875 0.62730304375 0.45551133593750004 0.6198944421875 0.48131686250000005 0.638051903125 0.4913768046875