2 0.21666968125000002 0.1885574890625 0.22876401249999997 0.2268549265625 0.29942574375 0.2049444984375 0.28973255625 0.16936292656250002 0.21666968125000002 0.1885574890625
2 0.45115084375 0.37742866406250003 0.4619415078125 0.42812965312499995 0.5102049484375 0.41767509843750006 0.49782898124999997 0.3650164265625 0.45115084375 0.37742866406250003
2 0.595630684375 0.3490190390625 0.597186975 0.3682935515625 0.6704996546875 0.346737165625 0.6668598375 0.3302303375 0.595630684375 0.3490190390625
2 0.5862402546875 0.3133970171875 0.5894123140625 0.32865907031249997 0.6423072999999999 0.313915146875 0.6345357171875 0.2969724796875 0.5862402546875 0.3133970171875
2 0.590404140625 0.2965163515625 0.6095167125 0.290760753125 0.6040130359375 0.2806268234375 0.586454003125 0.282962009375 0.590404140625 0.2965163515625
2 0.64125245 0.8124546875 0.617075175 0.837981371875 0.6569484625 0.8676068703125001 0.684299771875 0.84026765625 0.64125245 0.8124546875
2 0.58398310625 0.874513059375 0.5690357734375 0.8860811953125 0.6120159593750001 0.920198246875 0.6247620984375 0.9068669234375 0.58398310625 0.874513059375
2 0.811203315625 0.910937009375 0.7852848515625 0.9303089140624999 0.8026417796875001 0.9554578515625 0.8317480515625 0.9256369234375 0.811203315625 0.910937009375
2 0.8689103453125 0.8674354171875001 0.847152853125 0.8472332859374999 0.81847110625 0.8758702250000001 0.8458014015625 0.9026785671875001 0.8689103453125 0.8674354171875001
2 0.9700477781249999 0.8111802359375 0.9435842921875001 0.81019144375 0.940107740625 0.843268621875 0.96634681875 0.8463925281250001 0.9700477781249999 0.8111802359375
2 0.803346203125 0.7130394265625 0.7908880640625 0.7463666421874999 0.846991803125 0.7550411 0.8550298609375 0.7268314578124999 0.803346203125 0.7130394265625
2 0.360489678125 0.1039428703125 0.3667411984375 0.12968265 0.415584965625 0.122227059375 0.40946774531249996 0.092369384375 0.360489678125 0.1039428703125
2 0.49722655312499997 0.0299318890625 0.5026985374999999 0.04603269375 0.548430990625 0.034097656250000004 0.5460804921875 0.019539396875 0.49722655312499997 0.0299318890625
2 0.736134434375 0.023318331249999998 0.6717686671875 0.016553215625 0.6669187078125 0.0626974796875 0.7323432296875 0.06506951093749999 0.736134434375 0.023318331249999998
2 0.7751677546875 0.31653281093749996 0.78104695625 0.35716054062499997 0.837741753125 0.3403305015625 0.8324748468750001 0.30523771875 0.7751677546875 0.31653281093749996
2 0.7263732468749999 0.5478904203125 0.7285519578125 0.5726035406250001 0.80645075 0.5698812671875 0.8034469312500001 0.5416579859375 0.7263732468749999 0.5478904203125
2 0.43740315625 0.292378853125 0.48781063593749996 0.27856595156249997 0.465427975 0.2302302859375 0.4268390984375 0.24520210625 0.43740315625 0.292378853125
2 1 0.3331683921875 0.979084946875 0.324738221875 0.97168080625 0.33838120625 1 0.3547966828125 1 0.3331683921875