2 0.1509329453125 0 0.1216354953125 0.04524995625 0.14713146562499999 0.054567273437499994 0.175399503125 0 0.1509329453125 0
2 0.0939860375 0 0.0895636890625 0.0082419484375 0.1127881421875 0.020174870312500003 0.12417760625 0 0.0939860375 0
2 0.8565266859375 1 0.8684800656249999 0.9571069359375001 0.8010577624999999 0.9361749218750001 0.7885313984375 0.9864209046875001 0.8394731546875001 1 0.8565266859375 1
2 0.9174514281249999 1 0.9215392281250001 0.9815370234374999 0.9059508140625001 0.9772810906249999 0.8965884796875001 1 0.9174514281249999 1
2 0.37898794062499996 0.8328129656250001 0.40451571875000003 0.8385216078125 0.43068502343750004 0.76535904375 0.40634721406249996 0.758957446875 0.37898794062499996 0.8328129656250001
2 0.2107593203125 0.6958318203125 0.2578622765625 0.7125780765624999 0.27268551875 0.6832376078125 0.21925753124999997 0.6608542578125001 0.2107593203125 0.6958318203125
2 0.114307853125 0.9384392640625 0.157590153125 0.9460711015625 0.16889755625 0.9229838656249999 0.136124346875 0.906654146875 0.114307853125 0.9384392640625
2 0.014586768750000001 0.6968129703125 0.0453126796875 0.7106715109375 0.0708703390625 0.6820179921875 0.0329561109375 0.6659875921875 0.014586768750000001 0.6968129703125
2 0.1194130140625 0.49221854531250003 0.1579114078125 0.48936029843749995 0.1602091859375 0.45238506718749993 0.118984871875 0.45506411562500004 0.1194130140625 0.49221854531250003
2 0.12181103906249999 0.43415915624999996 0.122709475 0.45300777031250006 0.1530509296875 0.44509377656250004 0.1537020140625 0.4277242046875 0.12181103906249999 0.43415915624999996
2 0.6175140953125 0.6566167171874999 0.6668175468750001 0.6677218859375 0.680432771875 0.6212885296875 0.632043490625 0.5970805453125 0.6175140953125 0.6566167171874999
2 0.6023291609375 0.034747921875 0.5608836375 0.003022121875 0.5366516296875 0.0310050265625 0.5801783140625 0.0646050640625 0.6023291609375 0.034747921875
2 0.501871915625 0.9738584031249999 0.5581597671875 0.9898125656250001 0.569471665625 0.9496034906249999 0.51234239375 0.9322935578125 0.501871915625 0.9738584031249999