2 0.617273278125 0.6302413875 0.6174621265625 0.5778723265625 0.5451346234375001 0.5880073875 0.543910959375 0.635978375 0.617273278125 0.6302413875
2 0.639415071875 0.47559623906250004 0.643732634375 0.4391516734375 0.53883159375 0.44595160624999997 0.542867440625 0.48461004374999994 0.639415071875 0.47559623906250004
2 0.5606645203125 0.40932230937499997 0.5667038265625 0.37678134218750003 0.53003871875 0.372724759375 0.5243400984375 0.408462515625 0.5606645203125 0.40932230937499997
2 0.493597071875 0.41014174531250003 0.49488824375 0.37375535000000004 0.4667547953125 0.376021646875 0.46752155 0.4092851390625 0.493597071875 0.41014174531250003
2 0.2634868546875 0.5149888875 0.2714941046875 0.47470641406249997 0.214399865625 0.47367328124999997 0.2055716609375 0.5100634421875 0.2634868546875 0.5149888875
2 0.7075533187499999 0.5815489171875 0.70821433125 0.5282207125 0.6699673484375 0.5262968421875 0.67015575625 0.5799366546875 0.7075533187499999 0.5815489171875
2 0.9197847171875001 0.5421952671875 0.9185604156249999 0.49784958437500004 0.8796953546875 0.49943101093750003 0.8845585421875001 0.5436551734374999 0.9197847171875001 0.5421952671875
2 0.8209901671875001 0.6972945171875 0.81077904375 0.6474976609375 0.7653463203124999 0.652133465625 0.7751991687500001 0.7056718265625 0.8209901671875001 0.6972945171875
2 0.770924803125 0.7760820921875 0.7662948265625 0.7185588859375 0.7252309 0.725772171875 0.7251099953125 0.781166175 0.770924803125 0.7760820921875
2 0.8552415640625 0.826175196875 0.8462426890625 0.7712039859375001 0.78024438125 0.7830563749999999 0.792746725 0.8352547703125 0.8552415640625 0.826175196875
2 0.9116117718750001 0.8381440515625 0.9474911328125 0.8415369203124999 0.9532728031250001 0.8087474374999999 0.9171057234375001 0.8035760265624999 0.9116117718750001 0.8381440515625
2 0.615517775 0.7342272640624999 0.6123398718749999 0.699242365625 0.5564181484375 0.7086559234375 0.56423500625 0.7395482546875 0.615517775 0.7342272640624999
2 0.7074756734375 0.653793934375 0.7075548109375001 0.62086205625 0.66535423125 0.6242638078125 0.668388609375 0.65491576875 0.7074756734375 0.653793934375
2 0.5222234875 0.8324884406249999 0.510213090625 0.775799434375 0.46134452656249997 0.7930823140625 0.47092195625000005 0.84476338125 0.5222234875 0.8324884406249999
2 0.48224413750000006 0.866033853125 0.49367525937499995 0.9072020984375 0.5324687781249999 0.8923583234375 0.52399616875 0.8583374031250001 0.48224413750000006 0.866033853125
2 0.3451541421875 0.949398040625 0.33470646249999997 0.912901225 0.27624293906249997 0.9333107703125 0.2883603796875 0.9637571796875 0.3451541421875 0.949398040625