2 0.8123927390624999 0.5591238421875 0.8045619125 0.5233017703125 0.691664228125 0.5387221375 0.6983713328125 0.5757922296875 0.8123927390624999 0.5591238421875
2 0.44721301562500004 0.5883603140625 0.4333268671875 0.5108276796875 0.3859631484375 0.5214789125 0.40034283125 0.5914112421875 0.44721301562500004 0.5883603140625
2 0.3288578421875 0.6699992421875 0.376729259375 0.663333146875 0.359409728125 0.5941494546875 0.31328924687500004 0.600130784375 0.3288578421875 0.6699992421875
2 0.51743733125 0.1789849625 0.5041418484375 0.124097759375 0.469053715625 0.13043813124999998 0.4800355328125 0.18094510625 0.51743733125 0.1789849625
2 0.7109288140625 0.8608428625 0.704662559375 0.8207799703124999 0.624325359375 0.832711784375 0.6352482046875 0.8707485046875 0.7109288140625 0.8608428625
2 0.8821130234375 0.7990052750000001 0.87043526875 0.7408914875 0.798202684375 0.754102453125 0.806964928125 0.8076970093750001 0.8821130234375 0.7990052750000001
2 0.7284779234375 0.5879973625 0.780949871875 0.5839378156249999 0.7799874640625 0.56557395625 0.7249930921875001 0.5726149125 0.7284779234375 0.5879973625
2 0.918898471875 0.5012720421875 0.9133246390625 0.46874886875 0.88241243125 0.47526624531249995 0.891180778125 0.5062873578125 0.918898471875 0.5012720421875
2 0.8271119328125 0.0902891015625 0.8309620875 0.106969834375 0.8681024484375 0.1000212234375 0.8656080234375001 0.08648947812499999 0.8271119328125 0.0902891015625
2 0.8148696921875 0.0725163921875 0.8209398296874999 0.08611734531250001 0.854548559375 0.079940559375 0.8513371421875 0.064072825 0.8148696921875 0.0725163921875
2 0.7785371390625 0.1800856234375 0.7904475234375 0.21991843437499997 0.819228434375 0.21247069999999998 0.8065857265625 0.175711678125 0.7785371390625 0.1800856234375
2 0.795160075 0.24165001875 0.8008705734375001 0.259763478125 0.8769283218749999 0.2456792453125 0.8783702921875 0.2277839421875 0.795160075 0.24165001875
2 0.7859763578125001 0.219780371875 0.7973470984375 0.2379711421875 0.849780403125 0.22750170781249998 0.84653783125 0.21103947500000003 0.7859763578125001 0.219780371875
2 0.7295066375 0.7268979453125 0.86792745625 0.710057040625 0.8629060453124999 0.6824022546874999 0.7197637984374999 0.7000022359375 0.7295066375 0.7268979453125
2 0.48934921718749996 0.8130567640624999 0.5324708203124999 0.80663803125 0.5276326 0.7938236828125 0.48435570625 0.7972792953125001 0.48934921718749996 0.8130567640624999
2 0.52251805 0.76439165 0.52146258125 0.7442520984375001 0.47680887656250004 0.7555013859375 0.480053009375 0.7719635359375 0.52251805 0.76439165