2 0.21832385625 0.9638560453125 0.2533945515625 0.9645402593749999 0.254738221875 0.9277046984374999 0.22045279375 0.9258971468749999 0.21832385625 0.9638560453125
2 0.0361173859375 0.8209616343749999 0.0505563390625 0.8192447890624999 0.0509223640625 0.73643030625 0.0338543921875 0.7379171421875 0.0361173859375 0.8209616343749999
2 0.05424799375 0.9608256093750001 0.0725655234375 0.962428184375 0.07269400468750001 0.916248028125 0.056894417187500004 0.91695180625 0.05424799375 0.9608256093750001
2 0.1136427734375 0.554171953125 0.09496158125000001 0.5567081171875 0.0923398921875 0.620252678125 0.111341134375 0.621319053125 0.1136427734375 0.554171953125
2 0.058794796875 0.2895079484375 0.041274334375 0.28558946406249996 0.035815437500000005 0.3783902640625 0.0520586671875 0.3801093703125 0.058794796875 0.2895079484375
2 0.0392942859375 0.287801875 0.022106567187500002 0.286892590625 0.0189269546875 0.33668149375 0.035435521875 0.33872025781250004 0.0392942859375 0.287801875
2 0.24680609375 0.5634365921875 0.2162334046875 0.5589737734375 0.2103176796875 0.618953615625 0.2467930296875 0.624826875 0.24680609375 0.5634365921875
2 0.5010254109375001 0.3800501125 0.4990201390625 0.34172951875 0.42870124687500005 0.3355774125 0.42631201093750004 0.37649362656249996 0.5010254109375001 0.3800501125
2 0.4039305921875 0.08785083437499999 0.3687325890625 0.08179131875 0.36624968281250003 0.13283164218750002 0.399531953125 0.138127534375 0.4039305921875 0.08785083437499999
2 0.33436115 0.0322932328125 0.33330858281250003 0.071538334375 0.39805154374999996 0.0801827 0.39876980781250004 0.0379282609375 0.33436115 0.0322932328125
2 0.0058874296875 0.6773214703125 0.0310011453125 0.6783637203125 0.028904596875 0.6379490796875 0.0044854640625 0.6371744109375 0.0058874296875 0.6773214703125
2 0.09967236874999999 0.2918906671875 0.0765742796875 0.2904658625 0.07234115468749999 0.3181083609375 0.09574670468749999 0.3231361703125 0.09967236874999999 0.2918906671875
2 0.0455378953125 0.16199072812499998 0.0465687375 0.19784199687499998 0.087394425 0.2008177625 0.0859790875 0.16254878281250001 0.0455378953125 0.16199072812499998
2 0.5222425234375 0.1375374109375 0.486966253125 0.139220846875 0.4832254984375 0.1940252421875 0.5175570640625 0.197922890625 0.5222425234375 0.1375374109375
2 0.7773382671875 0.33210617343750004 0.7459152046875 0.3305506171875 0.7479974281249999 0.3825847875 0.7830358203125 0.38267015937500004 0.7773382671875 0.33210617343750004
2 0.9315616656250001 0.31162594375 0.8950818515625001 0.3066463203125 0.8931504562500001 0.36667516718750004 0.9272887750000001 0.367277809375 0.9315616656250001 0.31162594375
2 0.9195941140624999 0.42799604062499996 0.92102446875 0.486530946875 0.9547569375 0.48888613750000004 0.9526864578125 0.4308912453125 0.9195941140624999 0.42799604062499996
2 0.7762835156250001 0.500688565625 0.779307728125 0.554594771875 0.8120372140625 0.558948278125 0.8123079453125 0.4972840953125 0.7762835156250001 0.500688565625
2 0.6930723453125001 0.7371814718749999 0.6780920953125 0.7382549421875 0.6763665296875 0.81350025625 0.69456635 0.8153905437500001 0.6930723453125001 0.7371814718749999
2 0.6519858296875001 0.6555085078125 0.6191554796875 0.649654565625 0.6154105796875 0.693731840625 0.6503952156249999 0.6941089500000001 0.6519858296875001 0.6555085078125
2 0.7910478796875 0.72668064375 0.7755280250000001 0.72710931875 0.7695857703125 0.8502647484375 0.78662906875 0.852053853125 0.7910478796875 0.72668064375
2 0.794157465625 0.7251646453125 0.7926495140625 0.7560256546875 0.8068814703125 0.7566747703125001 0.8087237265624999 0.7288231 0.794157465625 0.7251646453125
2 0.8353115296875 0.06420034999999999 0.8209005140625001 0.058767425 0.8109864828125 0.09723725 0.827636153125 0.0975018703125 0.8353115296875 0.06420034999999999
2 0.85696945 0.0684792453125 0.8436896687500001 0.06374130781250001 0.8314096765625001 0.1020041375 0.847800465625 0.10522776874999999 0.85696945 0.0684792453125
2 0.878211828125 0.0774899296875 0.8648787390624999 0.0733433453125 0.8560567703125 0.106842559375 0.8682236578125 0.1099946546875 0.878211828125 0.0774899296875
2 0.825461053125 0.33333628125 0.7971270140625 0.323705159375 0.7910751874999999 0.3800954140625 0.8143552453125 0.385410253125 0.825461053125 0.33333628125
2 0.633875096875 0.1479000109375 0.7473799484375 0.2049158234375 0.7645435593750001 0.1730420046875 0.6486954375 0.11462757812499999 0.633875096875 0.1479000109375
2 0.498994740625 0.090207690625 0.48738295468750004 0.08680615 0.48323261406249995 0.12250213437499999 0.4968419921875 0.121608303125 0.498994740625 0.090207690625
2 0.5285931374999999 0.0921996265625 0.51055335625 0.094199028125 0.5134707265625 0.1340878953125 0.5263058421875 0.1319327234375 0.5285931374999999 0.0921996265625
2 0.10099815625 0.22227255 0.0878425703125 0.2229096375 0.08898264375 0.2605600875 0.0999470109375 0.26151934374999997 0.10099815625 0.22227255
2 0.1256844234375 0.2327765703125 0.1125805859375 0.2328221671875 0.10794767499999999 0.24791330937499997 0.1248253921875 0.24938991875 0.1256844234375 0.2327765703125
2 0.1819027921875 0.22994680625 0.166539603125 0.2286027 0.166013703125 0.2476292671875 0.1811472609375 0.2453771734375 0.1819027921875 0.22994680625
2 0.22132917812500003 0.167238165625 0.2027513484375 0.16859290625 0.204621134375 0.18395495 0.21564095156250002 0.18462105 0.22132917812500003 0.167238165625
2 0.19074045312500001 0.19019077499999998 0.18311060625 0.18892723125 0.180760546875 0.2015360140625 0.19024366406249998 0.20266368906249999 0.19074045312500001 0.19019077499999998