2 0.611318128125 0.5501055734375 0.6412758515625 0.54257991875 0.6019203890625 0.4090721125 0.572417203125 0.41801785156250004 0.611318128125 0.5501055734375
2 0.7841336437499999 0.7679738656249999 0.7964655171875 0.8187496140625001 0.8383106328125001 0.79933901875 0.8282482640625 0.7504751828125 0.7841336437499999 0.7679738656249999
2 0.8209005406250001 0.937786653125 0.8452049859375 0.9321755296875001 0.8317256265624999 0.8764225296875001 0.8067737484374999 0.8867517828124999 0.8209005406250001 0.937786653125
2 0.8943939249999999 0.9208193687499999 0.876862575 0.858080059375 0.8399496687499999 0.8681254968750001 0.86372410625 0.92790005625 0.8943939249999999 0.9208193687499999
2 0.905967146875 0.62772105625 0.921059990625 0.6772516203125 0.9540454640625 0.6696363234375 0.9378841015624999 0.6154775031249999 0.905967146875 0.62772105625
2 0.8413168734375001 0.205117271875 0.8742573281249999 0.1920280546875 0.859120990625 0.1370232203125 0.8219250265625 0.1446965328125 0.8413168734375001 0.205117271875
2 0.6912365140625 0 0.7033567859375001 0.0468434296875 0.73674576875 0.037308475 0.727903053125 0 0.6912365140625 0
2 0.23676461718750003 0.4616878265625 0.26668349375 0.5754369890625 0.2816406078125 0.568937028125 0.2506081625 0.4609292640625 0.23676461718750003 0.4616878265625
2 0.4293874 0.6042949515625 0.4410038390625 0.5991756125000001 0.422529128125 0.5376290859374999 0.41228302031249997 0.5399945859375 0.4293874 0.6042949515625
2 0.1307359859375 0.6836033203125 0.1382149640625 0.6605487796875 0.1119041421875 0.5941083125 0.098016325 0.59731456875 0.1307359859375 0.6836033203125
2 0.300838909375 0.924035115625 0.3317762875 0.9101880078125 0.320378621875 0.8555403703125 0.27755545000000004 0.8733470593750001 0.300838909375 0.924035115625
2 0.08128679531250001 0.8443163437500001 0.0889892734375 0.8803189078125 0.12647096093750002 0.871056209375 0.11720919999999999 0.8335855296875 0.08128679531250001 0.8443163437500001
2 0.5614717625 0.8437525296875 0.553992490625 0.8113562468750001 0.5202536765625 0.8295031203125 0.5251917625 0.8503019265624999 0.5614717625 0.8437525296875
2 0.6592721390625 0.8607840625 0.687493915625 0.8536575796875001 0.6771659062500001 0.8194799046875 0.6478916640625 0.832028996875 0.6592721390625 0.8607840625
2 0.6321403015625 0.2205036140625 0.6147318421875 0.15566408125 0.5446906765625 0.1593423140625 0.56870634375 0.2388047046875 0.6321403015625 0.2205036140625