2 0.9660695890625 1 0.9673325234375 0.9803711906249999 0.92885878125 0.994330778125 0.93064358125 1 0.9660695890625 1
2 0.54681546875 1 0.552134859375 0.9724689046874999 0.467409809375 0.96265675625 0.46370023437499996 0.998682621875 0.473656621875 0.999305575 0.48690704218749997 1 0.54681546875 1
2 0.3075457296875 0.8697617265625001 0.3153350359375 0.8307193515625 0.281532309375 0.8289508343750001 0.2779477546875 0.8631888796875 0.3075457296875 0.8697617265625001
2 0.15183861875 0.7259310328125 0.1276468234375 0.7825125796875 0.16133840156249998 0.7943823250000001 0.182073659375 0.7446952062500001 0.15183861875 0.7259310328125
2 0.877205228125 0.026404164062500003 0.8922469218750001 0.062372284374999996 0.9266174062499999 0.0475321375 0.9189610781249999 0.029324015624999998 0.877205228125 0.026404164062500003
2 0.5958371921875 0.2836582671875 0.5932443234375 0.24415460625000002 0.5669691921875 0.2453668875 0.5630949265625 0.2837479375 0.5958371921875 0.2836582671875
2 0.524939203125 0.28464789687500003 0.5564969703125 0.28447383125000003 0.5580018 0.245930225 0.5288961953125 0.245083796875 0.524939203125 0.28464789687500003
2 0.3845710484375 0.172556696875 0.42308545156250005 0.1835732875 0.4271640546875 0.167805325 0.3968608453125 0.1585501828125 0.3845710484375 0.172556696875
2 0.420949103125 0.1971009671875 0.3909879328125 0.1872103234375 0.3815244875 0.199101028125 0.416746246875 0.21464584062499997 0.420949103125 0.1971009671875
2 0.3941530015625 0.078087165625 0.3969659359375 0.06341796718750001 0.3634383625 0.04918045625 0.3555590984375 0.068252284375 0.3941530015625 0.078087165625
2 0.3840003578125 0.104134590625 0.385499153125 0.086956671875 0.3366168203125 0.0752526765625 0.3325381078125 0.0910222 0.3840003578125 0.104134590625
2 0.1785074984375 0 0.178297921875 0.0070975734375 0.25952625 0.0115887796875 0.260336615625 0 0.1785074984375 0
2 0.1023777140625 0.2330974859375 0.1042183640625 0.2153091140625 0.07396245312500001 0.21386693124999998 0.06929154531250001 0.229593475 0.1023777140625 0.2330974859375
2 0.0653912859375 0.2513227765625 0.10156467656249998 0.2532586328125 0.1020467 0.2378312390625 0.0671835109375 0.23420453437500002 0.0653912859375 0.2513227765625
2 0.0898130125 0.53620155 0.077335065625 0.55719946875 0.107059078125 0.574737509375 0.120986975 0.5543061734375 0.0898130125 0.53620155
2 0.2123709296875 0.668917796875 0.214631309375 0.6536163265625 0.1666287171875 0.633609725 0.1538310140625 0.6463903203125 0.2123709296875 0.668917796875
2 0.12625634531250002 0.623650478125 0.13072038125000002 0.6108823343750001 0.111174359375 0.6095155437499999 0.1066673484375 0.6228758828125 0.12625634531250002 0.623650478125
2 0 0.8327379921875 0.0210802828125 0.833929121875 0.0196628078125 0.820152934375 0 0.8198923171875 0 0.8327379921875
2 0 0.8562840671874999 0.022896296875 0.8590294437500001 0.02379679375 0.841895834375 0 0.8399028078124999 0 0.8562840671874999