2 0.5038678671875 0.8601707968750001 0.4866731390625 0.807612703125 0.42563329375 0.8344311828125001 0.445010246875 0.88104364375 0.5038678671875 0.8601707968750001
2 0.2556427375 0.894092275 0.2344562296875 0.86609638125 0.1911019625 0.900341834375 0.2138095125 0.9262498953125 0.2556427375 0.894092275
2 0.81507496875 0.8922929390625001 0.8165459421874999 0.8590526125 0.7654394625000001 0.861126621875 0.76902569375 0.8938191890624999 0.81507496875 0.8922929390625001
2 0.722083315625 0.5552686812500001 0.7138070640625 0.5190984203125 0.6450377484375001 0.5463742578125 0.652791521875 0.5785457296875001 0.722083315625 0.5552686812500001
2 0.730580884375 0.37463322187500003 0.68179725625 0.3797154171875 0.6859771484375 0.412418346875 0.7317614171875 0.40906375781250004 0.730580884375 0.37463322187500003
2 0.709914453125 0.282821059375 0.70370695625 0.2472057375 0.662597946875 0.2547941296875 0.6726331796875 0.2923453 0.709914453125 0.282821059375
2 0.8484357921875001 0.1037488171875 0.8452181640624999 0.06694955625 0.8131517453124999 0.06698367656250001 0.8125306046875 0.10256887968749999 0.8484357921875001 0.1037488171875
2 0.6704069171875 0.3008139859375 0.66237019375 0.2678421421875 0.617524790625 0.2854512265625 0.6305889078125 0.3194937859375 0.6704069171875 0.3008139859375
2 0.79388004375 0.37147340156249997 0.7960144328125 0.33424716875 0.7598115625 0.3330214046875 0.7531503093749999 0.3744333328125 0.79388004375 0.37147340156249997
2 1 0.2808881546875 0.9754943015625 0.29229188437500003 0.9908295125000001 0.332307803125 1 0.3267201171875 1 0.2808881546875
2 0.2192595671875 0.9542273984375 0.262269859375 0.9226779140625 0.24917705781250002 0.9072892546875 0.20937441093750003 0.94218898125 0.2192595671875 0.9542273984375