2 0.155174025 0.054353340625 0.1782439953125 0.0877404453125 0.22702781718749998 0.058382585937499995 0.2107233375 0.044558498437499997 0.155174025 0.054353340625
2 0.3915186921875 0.3347568546875 0.4209896140625 0.35485715 0.4434914109375 0.32860403437499996 0.41447030468749996 0.30420723125000004 0.3915186921875 0.3347568546875
2 0.6073769703125 0.56051415625 0.6120972703125 0.5992517453125 0.6496709453125 0.595219003125 0.6425287125 0.5615429375 0.6073769703125 0.56051415625
2 0.8920537890625001 0.8226663515625001 0.8875916390624999 0.76829644375 0.827434515625 0.7758939796875 0.8131792484375 0.8283998765625 0.8920537890625001 0.8226663515625001
2 0.94371624375 0.789118403125 0.9021340140625 0.789223490625 0.9088671796875 0.8205616359375 0.9507253703125 0.8186023328124999 0.94371624375 0.789118403125
2 0.2554669890625 0.110252509375 0.31427775625 0.088171859375 0.29846433437500003 0.0566260796875 0.24404502187500002 0.0830872734375 0.2554669890625 0.110252509375
2 0.6289531875 0.5290028203125 0.6716633109375 0.5164883484375 0.65400595 0.483024246875 0.6156515437500001 0.49460568125000004 0.6289531875 0.5290028203125
2 0.301176671875 0.6361880609375 0.3352429375 0.6498757765625001 0.35284519531249997 0.6078034390625 0.31783422968749997 0.6007255015624999 0.301176671875 0.6361880609375
2 0.6524639109375 0.8025288265625001 0.6349808 0.8333184359375 0.67349835625 0.850016425 0.6847192203125 0.8179225515624999 0.6524639109375 0.8025288265625001
2 0.8155960125 0.9104914281250001 0.9335309078125 0.9228246171875 0.95074774375 0.8529309140624999 0.8253857609375 0.83949885625 0.8155960125 0.9104914281250001
2 0.6147262375 0.9338631046874999 0.6026800890625 0.9612855687499999 0.6507913359375 0.98111203125 0.68464049375 0.96791494375 0.6147262375 0.9338631046874999