2 0.6234942625000001 0.8522415703125 0.6606873421875 0.864053128125 0.6922472281250001 0.7998849515625001 0.6576437609375 0.7844579406250001 0.6234942625000001 0.8522415703125
2 0.6974197625 0.7415694609375 0.7525278890625 0.7621833328125 0.7834109312499999 0.7006015421875 0.7260840640625 0.6827804546875 0.6974197625 0.7415694609375
2 0.8908749203124999 0.60014866875 0.8612854578125001 0.6371495656249999 0.9050809875000001 0.6710410703125 0.9333412125 0.6275305828125 0.8908749203124999 0.60014866875
2 0.4042298421875 0.69070633125 0.46938894218750005 0.717704759375 0.49225273124999996 0.6742850406249999 0.42410996562500003 0.6486418109375001 0.4042298421875 0.69070633125
2 0.32721593125 0.636218603125 0.3007039796875 0.6869688921875 0.33343321875 0.7025084015624999 0.3621691359375 0.648046303125 0.32721593125 0.636218603125
2 0.19048664531249998 0.627893671875 0.2148711921875 0.6421208859374999 0.2349778453125 0.6041190515625 0.205147340625 0.5961259921875001 0.19048664531249998 0.627893671875
2 0.1542046078125 0.6095548703125 0.1772075046875 0.6209514765625 0.2106429875 0.552669178125 0.1890393125 0.5438021609375 0.1542046078125 0.6095548703125
2 0.44735408125 0.15572781875 0.49569537500000005 0.165295153125 0.5160358359375 0.09904278125 0.4741584234375 0.0878217625 0.44735408125 0.15572781875
2 0.3835356109375 0.1300106546875 0.415984953125 0.1393201234375 0.43807354062500004 0.0916939375 0.409011109375 0.0808283515625 0.3835356109375 0.1300106546875
2 0.28227505625 0.2807465078125 0.2963010140625 0.290045096875 0.3106612265625 0.255118575 0.2965163109375 0.24825012656249998 0.28227505625 0.2807465078125
2 0.2563035921875 0.27440378593750003 0.2724441546875 0.282729009375 0.2867210890625 0.24808913906250002 0.2724209890625 0.24179380625000002 0.2563035921875 0.27440378593750003
2 0.237570528125 0.26630594687500003 0.2512311078125 0.27242830625000003 0.266151253125 0.2376518171875 0.252313684375 0.229636334375 0.237570528125 0.26630594687500003
2 0.42985883124999996 0 0.41650694374999997 0.02990674375 0.4339855390625 0.0342827703125 0.44968414218749997 0 0.42985883124999996 0
2 0.75284921875 0.29605383281250003 0.769290121875 0.303535871875 0.7859795265625 0.2710791609375 0.775848834375 0.2652879375 0.75284921875 0.29605383281250003
2 0.73801718125 0.28715556875 0.7505283859375 0.29820133125 0.7657185484375 0.25949520625 0.7518389953125 0.2539304875 0.73801718125 0.28715556875
2 0.7179803875 0.27932309375000003 0.7321285953125 0.287730778125 0.7481306078125 0.2517058203125 0.7381539953125 0.2453395703125 0.7179803875 0.27932309375000003
2 0.6978730828125 0.267165621875 0.71378986875 0.2735851796875 0.729058246875 0.2379799578125 0.7161724609375 0.23329459687499998 0.6978730828125 0.267165621875
2 0.2972895328125 0.13521265625 0.33931415781249996 0.15016452656249998 0.35402521249999996 0.11164060625000001 0.31770269687499997 0.095752978125 0.2972895328125 0.13521265625
2 0.0632499796875 0.510713325 0.09180721875 0.5232892453125 0.10259377031250001 0.50156095 0.0723843 0.49038801562499995 0.0632499796875 0.510713325