2 0.9391770234375001 0.48411022812500004 0.8951333921875 0.454156465625 0.8669600921875 0.501956925 0.9093929218750001 0.5305353265625 0.9391770234375001 0.48411022812500004
2 1 0.5245092609374999 0.9707619828125 0.4982695890625 0.9400967734375 0.5444587000000001 0.9718915015625 0.5654481921875 1 0.526584803125 1 0.5245092609374999
2 0.7167760765625 0.8103594859375001 0.665901471875 0.7814770249999999 0.6450186015625 0.8144828921875 0.6914163140625 0.8487360390625 0.7167760765625 0.8103594859375001
2 0.693230803125 0.65219163125 0.613427328125 0.5923000484375 0.5779761640625 0.6465629890625 0.65404945625 0.7055250140625 0.693230803125 0.65219163125
2 0.63694768125 0.7016616890625 0.589899778125 0.6725132046875 0.5735021546875 0.7016342328125 0.6202006859375 0.7316999453124999 0.63694768125 0.7016616890625
2 0.736882784375 0.7535983328125 0.7065006796875 0.7328076609374999 0.6911079765625 0.7678104171875 0.7187596968750001 0.7890896140625 0.736882784375 0.7535983328125
2 0.45403856718749996 0.45583602812499996 0.44086747812500005 0.505563428125 0.47444845312500006 0.518095215625 0.48541911562499995 0.47090248125 0.45403856718749996 0.45583602812499996
2 0.3974376765625 0.43896195000000005 0.3658473625 0.4191485640625 0.350132053125 0.475005875 0.38193611562499996 0.48766191406250003 0.3974376765625 0.43896195000000005
2 0.5455955078125 0.134869040625 0.5113087890625 0.12684903593750002 0.5047530984375 0.160640215625 0.5418956734375 0.1645901515625 0.5455955078125 0.134869040625
2 0.22875677031250002 0.1945221546875 0.198455390625 0.17670027187499998 0.17834138906250002 0.203700375 0.20836087343749998 0.22481556875000003 0.22875677031250002 0.1945221546875
2 1 0.6612849468750001 0.9972878171874999 0.65652505625 0.9598970765624999 0.708541259375 0.9892807265625001 0.72880655 1 0.7105522765625001 1 0.6612849468750001
2 0.8584267015625 0.67754396875 0.890401778125 0.69197365 0.911842646875 0.6505959671875 0.88347436875 0.627581275 0.8584267015625 0.67754396875
2 0.40141901874999997 0.2663716171875 0.414323234375 0.270528465625 0.42048292500000006 0.2480753421875 0.41178584531249995 0.242731503125 0.40141901874999997 0.2663716171875
2 0.441492571875 0.252855803125 0.430542734375 0.24737189218750003 0.42548325625 0.26855768125 0.433506753125 0.272758221875 0.441492571875 0.252855803125
2 0.46671091249999996 0.2564491640625 0.4528503265625 0.2517639921875 0.44571467656249997 0.277261359375 0.454330478125 0.2814204828125 0.46671091249999996 0.2564491640625
2 0.4849552140625 0.262315796875 0.47224249531250007 0.2569551578125 0.467224434375 0.2787332515625 0.4759644890625 0.284669284375 0.4849552140625 0.262315796875