2 0.8682647390625 0.6756041109375001 0.8747237203125 0.78160506875 0.9288478124999999 0.78122339375 0.9243481250000001 0.6670266484375 0.8682647390625 0.6756041109375001
2 0.791007809375 0.76880760625 0.79529881875 0.8066052546875 0.8440938156250001 0.8030722906250001 0.846606465625 0.7671397203125 0.791007809375 0.76880760625
2 0.7499021 0.7020479046875 0.7506188859375 0.79098173125 0.79241530625 0.7883487015624999 0.791601953125 0.700795878125 0.7499021 0.7020479046875
2 0.4155413796875 0.9411518390625 0.41177234843750005 0.9950514703125 0.4642255140625 0.998719353125 0.4600015703125 0.9400943984374999 0.4155413796875 0.9411518390625
2 0.466518734375 0.8072253500000001 0.466573284375 0.8461145140624999 0.49614016406249994 0.83984923125 0.49046815156249995 0.8019550140625 0.466518734375 0.8072253500000001
2 0.45700938124999996 0.705177490625 0.464159184375 0.7417841578125 0.5236092546875 0.74455355625 0.52522574375 0.701613278125 0.45700938124999996 0.705177490625
2 0.3933933453125 0.5437920453125 0.40447538906249997 0.6431728015625 0.49763234062499995 0.6399648499999999 0.49326050312499997 0.5438303953125 0.3933933453125 0.5437920453125
2 0.041679435937499995 0.852512878125 0.12469242968750001 0.85553906875 0.129594775 0.765608846875 0.0403844671875 0.771869853125 0.041679435937499995 0.852512878125
2 0.46188752343750006 0.31804035 0.470650275 0.45058855312499996 0.5434911484375 0.4404058078125 0.54005604375 0.3110072296875 0.46188752343750006 0.31804035
2 0.46496626250000006 0.19465141875 0.46662300625 0.25031977968749997 0.49965335624999996 0.2540172421875 0.4957208984375 0.19124627031250002 0.46496626250000006 0.19465141875
2 0.41941655312500004 0.1914662734375 0.42424684218750003 0.261243503125 0.45095659687499995 0.25616775468749997 0.448500259375 0.19211068125 0.41941655312500004 0.1914662734375
2 0.33842083125 0.0802532 0.4429110546875 0.07367135 0.438495421875 0.0178100671875 0.341292140625 0.019345750000000002 0.33842083125 0.0802532
2 0.54646276875 0.1003566296875 0.599689140625 0.09296713906250001 0.5966529515625 0.037202318750000005 0.540861046875 0.041633765625 0.54646276875 0.1003566296875
2 0.6595941265625 0.2082611265625 0.7159939343749999 0.2149820609375 0.7133442390625 0.153690109375 0.6635565109375 0.15159636875 0.6595941265625 0.2082611265625
2 0.5995361499999999 0.194339340625 0.5964014125 0.27883744374999997 0.6342496328125 0.2731512515625 0.6364179156249999 0.2024740875 0.5995361499999999 0.194339340625
2 0.5732635875 0.5105394078125001 0.5881849515625001 0.535191884375 0.6228861234374999 0.53484135 0.6248189203125001 0.5072010312499999 0.5732635875 0.5105394078125001
2 0.4447554328125 0.5432172328125 0.4374109328125 0.5093724640625 0.403607484375 0.5167308171875 0.4087698296875 0.542090196875 0.4447554328125 0.5432172328125
2 0.4904984984375 0.54363725625 0.4870069734375 0.514229878125 0.4510214796875 0.51310128125 0.45698486718750003 0.5468510421875 0.4904984984375 0.54363725625
2 0.56419634375 0.559009353125 0.5627760234375 0.5112940453125 0.5365739296875 0.511842615625 0.534290328125 0.5700125203125 0.56419634375 0.559009353125
2 0.5846996203125 0.5634190828125 0.5835387015625 0.5204835109375 0.565237409375 0.5186085625 0.5644681984375 0.5721227609375 0.5846996203125 0.5634190828125
2 0.530100625 0.5363883546875 0.5277815640625 0.51003739375 0.49537274375000007 0.514318346875 0.493757446875 0.537418190625 0.530100625 0.5363883546875
2 0.509389809375 0.5944616671875 0.5317403796875 0.5894773703125 0.5265659484375 0.537926784375 0.507107 0.5335900812500001 0.509389809375 0.5944616671875