2 0.3082789703125 0.8479413750000001 0.3251112859375 0.8800381734375 0.3565642859375 0.8579055265625 0.3365751484375 0.8312900875 0.3082789703125 0.8479413750000001
2 0.3748209671875 0.937939440625 0.400635934375 0.9690205890625 0.4284117828125 0.9490719249999999 0.40340156250000003 0.916249259375 0.3748209671875 0.937939440625
2 0.5142332890625 0.9122458203124999 0.5328535921875 0.9509780984375 0.5686079203125 0.9260964859374999 0.5460611906249999 0.8916176671875 0.5142332890625 0.9122458203124999
2 0.500634190625 0.874374384375 0.505020021875 0.9010623703125 0.5440964515625 0.8837869218750001 0.5296590203125 0.864598778125 0.500634190625 0.874374384375
2 0.3819494984375 0.72486269375 0.454051296875 0.8368521859375001 0.48902801875 0.8238226828125 0.413062325 0.7092508671875 0.3819494984375 0.72486269375
2 0.5578805765625 0.793243615625 0.530168396875 0.7415489875 0.5002414468749999 0.757222965625 0.5202325875 0.80643040625 0.5578805765625 0.793243615625
2 0.5368253796875 0.6598463546875 0.56057969375 0.70776616875 0.5873378875 0.6934125390625 0.568279425 0.6490089296875 0.5368253796875 0.6598463546875
2 0.8496162 0.8013964890624999 0.8183728765625 0.7845976921875 0.8063134734374999 0.8220194 0.8394566671874999 0.8356460921875 0.8496162 0.8013964890624999
2 0 0.56385930625 0.0199595796875 0.5483303609375 0 0.51377783125 0 0.56385930625
2 0.7782418578125 0.599664265625 0.79121609375 0.6000484984375001 0.794012878125 0.546682671875 0.7804204593749999 0.5453757593749999 0.7782418578125 0.599664265625
2 0.6174215765625 0.659909834375 0.6599426765625 0.6680839187500001 0.6614643640625 0.6277332578125 0.6219010203125 0.62328000625 0.6174215765625 0.659909834375