2 0.3062387703125 0.0057831374999999996 0.06200279374999999 0.13635478750000002 0.06949104687499999 0.16545584375 0.32287243125 0.0402868671875 0.3062387703125 0.0057831374999999996
2 0.30460159375 0.0717546375 0.0954005296875 0.177984340625 0.107489165625 0.20085675468750003 0.3157142703125 0.09158280625000001 0.30460159375 0.0717546375
2 0.6046782562499999 0.21084919218749998 0.5991304546875 0.25190595937500004 0.653840265625 0.26109000625 0.657249640625 0.2208454234375 0.6046782562499999 0.21084919218749998
2 0.6025179656249999 0.29283571249999996 0.6033318109375 0.31947769375 0.638954425 0.3207782703125 0.640185053125 0.29466769843749996 0.6025179656249999 0.29283571249999996
2 0.6523957265625 0.29453790625 0.6479633421875 0.31962106874999996 0.6977168484375 0.32310017343749997 0.6996226171875 0.2958464125 0.6523957265625 0.29453790625
2 0.3146695046875 0.1575941640625 0.2018034953125 0.2140021875 0.213976415625 0.2356916609375 0.3183429765625 0.181666865625 0.3146695046875 0.1575941640625
2 0.2229147328125 0.24405585468750002 0.229618765625 0.2588141421875 0.3346621328125 0.20364470625000003 0.32748838281250003 0.187069540625 0.2229147328125 0.24405585468750002
2 0.1921291140625 0.2757464921875 0.201421525 0.270535128125 0.1926765046875 0.250872521875 0.1773319296875 0.2575386890625 0.1921291140625 0.2757464921875
2 0.2132455359375 0.2674007328125 0.22222275468750002 0.2624633609375 0.2105591921875 0.24200147031250002 0.2000757421875 0.2472219625 0.212580115625 0.2641714484375 0.2132455359375 0.2674007328125
2 0.184137653125 0.2367957171875 0.1975991125 0.2315688828125 0.18805625625 0.21482648593749998 0.173550934375 0.217980140625 0.184137653125 0.2367957171875
2 0.774599684375 0.6280639375 0.8322731171875001 0.6034003921875 0.8267520234375001 0.5887263890625001 0.7662911375 0.6106936125 0.774599684375 0.6280639375
2 0.7390610515625 0.49790846093749996 0.8087235312500001 0.49756390625 0.8086988421875001 0.48089345000000006 0.738475559375 0.480746125 0.7390610515625 0.49790846093749996