2 0.42772064062500004 0.6858498296875 0.4010315203125 0.5738402421875 0.34444263125 0.5872723953125 0.3638178421875 0.6974564078125 0.42772064062500004 0.6858498296875
2 0.44711247812500005 0.3234384703125 0.44185695 0.2879432109375 0.39362379375 0.29251320625 0.3929750140625 0.33155993906250003 0.44711247812500005 0.3234384703125
2 0.34138320312500003 0.2862757671875 0.3323512671875 0.2707610640625 0.290312784375 0.2888617625 0.2941600875 0.3061926671875 0.34138320312500003 0.2862757671875
2 0.680496740625 0.1778184984375 0.6999276046875 0.12976155 0.673579840625 0.1192448796875 0.6535806656250001 0.1711731765625 0.680496740625 0.1778184984375
2 0.299917403125 0 0.28466733125 0.0078459140625 0.3249978328125 0.10354390625000001 0.373130803125 0.07059310156250001 0.332894046875 0 0.299917403125 0
2 0.185940153125 0.1855058890625 0.23319245156249999 0.15665990000000002 0.22078921093749998 0.13400826562499998 0.1765614109375 0.16639416875 0.185940153125 0.1855058890625
2 0.847598946875 0.40978846406249997 0.84287735625 0.392192803125 0.7653976890624999 0.4149325484375 0.770303384375 0.43415125625 0.847598946875 0.40978846406249997
2 0.13344206249999999 0.502141678125 0.11547496093750001 0.452660009375 0.0796547078125 0.466975875 0.1021159671875 0.5160262390625 0.13344206249999999 0.502141678125
2 0.04473164375 0.5876258484375 0.050688467187499996 0.5535098328125 0.011063646875 0.5541394687500001 0.0125401578125 0.5883508015625 0.04473164375 0.5876258484375
2 0.094343640625 0.38033478125000003 0.07004235156250001 0.3959009640625 0.0895009328125 0.42405346718750003 0.111776803125 0.41191685468749994 0.094343640625 0.38033478125000003
2 0.0273743640625 0.0910679765625 0.06933896875 0.0910248625 0.0702917984375 0.0773987609375 0.0293814296875 0.07513322812499999 0.0273743640625 0.0910679765625
2 0.7752513109375 0.0314341578125 0.737468021875 0.027008059374999997 0.7259980640625 0.0803832875 0.7652847828125 0.0845887234375 0.7752513109375 0.0314341578125
2 0.47023051875000005 0.22265246875 0.4489536078125 0.1949680171875 0.4216129796875 0.21144001875 0.4413275078125 0.24444406875000002 0.47023051875000005 0.22265246875