2 0.5942546875 0.100640625 0.631625 0.109546875 0.6403359375 0.0765953125 0.6043406250000001 0.0673921875 0.5942546875 0.100640625
2 0.7508546875000001 0.2627359375 0.7822921875 0.28114218750000003 0.7995609375 0.24759531250000003 0.76686875 0.2312671875 0.7508546875000001 0.2627359375
2 0.7674624999999999 0.3048921875 0.7372109375 0.2888609375 0.7182296874999999 0.3428921875 0.74796875 0.35981406250000003 0.7674624999999999 0.3048921875
2 0.9845656249999999 0.2633296875 1 0.2110796875 0.983378125 0.20276718749999997 0.964121875 0.2493765625 0.9845656249999999 0.2633296875
2 1 0.6368 0.97981875 0.6261140625 0.9623437499999999 0.6706453125 0.9857515625 0.6819265624999999 1 0.6368
2 0.7698359375 0.943771875 0.7787328125 0.9111140625 0.7488578125 0.8995374999999999 0.7342453124999999 0.9301140625000001 0.7698359375 0.943771875
2 0.69035 0.8214593750000001 0.7211953125 0.8363015624999999 0.732846875 0.8131453125 0.699840625 0.7971140625 0.69035 0.8214593750000001
2 0.46909531250000003 0.8820218750000001 0.5017203125 0.8885531249999999 0.5175828124999999 0.8363015624999999 0.483925 0.8244265625 0.46909531250000003 0.8820218750000001
2 0.34571406250000003 0.7994890625 0.299446875 0.8428328125 0.3325625 0.8719281249999999 0.370628125 0.8315531249999999 0.34571406250000003 0.7994890625
2 0.080565625 0.9978031250000001 0.12149375 0.998753125 0.151990625 0.9707874999999999 0.125646875 0.9425828125000001 0.080565625 0.9978031250000001
2 0.281653125 0.54001875 0.31309062499999996 0.558425 0.329003125 0.53526875 0.29588749999999997 0.5133 0.281653125 0.54001875
2 0.3083453125 0.47233125 0.3409703125 0.491925 0.363696875 0.44887812499999996 0.3302921875 0.42482968750000005 0.3083453125 0.47233125
2 0.35520625 0.3310171875 0.3884234375 0.3375484375 0.3912703125 0.2983609375 0.35935937500000004 0.2930171875 0.35520625 0.3310171875
2 0.4068125 0.24789218750000003 0.44655468750000005 0.2579859375 0.455315625 0.2271109375 0.41452343750000004 0.2211734375 0.4068125 0.24789218750000003
2 0.48333125 0.1879234375 0.5153640625 0.19623593749999999 0.526478125 0.15497031249999998 0.4851109375 0.14754687500000002 0.48333125 0.1879234375
2 0.631625 0.6724265625 0.641709375 0.6522375 0.609084375 0.63383125 0.597640625 0.6510515625 0.631625 0.6724265625
2 0.5017203125 0.3399234375 0.5189234375 0.3488296875 0.5343453125 0.3161734375 0.5220296875 0.3099390625 0.5017203125 0.3399234375