2 0.0421875 0.48046875 0.046875 0.0453125
2 0.48532153906250003 0.8357103546875001 0.464033271875 0.7912202828125 0.421326625 0.8052404687499999 0.42917164375 0.8572891874999999 0.48532153906250003 0.8357103546875001
2 0.647805025 0.5608602953124999 0.6138487593749999 0.5650659140625 0.6256865359375 0.6184439484375 0.67633469375 0.6188003125 0.647805025 0.5608602953124999
2 1 0.2514374546875 0.99586719375 0.2451485734375 0.96472343125 0.262680659375 0.9910292015625 0.2981540640625 1 0.2929914515625 1 0.2514374546875
2 0.47457418906250004 0 0.471780515625 0.0332584515625 0.5184767109374999 0.0389920234375 0.5245766046875 0.0006590609375 0.5146977359375 0 0.47457418906250004 0
2 0.5896559265625 0.946647740625 0.5907592796875 0.9830740328124999 0.6666109078125 0.9784302828125 0.65640071875 0.9366952 0.5896559265625 0.946647740625
2 0.494877428125 1 0.4897591171875 0.9427553062499999 0.42197962968749997 0.9497881109374999 0.42362965781249995 0.993121575 0.479649928125 1 0.494877428125 1
2 0.265398746875 0.6695417875 0.2298824609375 0.6749522078125 0.23631002968749998 0.713428578125 0.26720073125 0.7116376703125 0.265398746875 0.6695417875
2 0.709928090625 0.28014975625 0.6772672765625 0.28331801875 0.687210671875 0.32402070625 0.7188923046875 0.31744206406250003 0.709928090625 0.28014975625
2 0.31011597968750004 0 0.317218659375 0.07071221250000001 0.32704790781250004 0.0692271515625 0.324188278125 0 0.31011597968750004 0
2 0.278091578125 0.23430540625 0.29237656875 0.2396486359375 0.29682420625 0.1839630953125 0.282801409375 0.183138625 0.278091578125 0.23430540625
2 0.3026791140625 0.2044228859375 0.3218083203125 0.20437881875000002 0.3210355984375 0.18633767343750002 0.3024415671875 0.183753934375 0.3026791140625 0.2044228859375