2 1 0.7912945546875 0.9866528015625 0.768619525 0.91962625 0.8071654828125 0.9400236281250001 0.83593419375 1 0.803229915625 1 0.7912945546875
2 0.77535624375 0.9111319890624999 0.7736234718749999 0.9479459609375 0.8229401734374999 0.9494573718750001 0.8273745375000001 0.9144121437500001 0.77535624375 0.9111319890624999
2 0.7279363296875 0.814071359375 0.7241326781249999 0.8343080125 0.7712284781250001 0.8447579812500001 0.777580421875 0.8174179609375001 0.7279363296875 0.814071359375
2 0.8129828484375 0.44713433125 0.8395091812500001 0.46980921249999996 0.8752964046875 0.44486052656249997 0.843376940625 0.4193137078125 0.8129828484375 0.44713433125
2 0.9505513734375001 0.40142490625000005 0.9372615734374999 0.3886064546875 0.9025437265624999 0.4237880359375 0.9143759843750001 0.4382462359375 0.9505513734375001 0.40142490625000005
2 0.9838962468749999 0.44059111093750003 0.95368530625 0.41086227343750004 0.9373970234375 0.43029794062500004 0.961616721875 0.456999628125 0.9838962468749999 0.44059111093750003
2 0.789959446875 0.012673100000000001 0.7622645046875001 0.0250223875 0.7759771890625 0.0621574734375 0.814837815625 0.0430888578125 0.789959446875 0.012673100000000001
2 0.1102441078125 0.43448438749999996 0.15089760937500002 0.4159767546875 0.1146224296875 0.3450177859375 0.07811082968750001 0.3626670640625 0.1102441078125 0.43448438749999996
2 0.46323789218750006 0.993112003125 0.4590444296875 0.9569953140624999 0.4097292640625 0.9554823140625001 0.408333428125 0.9946782687500001 0.46323789218750006 0.993112003125
2 0.1062792234375 0.615499903125 0.0733432953125 0.633872825 0.0862933875 0.6613400609375 0.11994017812499999 0.6496713796875 0.1062792234375 0.615499903125
2 0.0864997703125 0.8092480484375001 0.0915162078125 0.8584023609375 0.1288339421875 0.8530049421875001 0.11820999843749999 0.8057972281250001 0.0864997703125 0.8092480484375001
2 0.7961863921875 0 0.7904097328125 0.0043592875000000005 0.8191930546874999 0.0373526 0.8717475921875 0 0.7961863921875 0
2 0.1339402953125 0.43110469218749997 0.151556596875 0.4877511859375 0.21532860937499998 0.467058496875 0.18520562499999998 0.408258071875 0.1339402953125 0.43110469218749997