2 0.421472559375 0.30779390625 0.47834012656249997 0.323147284375 0.4901366875 0.27424794218750004 0.4370733734375 0.2640773625 0.421472559375 0.30779390625
2 0.4162698765625 0.1629444109375 0.4370721609375 0.0941597484375 0.3948239578125 0.0802080578125 0.3791502671875 0.155112934375 0.4162698765625 0.1629444109375
2 0.283941621875 0.3490364578125 0.2940572671875 0.3143355390625 0.23429553281249998 0.2920488078125 0.230492190625 0.33290971406250003 0.283941621875 0.3490364578125
2 0.08338701875 0.29628475781249997 0.10069426249999999 0.225595709375 0.0708133953125 0.21445234218749998 0.0550360984375 0.2923241609375 0.08338701875 0.29628475781249997
2 0.3427158453125 0.82994466875 0.36045798281249997 0.826405453125 0.3712724609375 0.7376663156250001 0.353101815625 0.7310906625 0.3427158453125 0.82994466875
2 0.353288309375 0.72575016875 0.35859775312500003 0.6926653125 0.3032883375 0.6788516265625 0.29611740468750003 0.7142479265625 0.353288309375 0.72575016875
2 0.43537473593750003 0.7036639890624999 0.43834206093750006 0.652672421875 0.38403136718750003 0.6442406218750001 0.3795325375 0.6880493640625 0.43537473593750003 0.7036639890624999
2 0.9355400749999999 0.7267742109374999 0.9661001921875 0.73467368125 0.974665171875 0.6933833796875 0.9399159359375 0.6856362421875 0.9355400749999999 0.7267742109374999
2 0.9001226640625 0.66939226875 0.9108184046875 0.6180795984375 0.87911754375 0.6080593390625 0.8715321812499999 0.6553234046874999 0.9001226640625 0.66939226875
2 0.500524903125 0.3889788125 0.550319078125 0.403491071875 0.5617012625 0.3664579296875 0.5045717468750001 0.3537704734375 0.500524903125 0.3889788125
2 0.8104373046875001 0.7919166203125 0.8460709390625001 0.8065284937499999 0.8588056171874999 0.7647912515625 0.8228505015625001 0.757594553125 0.8104373046875001 0.7919166203125
2 0.7451999125000001 0.9268798953124999 0.800379446875 0.9421743250000001 0.8089443703124999 0.9008855875 0.751408015625 0.8828353515625 0.7451999125000001 0.9268798953124999
2 0.9031906390625 0.9482490374999999 0.9103477359375001 0.920467690625 0.8694106390625 0.902997115625 0.862311828125 0.9539941796875 0.9031906390625 0.9482490374999999
2 0.284959853125 0.183907340625 0.2903032 0.1668646875 0.268659853125 0.1577897546875 0.264646715625 0.1707216375 0.284959853125 0.183907340625
2 0.268929178125 0.15007726875 0.29361928437499996 0.15688058437500002 0.2976945859375 0.1421685375 0.2725146984375 0.13237755625 0.268929178125 0.15007726875