2 0.6110706984375 0.88190270625 0.5632891390625 0.8891364359375 0.56830520625 0.9326395578125 0.617498184375 0.9275657765625 0.6110706984375 0.88190270625
2 0 0.951865171875 0.0938880078125 0.9415959046875001 0.090783115625 0.928429525 0 0.9384184781249999 0 0.951865171875
2 0 0.9234735781250001 0.0886603546875 0.9126583343749999 0.0913506078125 0.89521034375 0 0.9038074140625 0 0.9234735781250001
2 0.5464484546875 0.7929885703124999 0.460157146875 0.7970983015625001 0.4593510296875 0.8116759234375 0.545910184375 0.8084026124999999 0.5464484546875 0.7929885703124999
2 0.5451583234374999 0.74486735625 0.4593154640625 0.753148403125 0.463480403125 0.7699852640625 0.5427141078125 0.7637763859375 0.5451583234374999 0.74486735625
2 0.5563756765625001 0.8319149890625 0.5569429125 0.8497425203125 0.5944920390624999 0.8463039968749999 0.5932568171875 0.830591940625 0.5563756765625001 0.8319149890625
2 0.4896470234375 0.8373019734374999 0.49438719375 0.8546795515625 0.526575103125 0.8516479218749999 0.52447208125 0.8353114515625 0.4896470234375 0.8373019734374999
2 0.4265201453125 0.8416265125000001 0.42778276093749995 0.8565093312500001 0.4634896125 0.8547872453125 0.4628080609375 0.8402780578125 0.4265201453125 0.8416265125000001
2 0.64698700625 0.10859133750000001 0.5997160015625 0.1182177796875 0.60981239375 0.1778642859375 0.6579092984375 0.17010686875 0.64698700625 0.10859133750000001
2 0.8304631812500001 0.026560217187500002 0.7743534640624999 0.0340972328125 0.7798294296875 0.08144374531250001 0.834085421875 0.07595109375 0.8304631812500001 0.026560217187500002
2 0.39835750625 0.0488638453125 0.3477124484375 0.053031709375 0.3486126578125 0.10376747187499999 0.40244891406249994 0.10183265156250002 0.39835750625 0.0488638453125
2 0.322926728125 0.0141789703125 0.2858675453125 0.0206004734375 0.2998754265625 0.095835171875 0.329646921875 0.0939480328125 0.322926728125 0.0141789703125
2 0.309119634375 0.1543653203125 0.3178891015625 0.22649030625000002 0.4458004203125 0.22145909531250002 0.4380366953125 0.14605314687499998 0.309119634375 0.1543653203125