2 0.8898077046875 0.578458484375 0.8854800468749999 0.4908306515625 0.8075685484375 0.5022061671875 0.8079321 0.5860588625 0.8898077046875 0.578458484375
2 0.8040891703125 0.5799118125 0.7538023609375 0.5861948671875 0.75847991875 0.6898958515625 0.805988540625 0.68673574375 0.8040891703125 0.5799118125
2 0.6524895609375 0.635585253125 0.6200591484375 0.6416165546875 0.6204807671875 0.7129864296874999 0.6548438812499999 0.7118145 0.6524895609375 0.635585253125
2 0.9028040203125001 0.761672559375 0.8436231671875 0.7674894953125 0.8434518484375 0.8388282953124999 0.9036201421875001 0.83187398125 0.9028040203125001 0.761672559375
2 0.9138166406250001 0.9529446187499999 0.9157673390625 0.9228860062500001 0.874126578125 0.923081965625 0.8752161046875001 0.95768416875 0.9138166406250001 0.9529446187499999
2 0.6806723875 0.8808369609375 0.6311976796875001 0.8829990562500001 0.627062171875 0.950564278125 0.680829309375 0.9477337296874999 0.6806723875 0.8808369609375
2 0.5959918578125001 0.7717540671875 0.5440179015625 0.7761650062500001 0.5401932203124999 0.83779930625 0.5936662328125 0.838819578125 0.5959918578125001 0.7717540671875
2 0.4326145 0.7911363687499999 0.434622475 0.832266578125 0.46870351718750003 0.8260276281250001 0.4683243375 0.790629584375 0.4326145 0.7911363687499999
2 0.5003117578125 0.8838705234375 0.465817390625 0.8838448796874999 0.46052456406250003 0.9394581515624999 0.501418575 0.94219588125 0.5003117578125 0.8838705234375
2 0.332076259375 0.68954788125 0.3372137140625 0.6368992890625 0.3027829734375 0.6356894140625 0.3035142921875 0.6898347078125 0.332076259375 0.68954788125
2 0.752411953125 0.249596740625 0.7142371468750001 0.25175803750000003 0.7115361890624999 0.3146403578125 0.7463153234375 0.3108146890625 0.752411953125 0.249596740625
2 0.66366340625 0.10462676093750001 0.667306684375 0.0691438078125 0.640618309375 0.0677451296875 0.6406257906249999 0.10163728125 0.66366340625 0.10462676093750001
2 0.3907991140625 0.0096532703125 0.3878950875 0.05568959531249999 0.429473696875 0.056679507812499995 0.43116413593749997 0.00469706875 0.3907991140625 0.0096532703125
2 0.22888156093749998 0.5705777921874999 0.2315876421875 0.530287640625 0.2153561609375 0.5335989390625 0.2157391390625 0.571671159375 0.22888156093749998 0.5705777921874999
2 0.2596172625 0.5287837859375 0.2456037125 0.5351841453125 0.2448629671875 0.57200834375 0.26005863749999997 0.5698318921875 0.2596172625 0.5287837859375
2 0.1584442421875 0.90460071875 0.140402959375 0.90841016875 0.143283459375 0.944236584375 0.1605765171875 0.9433591796874999 0.1584442421875 0.90460071875
2 0.3854813625 0.14712608124999998 0.38545933125 0.1816112515625 0.420483090625 0.18285063906250001 0.42230353593750003 0.1457857421875 0.3854813625 0.14712608124999998
2 0.7700555140625001 0.0150721625 0.7368603640625 0.0129757375 0.735502996875 0.027530896875 0.7655849515625001 0.0282155765625 0.7700555140625001 0.0150721625