2 0.117376184375 0.374601528125 0.10724286093749999 0.3678950125 0.0798971796875 0.4425119609375 0.0899336296875 0.44950139218749996 0.117376184375 0.374601528125
2 0.1410924390625 0.3857111234375 0.13284545781249998 0.38456678593750004 0.10971063750000001 0.45916825625 0.12140089843749999 0.46408115624999996 0.1410924390625 0.3857111234375
2 0.3088473328125 0.700598496875 0.37257048125000003 0.5890982375 0.3039835375 0.54659535625 0.2392834859375 0.6712438921875 0.3088473328125 0.700598496875
2 0.45409739531250004 0.382437284375 0.414977359375 0.3704783796875 0.38537255625 0.44613426875 0.42417335625 0.46045178125 0.45409739531250004 0.382437284375
2 0.36137332031249997 0.2395025859375 0.381915740625 0.1770973921875 0.335955378125 0.16793523125 0.31378460625 0.22088908749999997 0.36137332031249997 0.2395025859375
2 0.35215314062499997 0.2515041171875 0.3171272484375 0.24041704375 0.295526896875 0.3153446765625 0.3277713140625 0.3234124703125 0.35215314062499997 0.2515041171875
2 0.743859490625 0.890794153125 0.69904758125 0.8651816 0.683282590625 0.887630371875 0.7284771328125 0.9118035234375 0.743859490625 0.890794153125
2 0.6392073109374999 1 0.66149429375 0.9758723796875 0.5944122562499999 0.9434016125 0.5475866421875 0.9953656203125 0.5551138234375 1 0.6392073109374999 1
2 0.8718886906250001 0.8676237796875 0.896183134375 0.8217984875000001 0.8643455234375 0.8089610468749999 0.8433097093749999 0.845159734375 0.8718886906250001 0.8676237796875
2 0.99060818125 0.51164994375 0.9579269171875 0.4986331796875 0.9459826171874999 0.536158909375 0.9752882250000001 0.5466371109375 0.99060818125 0.51164994375
2 1 0.10484004218750001 0.9908638296875001 0.1040922953125 0.9751154906249999 0.17085508437500002 1 0.1773770578125 1 0.10484004218750001
2 0.317266765625 0.7922262828125 0.26561573125 0.769412325 0.24987671718749999 0.8040037203124999 0.2974776375 0.831119615625 0.317266765625 0.7922262828125
2 0.2260008875 0.8820913703125 0.240827053125 0.8494273015625 0.229877478125 0.84102975 0.21058213593750003 0.8775999828125001 0.2260008875 0.8820913703125
2 0.3943975546875 0.35517933749999997 0.3575906453125 0.3409805359375 0.3469318921875 0.3645146703125 0.38581661875 0.38127808281250003 0.3943975546875 0.35517933749999997