2 0.358709775 0.9051078421875 0.36106330781249996 0.8663925828125001 0.314384275 0.862756790625 0.31358528125 0.9040006203125 0.358709775 0.9051078421875
2 0.2658367734375 0.9439503421875 0.26944888125 0.9056577859375 0.217219121875 0.9052004374999999 0.21725624531249998 0.948116046875 0.2658367734375 0.9439503421875
2 0.1823745046875 0.4908723453125 0.1714637671875 0.41323842343750006 0.09855373437500001 0.42348526093750005 0.110825078125 0.5043897765625001 0.1823745046875 0.4908723453125
2 0.268243796875 0.3168704625 0.2633202859375 0.30316921875 0.192662203125 0.3208957484375 0.19597423593750002 0.3359295484375 0.268243796875 0.3168704625
2 0.0175447203125 0.3760936359375 0.070794471875 0.371009790625 0.0665866 0.3368141859375 0.01039875625 0.34231253281249996 0.0175447203125 0.3760936359375
2 0.059791882812499995 0.2586033734375 0.057001853125 0.2302075109375 0.016687478125 0.233473409375 0.024701284375 0.269163246875 0.059791882812499995 0.2586033734375
2 0.9191316281249999 0.6392230609375 0.9123272796874999 0.603595190625 0.8472274750000001 0.6139419640625 0.8601681578125 0.652702559375 0.9191316281249999 0.6392230609375
2 0.8292485703124999 0.5798845734375 0.824749409375 0.526540028125 0.7739357265625 0.5318810921875 0.7832516875 0.578969384375 0.8292485703124999 0.5798845734375
2 0.7535851140625 0.357215075 0.7159549281250001 0.362503653125 0.72497569375 0.3946927171875 0.7601431078124999 0.3910788140625 0.7535851140625 0.357215075
2 0.9901259625 0.4037383375 0.9842572078125 0.361979971875 0.9664400765625001 0.3614860796875 0.97371310625 0.40470383749999994 0.9901259625 0.4037383375
2 0.983761403125 0.35845214062499997 0.9748345359374999 0.29493418125000004 0.947012353125 0.30004350468749996 0.9626099625 0.3576978875 0.983761403125 0.35845214062499997
2 0.0889545015625 0.8116740421875001 0.143782284375 0.8135634390625001 0.14512535937499998 0.7761909375 0.087274865625 0.7741251921875001 0.0889545015625 0.8116740421875001
2 0.0716305453125 0.7481354671875 0.1249425328125 0.7520382296875 0.12032325625 0.714904096875 0.075563875 0.71639478125 0.0716305453125 0.7481354671875
2 0.2709621578125 0.7543070546874999 0.27330637343749997 0.7197917781250001 0.2365309109375 0.71836321875 0.23571055312500003 0.7530556390625 0.2709621578125 0.7543070546874999
2 0.1393799109375 0.6798372171875 0.17817539531249998 0.6785851187499999 0.175890484375 0.6495171046875 0.14121900625 0.6459940921875 0.1393799109375 0.6798372171875
2 0.305957490625 0.49989194687499994 0.2939690046875 0.49138229375 0.2827691609375 0.5055491937500001 0.2919267171875 0.513113953125 0.305957490625 0.49989194687499994
2 0.16060518125 0.57489790625 0.156389759375 0.5449036140625 0.11633415 0.5457332265625 0.12160881875 0.5811200796875 0.16060518125 0.57489790625
2 0.11143376875 0.2207588484375 0.1101409015625 0.1987495890625 0.075880828125 0.19816510625 0.0759549203125 0.2178905109375 0.11143376875 0.2207588484375
2 0.24049580937499998 0.1834273265625 0.23582951875 0.1672900140625 0.20172716093749998 0.1720827875 0.20612840625 0.190600465625 0.24049580937499998 0.1834273265625
2 0.22555026093750002 0.1453445390625 0.221637209375 0.1303005359375 0.1907228296875 0.13644560156250002 0.1929848453125 0.1546738109375 0.22555026093750002 0.1453445390625
2 0.8144019874999999 0.38465397343749996 0.8906728171875 0.37273405937500004 0.875353128125 0.3149128109375 0.8039511203125 0.32734604843750004 0.8144019874999999 0.38465397343749996
2 0.6310971796875 0.2706730046875 0.6730195171875 0.261783278125 0.65592483125 0.2084085859375 0.61829464375 0.2136971625 0.6310971796875 0.2706730046875