2 0.10635589062499999 0.5568391828125 0.10584246875 0.5085158875 0.0620646140625 0.5074286765625 0.0602426765625 0.55684904375 0.10635589062499999 0.5568391828125
2 0.12033815 0 0.1192215421875 0.036381989062499995 0.1326919046875 0.035139721875 0.1337476875 0 0.12033815 0
2 0.1492477890625 0 0.14860504218749998 0.0352325453125 0.1655088203125 0.0403249046875 0.16735666875 0 0.1492477890625 0
2 0.2033983984375 0.50522029375 0.21133809218750002 0.419196803125 0.197014528125 0.41636971875000006 0.188209278125 0.5025420406250001 0.2033983984375 0.50522029375
2 0.2512308515625 0.510639896875 0.2549774109375 0.4244799546875 0.23772475937499998 0.4262611234375 0.23284601249999998 0.5055878390624999 0.2512308515625 0.510639896875
2 0.16346920781250002 0.5096333937499999 0.1457362296875 0.5077139984375 0.14391546093750002 0.5453762484375 0.1596465171875 0.54633974375 0.16346920781250002 0.5096333937499999
2 0.16742148125 0.4428044171875 0.1495533171875 0.4450799640625 0.14807575312500001 0.47737654375 0.164545921875 0.4775675875 0.16742148125 0.4428044171875
2 0.1719245921875 0.37969002500000004 0.1570108921875 0.378869065625 0.1537467828125 0.41446808749999997 0.168209621875 0.41581245781250004 0.1719245921875 0.37969002500000004
2 0.8671428625000001 0.7000300968750001 0.8641889578124999 0.6518793875 0.8037177796874999 0.6535763343750001 0.8047059093750001 0.7022847859375 0.8671428625000001 0.7000300968750001
2 0.9228407140625 0.8931372203124999 0.9231860125000001 0.83652460625 0.8755381640625 0.8353579203124999 0.8734263859375 0.8898503265625 0.9228407140625 0.8931372203124999
2 0.9608916296875 0.462132703125 0.96381275625 0.41140046249999995 0.9134454671875 0.4052308578125 0.9078688984375001 0.458812459375 0.9608916296875 0.462132703125
2 1 0.3548727453125 0.9280834812500001 0.35807189687499996 0.9258088640625 0.3878162984375 1 0.3919440328125 1 0.3548727453125
2 0.8688364 0.35908032031250003 0.7961928546875 0.357726584375 0.7833732875 0.4850932890625 0.8591258921874999 0.48789959843749997 0.8688364 0.35908032031250003