2 0.1521261625 0.7103768203125 0.11557735312499999 0.6718195734375 0.078563625 0.7130138765625 0.116214103125 0.7493674046875001 0.1521261625 0.7103768203125
2 0.21421571562500002 0.7405916968749999 0.18824539375 0.7083247421875 0.16011438125 0.7349143671875 0.18225399375 0.76401725625 0.21421571562500002 0.7405916968749999
2 0.3311290796875 0.88035994375 0.3233997703125 0.8585930140625001 0.28313828124999996 0.8791955375 0.290318053125 0.895109446875 0.3311290796875 0.88035994375
2 0.4642785375 0.6848601125 0.4235963390625 0.64156780625 0.3758266015625 0.6945816109375 0.38890918750000003 0.70498941875 0.4007342609375 0.6970053093749999 0.41831266093749997 0.7215924109375 0.4642785375 0.6848601125
2 0.2281904671875 0.4934980875 0.20062592031249998 0.5171735078124999 0.225563378125 0.5474251078125 0.26272161875 0.5117026609375 0.2281904671875 0.4934980875
2 0.12355646093749999 0.41448758124999996 0.1040450375 0.401622 0.08066907031250001 0.42550673593750005 0.10064299531250001 0.440881671875 0.12355646093749999 0.41448758124999996
2 0.0925360078125 0.38759004375 0.07690741875 0.3733621875 0.0541455140625 0.4034149125 0.0682971625 0.4176581125 0.0925360078125 0.38759004375
2 0.31469236093749997 0.2656436625 0.29379220781250004 0.2461570765625 0.25453225625 0.2802612640625 0.2739724703125 0.304605403125 0.31469236093749997 0.2656436625
2 0.163609309375 0.36692809843749996 0.1463162984375 0.34269890468750003 0.12307029843749999 0.3690267625 0.14192584218749998 0.39325884375000003 0.163609309375 0.36692809843749996
2 0.5591266015625 0.0842146140625 0.53350164375 0.137602909375 0.5539591749999999 0.14188347343750002 0.5860881874999999 0.1009494046875 0.5591266015625 0.0842146140625
2 0.9791324843749999 0.2456974078125 0.9484548078125 0.2218924046875 0.9237009468749999 0.2573041328125 0.9518418234375 0.277290878125 0.9791324843749999 0.2456974078125
2 0.8809753593749999 0.49911157812500007 0.8563653375 0.5291074984375 0.8832287734375001 0.5494507984375 0.902739959375 0.5205791921875 0.8809753593749999 0.49911157812500007
2 0.7963500859375 0.44304356250000004 0.7838838375 0.4811446015625 0.812536328125 0.490343259375 0.8256420999999999 0.460228159375 0.7963500859375 0.44304356250000004
2 0.5875392796875001 0.8712252984375001 0.576243490625 0.844836690625 0.5356112015625001 0.861131503125 0.5533205062500001 0.88816509375 0.5875392796875001 0.8712252984375001
2 1 0.5065610484375 0.983356596875 0.4975382453125 0.9657435421875 0.5291982625 0.9856483984375 0.5354868265625 1 0.511987753125 1 0.5065610484375
2 0.5686494921875 0.8285398296875 0.553201090625 0.798620559375 0.5333699546874999 0.8104922171875 0.5404991703124999 0.8390968328125 0.5686494921875 0.8285398296875
2 0.5212413609375 0.9046119031250001 0.5153741921874999 0.8844182546875 0.484721540625 0.8959994203124999 0.49305061562499997 0.9091124171875 0.5212413609375 0.9046119031250001
2 0.7648403109374999 0.33469523749999996 0.7517654609375 0.3708665703125 0.7660948640624999 0.3748600578125 0.7784732812499999 0.3391598078125 0.7648403109374999 0.33469523749999996
2 0.7356341109375 0.3610758671875 0.747355571875 0.3282722328125 0.7333796546875 0.32555558906250004 0.7200488296875001 0.3568366703125 0.7356341109375 0.3610758671875
2 0.47289973124999996 0.1929644796875 0.45385128124999996 0.1750475546875 0.4273375890625 0.199532103125 0.44779590625 0.2186303734375 0.47289973124999996 0.1929644796875
2 0.5071264281250001 0.33389707031250004 0.49743925625 0.3238484234375 0.46848367812499997 0.348464775 0.4766833828125 0.3591315796875 0.5071264281250001 0.33389707031250004
2 0.4773190953125 0.324776365625 0.47947761250000004 0.31763515 0.47002573437499995 0.30944682968750004 0.4432854578125 0.3350970609375 0.454736178125 0.34458121249999996 0.4773190953125 0.324776365625
2 0.21984451562500001 0.310717728125 0.234679765625 0.33265459375 0.2623900609375 0.3144528625 0.248659128125 0.29182176718749997 0.21984451562500001 0.310717728125