2 0.8604201937499999 0.9002747281250001 0.8921630265625 0.918498334375 0.9240130015625001 0.8787219296875 0.8900468078125 0.857897771875 0.8604201937499999 0.9002747281250001
2 0.6459534390624999 0.187687921875 0.6823192859375 0.195342184375 0.6897682374999999 0.170692203125 0.6550318046875 0.161792815625 0.6459534390624999 0.187687921875
2 0.7071993109375 0.1828741015625 0.72865531875 0.1794482125 0.708960446875 0.12540731875 0.697945984375 0.132930675 0.7071993109375 0.1828741015625
2 0.07493063125 0.40303970468749994 0.14518588125 0.365788575 0.11968942812500001 0.3155196421875 0.050429740625 0.35482008593750003 0.07493063125 0.40303970468749994
2 0.0813353859375 0.8668065078125 0.1127553359375 0.8648150046874999 0.11115781250000001 0.8190678890624999 0.07483105 0.8155772984375 0.0813353859375 0.8668065078125
2 0.107667396875 0.80521095 0.1253974984375 0.80191360625 0.1141076421875 0.75055601875 0.0968320015625 0.748779721875 0.107667396875 0.80521095
2 0.019610346875 0.763968346875 0.009237440625 0.7732532 0.011208496875 0.8296969187500001 0.044827178125 0.7892615125 0.019610346875 0.763968346875
2 0.2938709609375 0.9013210859375 0.33790291093749997 0.9384491984375 0.36186661875000004 0.9108444984374999 0.31781545312500004 0.87312138125 0.2938709609375 0.9013210859375
2 0.6081701078124999 0.68601166875 0.6302110843750001 0.70873910625 0.6555482828125 0.6864397046875 0.62906011875 0.658811359375 0.6081701078124999 0.68601166875
2 0.6725188078125 0.51512276875 0.69204469375 0.5418044515625 0.7220413156250001 0.516962765625 0.6949821015625 0.48995003906249995 0.6725188078125 0.51512276875
2 0.7764339890625 0.330360190625 0.8018876046875001 0.35594214218750003 0.8183525078124999 0.33454668125000003 0.7955045453125 0.30917079062499997 0.7764339890625 0.330360190625
2 0.73612983125 0.5780379765625 0.75945265 0.602506115625 0.7773532609375 0.588197675 0.7561801859374999 0.5597896125 0.73612983125 0.5780379765625
2 0.7067073984375 0.8824439906249999 0.7338938578125 0.9073697562499999 0.7572449609375 0.879190771875 0.7320473453125 0.8544926125 0.7067073984375 0.8824439906249999
2 0.19396915312500002 0.8807169328125 0.21986733749999998 0.8557228734375 0.19460739375 0.8292398609375 0.1682925234375 0.85752390625 0.19396915312500002 0.8807169328125
2 0.8788784375 0.79166281875 0.8860590734375 0.77773029375 0.8663424828125 0.7570042046875 0.8531858578125 0.7711469796875 0.8788784375 0.79166281875
2 0.8623444078125001 0.8124665828125 0.87660486875 0.7959072500000001 0.8509175828125001 0.7741998765625 0.8372712296874999 0.791331875 0.8623444078125001 0.8124665828125
2 0.74782529375 0.7855327734374999 0.7560359484375 0.7935745609375 0.7762141859375 0.759557440625 0.759531934375 0.7577604234375 0.74782529375 0.7855327734374999
2 0.779977015625 0.89059188125 0.7946838046875 0.8975140875 0.80768696875 0.8619636265624999 0.793231440625 0.8559238140625001 0.779977015625 0.89059188125
2 0.089840959375 0.60060688125 0.112957775 0.5816573218750001 0.09248175 0.5561970406250001 0.0722936515625 0.572963371875 0.089840959375 0.60060688125