2 0.5884281625 0.2491683609375 0.603929515625 0.21049140312499998 0.5462017765625 0.19337281875 0.5350958296874999 0.23303064999999998 0.5884281625 0.2491683609375
2 0.7580235453124999 0.2539698078125 0.6975127359375 0.24260391406249998 0.6842444515625 0.279137671875 0.7487772374999999 0.29256884375 0.7580235453124999 0.2539698078125
2 0.706208465625 0.7353514296875 0.7051859984375 0.6861352187499999 0.6460100484375 0.689727 0.6533612421874999 0.7378116109375 0.706208465625 0.7353514296875
2 0.277078275 0.46280290625 0.17824755625 0.4078703234375 0.1266404640625 0.4904810046875 0.22287851406249998 0.544187559375 0.277078275 0.46280290625
2 0.973793353125 0.1786261765625 0.9622266671874999 0.1766775796875 0.9557220109375001 0.21011622968750002 0.9767103703125001 0.211967840625 0.973793353125 0.1786261765625
2 0.7926570734375 0.056598684375 0.8117541156250001 0.021827375 0.769108253125 0.0188452859375 0.75824904375 0.046462875 0.7926570734375 0.056598684375
2 0.6979610015625 0.49580196093750006 0.7080857359375 0.45740844999999997 0.6570518953125 0.44670368437499997 0.64564335625 0.48217708750000005 0.6979610015625 0.49580196093750006
2 0.89442275 0.6611263484375 0.8970986812499999 0.6484164265625 0.86129750625 0.6411576296875 0.8613251703125 0.6578079328124999 0.89442275 0.6611263484375
2 0.8931204312500001 0.6201904734375 0.8576648312499999 0.6165239078125 0.8518490671875 0.6315767625 0.8944964890625 0.6345589625 0.8931204312500001 0.6201904734375
2 0.7991524484375 0.9255387859375 0.7773218984375 0.8547012203125 0.7497034953124999 0.8581220515625001 0.761322753125 0.93028805 0.7991524484375 0.9255387859375
2 0.8646344734375001 0.8828588640625 0.862863471875 0.8571148015625001 0.8462774124999999 0.85595499375 0.8416608125 0.8794166703125 0.8646344734375001 0.8828588640625
2 0.8475704734375 0.8459974984375 0.8496849671875 0.8157588375 0.833057596875 0.815189771875 0.8256035140625 0.836670565625 0.8475704734375 0.8459974984375
2 0.8725021578125001 0.9235348984374999 0.874994515625 0.9049384546875 0.8554469359375 0.90357155625 0.8529398203125 0.922423840625 0.8725021578125001 0.9235348984374999
2 0.9182251421875 0.9463502609375001 0.919029540625 0.93061335 0.886108825 0.92474324375 0.87779959375 0.9414073390625 0.9182251421875 0.9463502609375001