2 0.6753643078125 0.22075256250000003 0.664694940625 0.274169678125 0.722570871875 0.2796045125 0.7257599421875 0.23399868906250001 0.6753643078125 0.22075256250000003
2 0.9289638953124999 0.8787252515624999 0.91604375 0.9444841734375 0.9519326749999999 0.9469937734375 0.9603247703125 0.8864739390624999 0.9289638953124999 0.8787252515624999
2 0.624685025 0.8463381249999999 0.6106738015625 0.9078543515625 0.7215140140625 0.9294935734375 0.72791886875 0.8577233390625001 0.624685025 0.8463381249999999
2 0.5664080078125 1 0.566101190625 0.9700121625 0.5102813421875 0.9549974156250001 0.5029891531249999 1 0.5664080078125 1
2 0.3279906140625 0.24923569531249998 0.3102804375 0.343826025 0.363823228125 0.351734934375 0.38233445 0.265534984375 0.3279906140625 0.24923569531249998
2 0.358341034375 0.44995740624999997 0.331355115625 0.5383433921874999 0.35847796875000004 0.5471834828125 0.378853475 0.45416885156250003 0.358341034375 0.44995740624999997
2 0.319955090625 0.42366412656249997 0.2959493609375 0.5289241062500001 0.3147908765625 0.5371851078125001 0.3405642109375 0.4264930140625 0.319955090625 0.42366412656249997
2 0.281402396875 0.41957893906250004 0.2654302109375 0.48929240625 0.2804202 0.49311768593750005 0.3019148375 0.423790384375 0.281402396875 0.41957893906250004
2 0.162235175 0.576514165625 0.15018636406250002 0.62983481875 0.1652729234375 0.63227909375 0.18146474375 0.5792481484375 0.162235175 0.576514165625
2 0.1950737296875 0.5829768578125 0.17878523125 0.6373903656250001 0.1952527921875 0.6399312125 0.21006361093749998 0.5868036953125 0.1950737296875 0.5829768578125
2 0.3537704296875 0.63435025 0.3268375015625 0.7616252890624999 0.35267759062500004 0.7689863578125 0.378229515625 0.64161475 0.3537704296875 0.63435025
2 0.8246023812500001 0.95922113125 0.8457453375 0.8779668078125 0.8285319140625 0.8690239656250001 0.8108691718750001 0.9600464109375 0.8246023812500001 0.95922113125
2 0.8617687515625001 0.9124169015625 0.8690828671874999 0.884358759375 0.8601536843750001 0.8759983390625001 0.8489990484375 0.9079527593750001 0.8617687515625001 0.9124169015625
2 0.282517596875 0.7606093375 0.3024715453125 0.7643854546875 0.3115347515625 0.731092821875 0.293162875 0.7274273359375 0.282517596875 0.7606093375