2 0.9961558453125001 0.5864437921875 0.9660523453125001 0.5796572671875 0.9462761484375 0.6360717671875 0.9926674249999999 0.6530068390625 0.9961558453125001 0.5864437921875
2 0.7279700828125 0.445827728125 0.8006790859375 0.45431571875000004 0.809265025 0.41238044374999994 0.7365767437499999 0.4032990640625 0.7279700828125 0.445827728125
2 0.4829337765625 0.7150697874999999 0.53098093125 0.7283468828124999 0.5529129140625 0.6657601109375 0.5017306859375 0.6526721546875 0.4829337765625 0.7150697874999999
2 0.4830369109375 0.474156315625 0.5128385062499999 0.48322690156250003 0.5297199125 0.44604340468750003 0.4957319453125 0.43355432031249996 0.4830369109375 0.474156315625
2 0.40424106562500006 0.5380281015625 0.43579845156249997 0.5483513531249999 0.4538339140625 0.49455113125 0.42458993125 0.48222771406250003 0.40424106562500006 0.5380281015625
2 0.5259297859375 0.26566843906250004 0.5592983265625 0.27427103750000004 0.567871875 0.23739153281249997 0.5390713796875 0.22924707500000002 0.5259297859375 0.26566843906250004
2 0.2821212921875 0.652734496875 0.31447085 0.6583262609375 0.3240203203125 0.625645875 0.2930169484375 0.612665340625 0.2821212921875 0.652734496875
2 0.1608971734375 0.5378588578125 0.19685045625 0.5450633093749999 0.21637772187499998 0.495777278125 0.18484323281249998 0.480992734375 0.1608971734375 0.5378588578125
2 0.23209577343749999 0.5385597046874999 0.287637753125 0.5601299828124999 0.30107896562500003 0.51777014375 0.24761091875000002 0.5022212265625 0.23209577343749999 0.5385597046874999
2 0.37413969375 0.7541013921874999 0.39384658125 0.755680740625 0.3866703546875 0.7182512421875 0.3746683046875 0.7219955953125 0.37413969375 0.7541013921874999
2 0.4097947640625 0.6679010390625 0.4198237921875 0.674497253125 0.45238833749999996 0.603954828125 0.43703813125 0.601633325 0.4097947640625 0.6679010390625
2 0.1530208875 0.8653506671875 0.20770194062499997 0.886592259375 0.2226597421875 0.8427985390625 0.1681501875 0.8230482125 0.1530208875 0.8653506671875
2 0.22323130937500002 0.7244416984375001 0.2090066578125 0.7578515546875 0.2582426765625 0.7756322609375 0.2748186 0.742898625 0.22323130937500002 0.7244416984375001
2 0.1002721140625 0.4042788875 0.115007603125 0.4059816859375 0.13179992499999998 0.35124688593750003 0.119434203125 0.3484370546875 0.1002721140625 0.4042788875
2 0.07877430937499999 0.391036184375 0.0920491421875 0.40071942812500005 0.1140585109375 0.34943755468750004 0.0983000109375 0.3417500953125 0.07877430937499999 0.391036184375
2 0.1452480125 0.1191279421875 0.17888312343749999 0.1316031390625 0.201392525 0.058032953124999995 0.1714913171875 0.04747204375 0.1452480125 0.1191279421875
2 0.10978022812499999 0.0810075375 0.14520946562499998 0.10187546249999999 0.164785140625 0.052591121875 0.13527662812500002 0.030740165625 0.10978022812499999 0.0810075375
2 0.1791016078125 0 0.1663023375 0.043125803125 0.1842266578125 0.0550539328125 0.20121306093750002 0.01222221875 0.18303885312499998 0 0.1791016078125 0
2 0.156657603125 0 0.138325003125 0.028467040625000002 0.15961565 0.046164606250000004 0.1765749609375 0 0.156657603125 0
2 0.4193177890625 0.038279524999999995 0.47447008124999995 0.052697471875 0.48126956249999997 0.014864849999999999 0.42530508593749994 0.0027965515625 0.4193177890625 0.038279524999999995
2 0.0233447296875 0.8054995109374999 0.035064009374999996 0.8091810625000001 0.046889796875 0.7771742796875001 0.032110642187499996 0.7754683921875001 0.0233447296875 0.8054995109374999