2 0.528764521875 0.23933485000000002 0.4967794125 0.2610588796875 0.515711475 0.29102209375 0.5492494812500001 0.2732106234375 0.528764521875 0.23933485000000002
2 0.15219415625 0.5242768718749999 0.13408112656249999 0.4902940625 0.0949644484375 0.5116143640625 0.1156759265625 0.5415465203125 0.15219415625 0.5242768718749999
2 0.682466878125 0.87978429375 0.67619408125 0.8436163859375 0.6435842546874999 0.8465609546874999 0.6567352109375 0.8855358140625 0.682466878125 0.87978429375
2 0.870881465625 0.7362663359375 0.86132886875 0.716325328125 0.801526946875 0.743416890625 0.8112846421875 0.75809726875 0.870881465625 0.7362663359375
2 0.0810287125 0.8700434156249999 0.0780575796875 0.85292235 0.0077767375 0.8784481203125001 0.016672221875 0.8913620265625 0.0810287125 0.8700434156249999
2 0.1990244015625 0.7236399359375 0.18221328750000002 0.6961119499999999 0.15191799374999998 0.7125822453125 0.1648305359375 0.7378982484375001 0.1990244015625 0.7236399359375
2 0.002782990625 0.4427410046875 0.0236851 0.47662334375000004 0.0366315984375 0.469863553125 0.050619034375000004 0.4886285484375 0.0576169859375 0.48137718749999997 0.06259328125 0.477289715625 0.0358853171875 0.427109128125 0.00285555625 0.44170326718749997 0.002782990625 0.4427410046875
2 0.19822642031249998 0.303691465625 0.1840597921875 0.29167125 0.1250463984375 0.3299163765625 0.135378590625 0.3433990453125 0.19822642031249998 0.303691465625
2 0.20989983125 0.3260598921875 0.20049429531250001 0.31454416093750004 0.142085059375 0.3533803953125 0.15413290468750002 0.36326851250000003 0.20989983125 0.3260598921875
2 0.4437681953125 0.8643056171874999 0.4291782984375 0.8449572984374999 0.3950984453125 0.8657474265625 0.40606264843749995 0.881595990625 0.4437681953125 0.8643056171874999
2 0.27593248125000003 0.8090216453125001 0.27448605000000004 0.79419775625 0.204610409375 0.8055142921874999 0.2101502828125 0.816703684375 0.27593248125000003 0.8090216453125001