2 0 0.9256624171875 0.01723885 0.9351008359374999 0.0460114078125 0.8852665046875 0 0.8607787312499999 0 0.9256624171875
2 0.021333523437499998 0.959074553125 0.0069509375 0.9725762671875 0.0555182328125 0.9761448484375 0.0520761625 0.973753615625 0.021333523437499998 0.959074553125
2 0.5344350671875 0.7380581296875001 0.5091185 0.8070355062499999 0.54585256875 0.8208410015625001 0.5673970703125 0.7500966015625 0.5344350671875 0.7380581296875001
2 0.4616060609375 0.7493041546875 0.47329396562500003 0.713477690625 0.38229233906250004 0.68574890625 0.36750920625 0.71823849375 0.4616060609375 0.7493041546875
2 0.5369196765625001 0.5885441984375 0.5266677125 0.619661234375 0.5682694875000001 0.6313451406249999 0.5773747015625 0.605091940625 0.5369196765625001 0.5885441984375
2 0.363253409375 0.4477497546875 0.37153473593749997 0.40885486093749995 0.337620640625 0.40363841093749997 0.3284859671875 0.4417688453125 0.363253409375 0.4477497546875
2 0.756302996875 0.36755891875 0.7381677062499999 0.42997658281250006 0.81971658125 0.45088254687499996 0.830119428125 0.37717910625 0.756302996875 0.36755891875
2 0.9534200625 0.3671997375 0.939264715625 0.42744772031249995 0.9769332125 0.4347682328125 0.9962052984374999 0.38469416875 0.9534200625 0.3671997375
2 0.7656914 0.1997624984375 0.7547326140624999 0.27840141875 0.8033815531249999 0.2860846 0.8222096421874999 0.210447578125 0.7656914 0.1997624984375
2 0.63545045625 0.030184125 0.629905953125 0.0679097125 0.6825220734374999 0.0736369015625 0.6897816765625 0.037190328125 0.63545045625 0.030184125
2 0.277183140625 0.1500481328125 0.262850328125 0.185290059375 0.32517845312500004 0.20994053125 0.3389293625 0.17442715312499998 0.277183140625 0.1500481328125
2 0.21800121562500002 0.280948934375 0.21571849531249998 0.3018158765625 0.2478405 0.30152004374999997 0.252798171875 0.286336825 0.21800121562500002 0.280948934375
2 0.21632855625 0.3071926734375 0.20350686875 0.34196303906250003 0.2222324796875 0.34769623125 0.23351998125 0.313837446875 0.21632855625 0.3071926734375
2 0.939325546875 0.67020390625 0.92950893125 0.7043290984375 0.9743873656250001 0.7102453375 0.9797766593749999 0.6754813109375 0.939325546875 0.67020390625
2 0.7024949625 0.7589589109375 0.736056934375 0.7708942671875 0.7509170796875 0.71991775 0.7151826 0.7097289015625 0.7024949625 0.7589589109375
2 0.17526131250000002 0.6766810000000001 0.2106339109375 0.688132328125 0.22646656406250001 0.6526341703125 0.1789043515625 0.64123245625 0.17526131250000002 0.6766810000000001
2 0.2336555125 0.65727301875 0.22029813125 0.690920059375 0.24070932812499998 0.6985252843749999 0.256147465625 0.664882459375 0.2336555125 0.65727301875
2 0.3850811140625 0.7970380031250001 0.3781137484375 0.8108610531249999 0.43017101875 0.8272517328125 0.43444269531249996 0.8138131281250001 0.3850811140625 0.7970380031250001
2 0.09640191406250001 0.31515992812500004 0.0804694546875 0.38659742812500003 0.13471065468750001 0.39538104375 0.15931133749999998 0.3230162453125 0.09640191406250001 0.31515992812500004