2 0.86583070625 0.8035490968750001 0.9699074046874999 0.8090330984375 0.9667291453125 0.755434840625 0.8694134640625 0.752036503125 0.86583070625 0.8035490968750001
2 0.47509680468750004 0.7810005062500001 0.48922777812499996 0.7506314203125 0.3979341875 0.727856446875 0.391560209375 0.7573097515625 0.47509680468750004 0.7810005062500001
2 0.4934613453125 0.72297013125 0.5066708953125 0.6764543656249999 0.41519253593750005 0.6590152546875 0.40717478281249997 0.7014691125 0.4934613453125 0.72297013125
2 0.5171535203125 0.963224584375 0.4705629953125 0.961871209375 0.4692450609375 0.9825987796875 0.5179856796875 0.9819275171875 0.5171535203125 0.963224584375
2 0.40277178593749996 0.9636595453125001 0.44848340625 0.9646617187500001 0.44958740625000004 0.96707359375 0.4484489546875 0.9486351281250001 0.4035584421875 0.9411326515624999 0.40277178593749996 0.9636595453125001
2 0.36452531875 0.9955738921874999 0.3679826578125 0.9731277531250001 0.3086024390625 0.9722408093749999 0.3038261109375 0.9898801765625 0.36452531875 0.9955738921874999
2 0.2972395359375 0.9573242265624999 0.302191034375 0.9346238281250001 0.24312131250000002 0.9248454296874999 0.234109996875 0.944711790625 0.2972395359375 0.9573242265624999
2 0.28986032968750003 0.9899991 0.29247589375 0.9746450921875001 0.23332334062500001 0.9672386859375001 0.2261336328125 0.9859804343749999 0.28986032968750003 0.9899991
2 0.061597465625 0.98499541875 0.10847670312499999 0.986632478125 0.1135953453125 0.976114084375 0.11005724374999999 0.9753979812500001 0.06651755468750001 0.9631944703125 0.061597465625 0.98499541875
2 0.0016565046875 0.59926451875 0.0245807703125 0.5988980421875 0.025340596875 0.5771394296875 0.0012463812499999998 0.5757686093750001 0.0016565046875 0.59926451875
2 0.161675896875 0.628606940625 0.1643449765625 0.6116757125000001 0.0872044984375 0.6089819078125001 0.0861556703125 0.6220032359375 0.161675896875 0.628606940625
2 0.1647909125 0.590443965625 0.16505735625 0.5743074984375001 0.101094078125 0.5685123062499999 0.0993483625 0.584476734375 0.1647909125 0.590443965625
2 0.146264590625 0.5595348296875 0.1472282484375 0.5404458953125 0.1039093390625 0.538933165625 0.1050079078125 0.558558459375 0.146264590625 0.5595348296875
2 0.2920625421875 0.620699428125 0.2964115203125 0.6067911687499999 0.2639392671875 0.6009074437499999 0.2623177171875 0.6133162234375 0.2920625421875 0.620699428125