2 0 0.501323746875 0.019980246875 0.500080053125 0.0108504125 0.45218298749999997 0 0.4537079140625 0 0.501323746875
2 0.176215878125 0.099350446875 0.170658390625 0.0704725484375 0.130263146875 0.0731518046875 0.13297209062499998 0.1009594765625 0.17487402968750002 0.1004683875 0.176215878125 0.099350446875
2 0.8179518734375 0.0451354390625 0.815302765625 0.1052232703125 0.8796318109374999 0.10217984375 0.879174915625 0.04346735625 0.819301525 0.044084251562499996 0.8179518734375 0.0451354390625
2 0.9087362953125 0.0575590984375 0.906661303125 0.068392371875 0.9442760375000001 0.0774991640625 0.9413831953124999 0.05691551406249999 0.9087362953125 0.0575590984375
2 0.8982721031249999 0.10255804531249998 0.8994012484375 0.12339114531249999 0.9481200453125 0.1159430015625 0.9470864640625001 0.097496390625 0.8982721031249999 0.10255804531249998
2 0.624229796875 0.1578037625 0.6259554921875 0.1402300640625 0.550080628125 0.12510353125 0.555327121875 0.1453579765625 0.624229796875 0.1578037625
2 0.5335248781249999 0.165155240625 0.5282147765625 0.1785559265625 0.6330639765625 0.190809553125 0.6425012359375 0.17688879062500001 0.5335248781249999 0.165155240625
2 0.5219559625 0.19802741875000002 0.5207520718749999 0.2107926359375 0.6268534078125 0.22766696562500002 0.6278922484375 0.21372735468749998 0.5219559625 0.19802741875000002
2 0.6978335671875 0.8031104906250001 0.693769065625 0.9085775578125 0.7460874640624999 0.90542178125 0.7544630859375 0.80288795625 0.6978335671875 0.8031104906250001
2 0.540052228125 0.896336046875 0.54428539375 0.9157909265624999 0.590909959375 0.9062403453125001 0.5880902140625001 0.8904431031250001 0.540052228125 0.896336046875
2 0.54714581875 0.9340107703125 0.549318059375 0.9558664640625001 0.5935905203125 0.946644871875 0.5936282171875 0.9298480343750001 0.54714581875 0.9340107703125
2 0.6164059265625 0.9404672734374999 0.6180827953125 0.95879823125 0.6506691390625 0.956017275 0.6511213375 0.9421585296874999 0.6164059265625 0.9404672734374999
2 0.66301296875 0.9393133468749999 0.658147503125 0.953767090625 0.7067758984375 0.949930740625 0.7061319109374999 0.9368272171875001 0.66301296875 0.9393133468749999
2 0.7621640625 0.9280767015625001 0.761861334375 0.9493871640625 0.8232489718749999 0.946757121875 0.8246369828125 0.9267694296875 0.7621640625 0.9280767015625001
2 0.943418253125 0.925087528125 0.9388859578125001 0.9419006765625 0.9853472703125 0.9354435484374999 0.9826639421875001 0.929149490625 0.943418253125 0.925087528125
2 0.5407482828125 0.9780815921875 0.5426015109375 0.9976674046875 0.5931670734375001 0.9905608796875001 0.5858907734375001 0.972917465625 0.5407482828125 0.9780815921875
2 0.1013403546875 0.3473108015625 0.1004019625 0.35983200625 0.155577584375 0.3556750875 0.148634271875 0.3446560484375 0.1013403546875 0.3473108015625