2 0.4980213296875 0.2740412375 0.4453452890625 0.26202497187499996 0.42822829218749997 0.30517042656250004 0.484525390625 0.32249910000000004 0.4980213296875 0.2740412375
2 0.4095385546875 0.07679319375 0.3912602703125 0.151105434375 0.42808395312499997 0.160227596875 0.45127411562499997 0.092210825 0.4095385546875 0.07679319375
2 0.241714784375 0.2829025328125 0.2364877328125 0.3236058140625 0.289341790625 0.34158809375 0.3006623171875 0.3072613421875 0.241714784375 0.2829025328125
2 0.0810403140625 0.19964789375 0.06255493906250001 0.27692165625 0.09075036875 0.281869271875 0.1105140796875 0.2118273 0.0810403140625 0.19964789375
2 0.3630564421875 0.7330290109375001 0.345126353125 0.7258232171875 0.33129675625 0.8242545375000001 0.34915160312500004 0.8213366703125 0.3630564421875 0.7330290109375001
2 0.29716633593749997 0.6718775375 0.2887644609375 0.7070020125 0.345499115625 0.720492484375 0.35195996875 0.6876130796875 0.29716633593749997 0.6718775375
2 0.3790680859375 0.6401055062500001 0.37304309375 0.6837305546875 0.42830633125000006 0.7012845343749999 0.43305143125 0.6504275890625 0.3790680859375 0.6401055062500001
2 0.967627034375 0.7098311500000001 0.933169340625 0.7008760015625 0.9273604515624999 0.7418361953125 0.9576262640625 0.7507973875 0.967627034375 0.7098311500000001
2 0.87511538125 0.6212245234375 0.8658851453124999 0.6681950718749999 0.8939672156249999 0.683253159375 0.9064472265625 0.6323450234375 0.87511538125 0.6212245234375
2 0.5663242281249999 0.3686926234375 0.5096722984375 0.3540191015625 0.5043991671875 0.3890647640625 0.5536565375 0.405305971875 0.5663242281249999 0.3686926234375
2 0.8493459624999999 0.777152084375 0.813663909375 0.7687049515625 0.8000604515624999 0.8025728984375 0.8351624328125 0.8184194671875 0.8493459624999999 0.777152084375
2 0.7947654640625 0.91142338125 0.737894103125 0.891376153125 0.73015265 0.93517720625 0.7847648015625001 0.9523880578125 0.7947654640625 0.91142338125
2 0.895423653125 0.9345324843749999 0.85512120625 0.915643865625 0.84529575625 0.971798390625 0.8806188546874999 0.984684421875 0.895423653125 0.9345324843749999
2 0.2807437421875 0.149924565625 0.2762817359375 0.162708515625 0.296122325 0.1765951015625 0.302057196875 0.1597493109375 0.2807437421875 0.149924565625
2 0.31030596250000003 0.1353261609375 0.2854831140625 0.1246623796875 0.2812820671875 0.1422261765625 0.30571970312499996 0.1498870203125 0.31030596250000003 0.1353261609375