2 0.0857574109375 0.8141086937500001 0.0853423703125 0.8515989828125001 0.12026530937499999 0.8542874421875 0.1227975703125 0.817518584375 0.0857574109375 0.8141086937500001
2 0.8881186187500001 0.9671291875 0.8797313609374999 0.9318854671875 0.817563915625 0.94822708125 0.8261862296875 0.982283434375 0.8881186187500001 0.9671291875
2 0.974753196875 0.0562217171875 0.974561740625 0.0015161406250000001 0.9410608421875001 0.003271846875 0.9522837671875 0.0585884203125 0.974753196875 0.0562217171875
2 0.735724375 0.1240588625 0.7398988484375 0.1583326703125 0.7796567359375 0.156845178125 0.7722183328125001 0.1226892265625 0.735724375 0.1240588625
2 0.33971375312499996 0.0895027234375 0.3397703890625 0.12458846875 0.37253733906250003 0.1258456140625 0.37269916406250003 0.08922602187499999 0.33971375312499996 0.0895027234375
2 0.19606364375000002 0.8541218 0.1840270234375 0.8172840750000001 0.1388667234375 0.8291669921875 0.1520952 0.8659970171875001 0.19606364375000002 0.8541218
2 0.436325625 0.8665097484375 0.4374980671875 0.92294604375 0.49852599062499997 0.9245386468750001 0.5043554859375 0.8712699265625 0.436325625 0.8665097484375
2 0.9416970640625 0.0948265234375 0.8952615875 0.0936927140625 0.8966899828124999 0.1152756609375 0.9407575109374999 0.11093370625000001 0.9416970640625 0.0948265234375
2 0.940397040625 0.036015525 0.8996088171875 0.040532968749999995 0.9005407578125 0.0526429796875 0.9419240984374999 0.05377869843750001 0.940397040625 0.036015525
2 0.5925119859375 0.13691695312500002 0.5987465796875 0.17643544375 0.6331680421875 0.17522762187500002 0.6283212625 0.13379794218750002 0.5925119859375 0.13691695312500002
2 0.265362609375 0.1683348125 0.2315986734375 0.1593990078125 0.22390753281250003 0.2111803078125 0.258955178125 0.2162483140625 0.265362609375 0.1683348125
2 0.7324702734375 0.9128398531249999 0.798534878125 0.9141356375 0.78940166875 0.8646583265625001 0.7265527140625 0.8679959109375 0.7324702734375 0.9128398531249999