2 0.6524277765625001 0.2505135703125 0.614062459375 0.2582417265625 0.6427215296875 0.32942285312499997 0.6732727421875 0.30956865625 0.6524277765625001 0.2505135703125
2 0.8401496875 0.20309570312499997 0.788406134375 0.2211981984375 0.8104313421875 0.2680264421875 0.854234259375 0.24731431874999998 0.8401496875 0.20309570312499997
2 0.9388921703124999 0.198671634375 0.9275441421874999 0.1531571828125 0.8855450125000001 0.1715837921875 0.9033750625 0.2160924078125 0.9388921703124999 0.198671634375
2 0.971821446875 0.7999421875 0.9323791781249999 0.762047565625 0.9219999171875 0.7744262375 0.9587026062499999 0.81361745 0.971821446875 0.7999421875
2 0.95198351875 0.7424718015625 0.94272936875 0.7554878390625 0.9816218765625001 0.7926048640625 0.991855571875 0.78209665625 0.95198351875 0.7424718015625
2 1 0.8395146046875 0.9883668468750001 0.8270268359375 0.9664514843750001 0.8569680234374999 0.9915775859375 0.8914577109374999 1 0.8893577671875 1 0.8395146046875
2 0.973184415625 0.89604364375 0.9474332765625 0.8641558921874999 0.9193293671875 0.886462765625 0.9385600203125 0.9046764749999999 0.973184415625 0.89604364375
2 0.1872669328125 1 0.18149767187500002 0.9468156453125 0.0970726953125 0.9507295953125 0.10935718750000001 1 0.1872669328125 1
2 0.0965246453125 0.7213920625 0.057965728125000004 0.7374311125 0.073571715625 0.7938165046875 0.1077243859375 0.7736746812499999 0.0965246453125 0.7213920625
2 0.1754906265625 0.885895221875 0.1393043359375 0.8906339890625 0.1442046171875 0.92490396875 0.17848740000000002 0.9249248984375 0.1754906265625 0.885895221875
2 0.23812598281250003 0.9186206953125 0.238007434375 0.8837720328125 0.19565293749999998 0.8906590234375 0.20210635937500002 0.931274565625 0.23812598281250003 0.9186206953125
2 0.1739128234375 0.253551428125 0.1597936734375 0.25860315312500004 0.1682694828125 0.2898399109375 0.1796572671875 0.2814932765625 0.1739128234375 0.253551428125
2 0.1894759 0.2447773109375 0.18053606718749998 0.24975993281250003 0.192453715625 0.3131825921875 0.20700476406249999 0.30771882968750003 0.1894759 0.2447773109375
2 0.22831926875000003 0.31464306249999996 0.20734302031250001 0.23787483125 0.19726033125 0.23671716874999998 0.215782325 0.32082850625 0.22831926875000003 0.31464306249999996
2 0.22866526718750002 0.232558596875 0.21618480624999997 0.238118034375 0.23321852031249998 0.3121976875 0.248632934375 0.31019022343749997 0.22866526718750002 0.232558596875
2 0.266643725 0.301416140625 0.25257770156250003 0.23026812031250002 0.2367308171875 0.2329953375 0.2529607171875 0.30054420937500004 0.266643725 0.301416140625
2 0.1166478375 0.1613539203125 0.1438886203125 0.1322267015625 0.111646659375 0.104467803125 0.0862792640625 0.1279265578125 0.1166478375 0.1613539203125