2 0.913098525 0.49264163749999995 0.9238105875 0.48673959062499994 0.90441430625 0.4096729984375 0.8936354718749999 0.415283553125 0.913098525 0.49264163749999995
2 0.8802796374999999 0.50385230625 0.8924193953125 0.500188284375 0.8772092875 0.42357724062499996 0.8688878671875001 0.42385326562500003 0.8802796374999999 0.50385230625
2 1 0.8553505234375001 0.9894568937500001 0.8559643953125 0.9926841453125 0.898015228125 1 0.8978579359375001 1 0.8553505234375001
2 0.7413884203125 0.697558096875 0.690072121875 0.5668294015625001 0.6174181437499999 0.6019301578125 0.669137259375 0.7194804921875 0.7413884203125 0.697558096875
2 0.5795451734375 0.46859447187500003 0.6196300046875 0.45841118124999997 0.5980955734375 0.38007519843750004 0.5579397953125 0.38787943281250004 0.5795451734375 0.46859447187500003
2 0.7143703203125 0.24188289531249998 0.6978561875 0.18690164843749998 0.65118989375 0.19120945312499998 0.6650966640625 0.2554200515625 0.7143703203125 0.24188289531249998
2 0.689743621875 0.34238263281250003 0.7226547140624999 0.337729496875 0.7090047625 0.2609544734375 0.67301183125 0.26831960781249997 0.689743621875 0.34238263281250003
2 0.22972929999999997 0.88566525625 0.27720304375000004 0.8663486453125 0.2638709515625 0.8423749578124999 0.21662728437499998 0.8631630843749999 0.22972929999999997 0.88566525625
2 0.3751988625 1 0.4008942359375 0.9876777984375 0.35975685468749996 0.9311038437500001 0.2896481796875 0.9563847515624999 0.3221923890625 1 0.3751988625 1
2 0.1224919609375 0.8073832765625 0.1053551765625 0.769184046875 0.072350096875 0.7786232265625 0.09172140625 0.8267369453125 0.1224919609375 0.8073832765625
2 0.0224405484375 0.49670048125 0.0526808859375 0.48934295 0.0447245265625 0.45077426875000004 0.0108616703125 0.460303603125 0.0224405484375 0.49670048125
2 0.0243223546875 0.1287348984375 0.0618922546875 0.1229950828125 0.053208796875 0.054951878125 0.01827225625 0.054146201562499996 0.0243223546875 0.1287348984375
2 0.6668014999999999 0.850475059375 0.716976040625 0.8284833562499999 0.7049390296875 0.792436284375 0.6511862359375 0.8097262609375001 0.6668014999999999 0.850475059375
2 0.74836245625 0.9057838546875001 0.7329954453124999 0.8673970453125 0.7212280718749999 0.8746040515625 0.7325586937499999 0.9086389390624999 0.74836245625 0.9057838546875001
2 0.6259676921875 0.3938638671875 0.666391659375 0.38125684843749996 0.6582512828125 0.3567374921875 0.620161825 0.36701114218750003 0.6259676921875 0.3938638671875