2 0.37393072968749996 0.621747196875 0.42627447968750004 0.6201082765625 0.4136213984375 0.5481785421875001 0.3656369296875 0.5486297875 0.37393072968749996 0.621747196875
2 0.5292544109375 0.638478465625 0.5658274546875 0.6415215015625 0.555370671875 0.5369216765625 0.5168766312499999 0.542304225 0.5292544109375 0.638478465625
2 0.5927396125 0.557462959375 0.6254715265625 0.5623629234374999 0.62824604375 0.525578578125 0.5923311796874999 0.521130659375 0.5927396125 0.557462959375
2 0.58958005625 0.4904649640625 0.625989346875 0.4904854828125 0.6227425890625 0.46244826562499997 0.58952611875 0.46437543124999997 0.58958005625 0.4904649640625
2 0.476766053125 0.2641540359375 0.5173034375000001 0.27075057187499996 0.5163433796875 0.21365505625 0.4796672875 0.20610222656250002 0.476766053125 0.2641540359375
2 0.4257442671875 0.7102728984375 0.4790630546875 0.70907238125 0.4796509515625 0.67078155625 0.42605039062500005 0.67284185 0.4257442671875 0.7102728984375
2 0.4724807125 0.9210015890625 0.5167566546875 0.918230390625 0.5138198187499999 0.879444196875 0.46979232031249996 0.8858478218749999 0.4724807125 0.9210015890625
2 0.3140280640625 0.8276801078125 0.3634382234375 0.8157373203124999 0.35721966250000003 0.7704940609375 0.30405777500000003 0.78220936875 0.3140280640625 0.8276801078125
2 0.233541228125 0.780394890625 0.290867809375 0.7737602015625 0.2822258078125 0.73297303125 0.22686133125 0.7347854234375 0.233541228125 0.780394890625
2 0.1864212515625 0.8664085109374999 0.24104492031250002 0.8554966500000001 0.2268964421875 0.7899521875 0.17516617031249998 0.8042686140624999 0.1864212515625 0.8664085109374999
2 0.17642698125 0.9231620859375 0.17428835 0.9591379984374999 0.207259634375 0.9637718109375 0.211165684375 0.927446284375 0.17642698125 0.9231620859375
2 0.26994693281250004 0.6236218171875 0.3047996125 0.6192248953124999 0.29344015 0.5636657656249999 0.262839440625 0.5725559890625 0.26994693281250004 0.6236218171875
2 0.3535405484375 0.7127166140625001 0.386455128125 0.7116463984375 0.38158266875 0.669590246875 0.3510552796875 0.6736925140625 0.3535405484375 0.7127166140625001
2 0.16848969062500002 0.533813628125 0.22472500625 0.5198321296875 0.20574716718750002 0.4715965 0.1544318296875 0.48297173750000005 0.16848969062500002 0.533813628125
2 0.133569453125 0.49502935 0.092825228125 0.5078902609375 0.10901383437500001 0.5461421078125 0.1427183390625 0.5364873453125 0.133569453125 0.49502935
2 0.045471678125 0.3609322359375 0.0815816421875 0.3492171984375 0.059144181250000004 0.2915015734375 0.0291392125 0.304674196875 0.045471678125 0.3609322359375