2 0.9127383609375 0.1083983640625 0.9268002265625 0.0613659515625 0.8567191093750001 0.05026619375 0.84866271875 0.0916434453125 0.9127383609375 0.1083983640625
2 0.5313746874999999 0.109854746875 0.5994946062500001 0.12004273125 0.6152224953125 0.0738879984375 0.5470609890625 0.058259337499999994 0.5313746874999999 0.109854746875
2 0.303648921875 0.07498725 0.2911625671875 0.12345884375 0.3590354984375 0.1390117421875 0.3747007953125 0.0856411921875 0.303648921875 0.07498725
2 0.3186172921875 0.2689401375 0.327117090625 0.2342521078125 0.2811095703125 0.2286816765625 0.273554053125 0.2612032515625 0.3186172921875 0.2689401375
2 0.24004490937499998 0.412043359375 0.2510129828125 0.38074885625 0.2145344234375 0.375743225 0.207204271875 0.40684191406250003 0.24004490937499998 0.412043359375
2 0.590051728125 0.2062313515625 0.5956454578125 0.1860960046875 0.5580836703125 0.176543059375 0.55446465625 0.1993926109375 0.590051728125 0.2062313515625
2 1 0.1542366875 0.9563076593750001 0.1483307375 0.9553479749999999 0.1619909765625 1 0.1685453078125 1 0.1542366875
2 1 0.182364875 0.9554881203125 0.172482696875 0.9574374703125 0.19054913281250002 1 0.1984223859375 1 0.182364875
2 0.8845579499999999 0.5747819328125 0.894013934375 0.5378423234375 0.8466256734375 0.5352962578125 0.8458513703125 0.5686514125000001 0.8845579499999999 0.5747819328125
2 0.932626753125 0.354778884375 0.872468465625 0.35125593125 0.863248475 0.4170596984375 0.924024621875 0.424282671875 0.932626753125 0.354778884375
2 0.928099825 0.421325959375 0.9866213078125 0.427592259375 0.9918253546875 0.37196207812500004 0.9295531218749999 0.364706221875 0.928099825 0.421325959375
2 0.7754128203125 0.2884387625 0.78841861875 0.25566513281250003 0.7344304562499999 0.2473452171875 0.72859050625 0.2804216859375 0.7754128203125 0.2884387625
2 0.18427705156250002 0.099921925 0.18866428125 0.087404125 0.154128875 0.0777309390625 0.14983274062500002 0.0896636015625 0.18427705156250002 0.099921925
2 0.08477119375 0.16644035625 0.0879855421875 0.1537367890625 0.0675492125 0.14802578125000002 0.063845121875 0.161923690625 0.08477119375 0.16644035625
2 0.0762751390625 0.1897181828125 0.0803543328125 0.175349721875 0.062311179687499996 0.16971085 0.057572068750000004 0.1825525921875 0.0762751390625 0.1897181828125
2 0.06750068125 0.2147537828125 0.072630240625 0.19754909375000002 0.0566556640625 0.194031815625 0.0521939796875 0.2051219546875 0.06750068125 0.2147537828125