2 0.836718428125 0.9218267109375 0.8099205749999999 0.86529545 0.779089484375 0.8843462421874999 0.8053646953125 0.931808696875 0.836718428125 0.9218267109375
2 0.60409430625 1 0.647331265625 0.9779528265625 0.6247826437499999 0.9466033250000001 0.5786892953125 0.96770624375 0.5937210921875 1 0.60409430625 1
2 0.4682386078125 0.43233995468749997 0.5373120765625 0.4021751875 0.5241355484375 0.367044796875 0.4534800703125 0.3966890125 0.4682386078125 0.43233995468749997
2 0.6059779328125 0.2715210484375 0.65426295625 0.2552230390625 0.6444514515625 0.21846859843750002 0.589032940625 0.2334642703125 0.6059779328125 0.2715210484375
2 0.5826891875 0.2871349609375 0.5654992234375 0.2517418859375 0.49291632500000004 0.28231281406250003 0.5126298859375 0.3210584796875 0.5826891875 0.2871349609375
2 0.46196252343750005 0.2042135703125 0.49322430468749995 0.19061957499999999 0.4752000140625 0.1569079984375 0.446213921875 0.1756185046875 0.46196252343750005 0.2042135703125
2 0.5350145687500001 0.08616915 0.5238947703125 0.0576234578125 0.49127580625 0.0638316921875 0.4975608109375 0.1000920921875 0.5350145687500001 0.08616915
2 0.3687650796875 0.2067047375 0.357617221875 0.170960078125 0.3241701515625 0.1830493609375 0.34001890625 0.219453109375 0.3687650796875 0.2067047375
2 0.2546712265625 0.0467694625 0.2817982859375 0.100947071875 0.312869509375 0.07593259999999999 0.2905417359375 0.030224092187500003 0.2546712265625 0.0467694625
2 0.1944908796875 0.3854730296875 0.228266975 0.3641379984375 0.20780147031250001 0.33338104999999996 0.177970190625 0.3495728546875 0.1944908796875 0.3854730296875
2 0.197084946875 0.6184782078125 0.22648470937499998 0.59412978125 0.207311025 0.5755460890624999 0.18353915468749998 0.5997845078124999 0.197084946875 0.6184782078125
2 0.874894090625 0.68855549375 0.8888234109375001 0.7300841734375 0.9206636312500001 0.712374375 0.9063293421875 0.6779822249999999 0.874894090625 0.68855549375
2 0.939988125 0.2935803375 0.9234687640624999 0.257681925 0.8762550546875 0.2654365125 0.8875874640625 0.3084005546875 0.939988125 0.2935803375
2 0.7029263421875 0.416157184375 0.7084758453125 0.4619060015625 0.7632335015625 0.4516125578125 0.753497971875 0.41007369374999997 0.7029263421875 0.416157184375
2 0.7558389953125 0.406204028125 0.77164893125 0.44770037343749997 0.8105025749999999 0.4306764546875 0.7946538203125 0.39427270625 0.7558389953125 0.406204028125
2 0.2695744671875 0.1112097859375 0.24942245000000002 0.06280755625 0.22025202500000002 0.07429713437499999 0.23477841718749998 0.12010997812499999 0.2695744671875 0.1112097859375
2 0.7560307515625 0.2599211625 0.77422445 0.29515551093750003 0.8217375062500001 0.2697552296875 0.8036305796875001 0.2366316265625 0.7560307515625 0.2599211625
2 0.654993615625 0.1647773296875 0.6880352859375 0.159827671875 0.6763357515624999 0.10242199062499999 0.64337671875 0.10678367656250001 0.654993615625 0.1647773296875
2 0.7030621953125 0.125364871875 0.7420427234375 0.11225451093750001 0.7319117640624999 0.0820506109375 0.697942053125 0.0850710859375 0.7030621953125 0.125364871875
2 1 0.3069148609375 0.9980494249999999 0.298131765625 0.9599780859375 0.304772890625 0.9741201281249999 0.366119353125 1 0.36258786249999997 1 0.3069148609375
2 0.26859474687499996 0.21779824531249997 0.256638984375 0.1819416203125 0.24145781406250003 0.1834055578125 0.2513504078125 0.21957180781250002 0.26859474687499996 0.21779824531249997
2 0.223608325 0.1527164734375 0.24039792968749998 0.149979625 0.235898778125 0.1334583046875 0.22239734375000003 0.135757896875 0.223608325 0.1527164734375
2 0.226219371875 0.2364273421875 0.2460906109375 0.22452865000000002 0.235555759375 0.20835823750000002 0.2202268421875 0.21939477031250001 0.226219371875 0.2364273421875
2 0.22029173906250002 0.21041169375000002 0.23459928125 0.20402671875 0.23643768125000003 0.189295459375 0.213298065625 0.1962363453125 0.22029173906250002 0.21041169375000002