2 0.166229678125 0.2839486765625 0.11901664375000001 0.2401327296875 0.088947971875 0.262717775 0.136384921875 0.30792688125 0.166229678125 0.2839486765625
2 0.0886234375 0.312865328125 0.0736100703125 0.3359710484375 0.12029029843750001 0.36263971875 0.126820746875 0.3400979546875 0.0886234375 0.312865328125
2 0.9040554625 0.341532078125 0.905568734375 0.276942225 0.8650837640625 0.27795516249999996 0.861945784375 0.3361646203125 0.9040554625 0.341532078125
2 0.76994929375 0.8173297859374999 0.7876447125 0.8887690046875001 0.8836499812499999 0.8754491640625 0.8773595375 0.8125632671874999 0.76994929375 0.8173297859374999
2 0.1876226578125 0.47559105625000003 0.13014025 0.43607996875 0.1184024234375 0.44783578593750006 0.18232269375000001 0.495361471875 0.1876226578125 0.47559105625000003
2 0.6459192109375 0.08517883125 0.6287850875000001 0.117390515625 0.6683775828125 0.13468465624999998 0.6866458578125 0.10038707656250001 0.6459192109375 0.08517883125
2 0.8232601875000001 0.178849646875 0.745104740625 0.1469053828125 0.734409115625 0.1831303140625 0.8103974468749999 0.21057765 0.8232601875000001 0.178849646875
2 0.8115131078125 0.2624344609375 0.7781353703125 0.2507567828125 0.762715759375 0.280727459375 0.7960950421875 0.2924053546875 0.8115131078125 0.2624344609375
2 0.5475398125 0.585837565625 0.5852319890625 0.596725196875 0.5986465375 0.551101259375 0.5587854828125 0.5357180265625 0.5475398125 0.585837565625
2 0.6574194609374999 0.5216347265625 0.5739864515625 0.4973334734375 0.5662330359375 0.5325739281249999 0.64790538125 0.5594221187499999 0.6574194609374999 0.5216347265625
2 0.687354771875 0.0274193734375 0.7350094015625 0.0535654421875 0.7404109859375 0.030085567187500002 0.6886873453125 0.022215121875 0.687354771875 0.0274193734375
2 0.7229659734375 0.7031138046875001 0.7551045625 0.7072282375000001 0.7646968828125 0.677427903125 0.7290449390625 0.6748141109375 0.7229659734375 0.7031138046875001