2 0.2631113421875 1 0.2712167125 0.9714297203125 0.24041493281249998 0.964656025 0.22657440156250003 1 0.2631113421875 1
2 0.36607988593749996 1 0.373981634375 0.978982359375 0.308285159375 0.9742077281249999 0.30440419531249996 1 0.36607988593749996 1
2 0.59052976875 0.8444285656250001 0.590806584375 0.7993479875 0.5160570109375 0.8038674531250001 0.5204589640624999 0.8457492562500001 0.59052976875 0.8444285656250001
2 0.8307277843750001 0.2668884609375 0.8075212296875 0.1892356921875 0.548354025 0.2682008078125 0.581078884375 0.3489380421875 0.8307277843750001 0.2668884609375
2 0.947094090625 0.45154896093749997 0.9007067687499999 0.4714411015625 0.9064418828124999 0.49419753125000004 0.9545685625000001 0.48290191875 0.947094090625 0.45154896093749997
2 0.8212322328124999 0.049306265625 0.8326102953125 0.1098470203125 0.90005404375 0.09942136562500001 0.8905217140625 0.0325844390625 0.8212322328124999 0.049306265625
2 0.6822659609375 0.0472254859375 0.5774879890625 0.0682491859375 0.5858171859375 0.1355676390625 0.689551103125 0.11653900156250001 0.6822659609375 0.0472254859375
2 0.0201729015625 0.7141600312499999 0.0250295546875 0.760368003125 0.04568768125 0.762083665625 0.0493212875 0.721107503125 0.0201729015625 0.7141600312499999
2 0.034898665625000005 0.408933078125 0.049594548437500004 0.4374217546875 0.087541453125 0.41674822031250003 0.0697244375 0.394334696875 0.034898665625000005 0.408933078125
2 0 0.21650794375000001 0.035233820312500004 0.1987230546875 0.027986332812499997 0.1827886453125 0 0.1972627484375 0 0.21650794375000001
2 0 0.25157974843750003 0.0382711890625 0.22762168593749998 0.030079148437499998 0.2159594125 0 0.2328598671875 0 0.25157974843750003
2 0 0.2828728453125 0.04652941875 0.25318758125 0.038483801562499996 0.242903490625 0 0.2651658421875 0 0.2828728453125
2 0.5780998140625 0.14166553906249998 0.576730040625 0.11537406875 0.49137178437499995 0.138259303125 0.5012991625 0.16643219375 0.5780998140625 0.14166553906249998