2 0.2336125734375 0.6865626265625 0.195748425 0.6852591703125 0.1959847859375 0.7567680890624999 0.23459154999999998 0.7624563046875 0.2336125734375 0.6865626265625
2 0.21667131093749997 0.565173253125 0.1573340140625 0.5560602953125 0.1580958296875 0.624947878125 0.21666321093750002 0.6305780671875 0.21667131093749997 0.565173253125
2 0.054609768749999996 0.4246594453125 0.06093615 0.476154878125 0.11515636874999999 0.4648920921875 0.10478166250000001 0.418664740625 0.054609768749999996 0.4246594453125
2 0.5030492296875 0.6668663765625 0.430561665625 0.6600425359375001 0.4320775515625 0.7090907468750001 0.5024774937500001 0.7133885890625 0.5030492296875 0.6668663765625
2 0.5589823296875001 0.693484209375 0.5609353921875 0.755031415625 0.597164309375 0.7554121515625 0.595582984375 0.6981760203125 0.5589823296875001 0.693484209375
2 0.7228729546875 0.7156523671875 0.692557546875 0.70975965 0.6939703796875001 0.7527296484375 0.7221238640625 0.75063179375 0.7228729546875 0.7156523671875
2 0.7602880109375 0.6756853140625 0.7369837125 0.6741845093750001 0.7371023359375 0.7502133828125 0.7627731437499999 0.7500539875000001 0.7602880109375 0.6756853140625
2 0.703913303125 0.14086485625 0.6613551625 0.13259239218750002 0.65059391875 0.2010562984375 0.698236828125 0.21364866562499998 0.703913303125 0.14086485625
2 0.7655330296875 0.1631379234375 0.734648728125 0.1601637125 0.7336238749999999 0.2126528484375 0.766870153125 0.21851040625 0.7655330296875 0.1631379234375
2 0.793249809375 0.3629300921875 0.7775255125 0.3629026875 0.77512160625 0.40058954062499996 0.7918042875 0.3983805984375 0.793249809375 0.3629300921875
2 0.8177368062499999 0.36768988125 0.8021242687499999 0.3670793390625 0.799771171875 0.40447204374999995 0.81792775 0.4040649390625 0.8177368062499999 0.36768988125
2 0.8411386171874999 0.3655772796875 0.8251877343749999 0.366715559375 0.823352865625 0.404513021875 0.838314775 0.4049986859375 0.8411386171874999 0.3655772796875
2 0.7830356421875 0.057527850000000005 0.764849371875 0.05459925156249999 0.7634904 0.1103549609375 0.7811183828125 0.114083925 0.7830356421875 0.057527850000000005
2 0.35495970468750004 0.1681180265625 0.3433155953125 0.1688821390625 0.3440878484375 0.205370190625 0.36214474218750003 0.2058525984375 0.35495970468750004 0.1681180265625
2 0.3815183859375 0.1684352390625 0.3666041125 0.16735237812499998 0.363289290625 0.2088001421875 0.37937643125 0.20435682812499997 0.3815183859375 0.1684352390625
2 0.397584390625 0.166712884375 0.38582669062499997 0.16806137031249999 0.384416903125 0.2074552078125 0.40081891562500005 0.206100596875 0.397584390625 0.166712884375
2 0.4226214328125 0.1655230015625 0.40898583750000006 0.1640854203125 0.4071006625 0.202780396875 0.42422072499999997 0.20398799687500002 0.4226214328125 0.1655230015625
2 0.9742745125000001 0.1195321390625 0.9353270078125 0.11135505625 0.9212465609375 0.14828596875 0.9681647281249999 0.15407600625 0.9742745125000001 0.1195321390625
2 0.8410579609375001 0.2165790609375 0.8014468234375001 0.214936025 0.7977812546874999 0.256009996875 0.84210720625 0.26099372656250003 0.8410579609375001 0.2165790609375
2 0.8885520609374999 0.6788151906250001 0.856502078125 0.6756143953125 0.8566719078125 0.6998721734375 0.8878519062500001 0.7010876796875001 0.8885520609374999 0.6788151906250001