2 0.2098046796875 0.8766473171875001 0.183099265625 0.8480782625 0.1564152796875 0.8737644031249999 0.179506015625 0.8993680749999999 0.2098046796875 0.8766473171875001
2 0.3999063171875 0.706673653125 0.38104397031250004 0.677002721875 0.3299034328125 0.7029332671875 0.35415648593750004 0.7322649250000001 0.3999063171875 0.706673653125
2 0.4917786421875 0.78744603125 0.47093638593750003 0.7599859515625 0.4481933515625 0.7746894046875 0.47309270000000003 0.803464334375 0.4917786421875 0.78744603125
2 0.59766993125 0.8169812046875 0.5482000515625 0.7488604015625 0.5229356734375 0.7651328859375 0.5717994515625 0.829980596875 0.59766993125 0.8169812046875
2 0.6304911140625 0.762021684375 0.604865046875 0.7347406640624999 0.5594101640625 0.7569965125 0.5851297093750001 0.7900216 0.6304911140625 0.762021684375
2 0.6455014015625 0.7812217296874999 0.6992683375000001 0.75253930625 0.6794834453124999 0.7198060046875 0.6268477406249999 0.749183415625 0.6455014015625 0.7812217296874999
2 0.891864921875 0.9082991671875 0.8716659046874999 0.880299346875 0.8382939359374999 0.900679278125 0.8652828765624999 0.9328021937500001 0.891864921875 0.9082991671875
2 0.8518475625 0.4391794078125 0.8702942281249999 0.473583684375 0.9347910671875 0.438088634375 0.9173300578125 0.40604330156249996 0.8518475625 0.4391794078125
2 0.8151897531250001 0.45624158281250005 0.8397081249999999 0.4893890109375 0.86255479375 0.4735010203125 0.8435125140625 0.442498403125 0.8151897531250001 0.45624158281250005
2 0.7442859890625 0.360610509375 0.7228299875 0.32654053437499997 0.6701127671875 0.3636621859375 0.6938545031250001 0.3954319953125 0.7442859890625 0.360610509375
2 0.77573959375 0.266782325 0.7551340984375 0.229803534375 0.729543509375 0.24299210468750002 0.7426603578125001 0.2770038015625 0.77573959375 0.266782325
2 0.3790332296875 0.08004649999999999 0.3821102078125 0.099394553125 0.444409246875 0.082190053125 0.44018901406250005 0.0656907 0.3790332296875 0.08004649999999999
2 0.1081688 0.40332867187500004 0.08748178906250001 0.374094121875 0.019198175 0.4222338109375 0.0844486734375 0.510950546875 0.1194651390625 0.485398953125 0.077913753125 0.4221446203125 0.1081688 0.40332867187500004
2 0.4671385578125 0.5581446953125 0.497009109375 0.536911034375 0.479205684375 0.5019670171875 0.44627418125 0.5241249125 0.4671385578125 0.5581446953125
2 0.383026678125 0.5794025656249999 0.40784661250000004 0.622710253125 0.438591075 0.605130728125 0.41269005937500003 0.5639431359375 0.383026678125 0.5794025656249999
2 0.5873462093749999 0.4172305734375 0.58196284375 0.47876271875 0.63180499375 0.48133371875000003 0.6358977546875 0.42433446406249997 0.5873462093749999 0.4172305734375