2 0.41762116406249994 0.35425294687500003 0.48226969999999997 0.425357271875 0.5554928 0.35553910312500003 0.49276899375000005 0.28741615781249996 0.41762116406249994 0.35425294687500003
2 0.077875025 0.14340179375 0.0927060984375 0.1667521796875 0.1271864921875 0.1497881828125 0.10695370781249999 0.1217611828125 0.077875025 0.14340179375
2 0.46757037031250004 0.5356625765625 0.49447906093749994 0.5667728796875 0.5572468359375 0.520607121875 0.5301577984375 0.48726557187499997 0.46757037031250004 0.5356625765625
2 0.33453676250000003 0.6575859765625001 0.3647408125 0.6371919109374999 0.35122130625 0.6115351296875 0.3140572296875 0.6285947421875 0.33453676250000003 0.6575859765625001
2 0.5411221203125 0.8679924234374999 0.52746279375 0.9017284703125 0.58605760625 0.92384258125 0.6006392125 0.88952588125 0.5411221203125 0.8679924234374999
2 0.4082795609375 0.7707457703125 0.4376408453125 0.7550577953125 0.41130338593750004 0.718720225 0.3812777296875 0.741412715625 0.4082795609375 0.7707457703125
2 0.9185927749999999 0.94895554375 0.9717427750000001 0.9671856203125 0.9781901765625 0.9292491859374999 0.9320316500000001 0.9080809875 0.9185927749999999 0.94895554375
2 0.86674818125 0.8036821765625 0.84160888125 0.852259625 0.8751442359375 0.870405221875 0.9020806609375001 0.821571478125 0.86674818125 0.8036821765625
2 0.67514885625 0.9540184875 0.6918970828125001 0.9180676265625 0.6392467921875 0.9016474328124999 0.6211232703125 0.9354780968749999 0.67514885625 0.9540184875
2 0.14629089687500002 0.9821490640625001 0.148816971875 0.9680134578124999 0.0959184140625 0.9563305140624999 0.0944105328125 0.9794301296875 0.14629089687500002 0.9821490640625001
2 0.571042559375 0.3878362390625 0.575284721875 0.3749906515625 0.56253933125 0.3685679328125 0.554595634375 0.38400303125 0.571042559375 0.3878362390625
2 0.5997378875 0.44161016875000003 0.6094064968749999 0.42726684062500003 0.5813662671875 0.4007301484375 0.570146953125 0.4163002515625 0.5997378875 0.44161016875000003
2 0.57771073125 0.4648094625 0.5843540703125 0.4514967171875 0.5574552609375 0.4315428453125 0.5483712390625 0.4460466765625 0.57771073125 0.4648094625
2 0.61603121875 0.45968923437500003 0.6230502203125 0.45055343593749997 0.6132099578125 0.43980965000000005 0.60114256875 0.4488123046875 0.61603121875 0.45968923437500003
2 0.539955196875 0.48183964375 0.5471294875 0.46974072343750006 0.5357363875 0.46023455 0.5256906390625 0.4703992890625 0.539955196875 0.48183964375
2 0.649550584375 0.5802446578125 0.6517391406249999 0.59520939375 0.6853420953125 0.595017775 0.6840029578125 0.5808626640625 0.649550584375 0.5802446578125
2 0.13745056718749998 0.7197236265625 0.136083065625 0.7345019984375 0.20005235937500002 0.7334797421875 0.1981799796875 0.7181544953125 0.13745056718749998 0.7197236265625
2 0.5346185765625 0.7084631124999999 0.5273201515625 0.7229306578125 0.5419061671875001 0.7282372406250001 0.5478541124999999 0.7168782765625 0.5346185765625 0.7084631124999999
2 0.5452852421875 0.6864505703125 0.5374870234375 0.6991097921875 0.5529000484375 0.705653540625 0.55571130625 0.6917488015625 0.5452852421875 0.6864505703125
2 0.5453101296875 0.6632857515625 0.5423174687500001 0.67500925625 0.55513955625 0.67993863125 0.55929216875 0.6687719078125001 0.5453101296875 0.6632857515625
2 0.16783933906249998 0.69577498125 0.16147690312500002 0.7037576249999999 0.190263984375 0.7160435625 0.195334778125 0.7043444765625 0.16783933906249998 0.69577498125
2 0.5333514828125 1 0.54982355625 0.9628935046875 0.51608524375 0.9486504468750001 0.49750956718749995 1 0.5333514828125 1