2 0.1563215296875 0.7256606703124999 0.1885394828125 0.7017006453125 0.16406637500000001 0.6512372890625 0.1332209265625 0.6753658375 0.1563215296875 0.7256606703124999
2 0.0227080828125 0.29469461875 0.025608070312499998 0.3369253203125 0.0624533515625 0.309344421875 0.039060003125 0.2841399953125 0.0227080828125 0.29469461875
2 0.20721398125 0.5155561875 0.2574308625 0.48124376562500004 0.244856596875 0.45876252500000003 0.19427715 0.48465550625000003 0.20721398125 0.5155561875
2 0.11099345000000001 0.2092230578125 0.14371656093750002 0.1811360203125 0.118253625 0.150093671875 0.078132053125 0.1702921375 0.11099345000000001 0.2092230578125
2 0.08908491874999999 0.0697415296875 0.0455016484375 0.10905592187499999 0.0492691734375 0.15558060625 0.1123093640625 0.0963215640625 0.08908491874999999 0.0697415296875
2 0.19794227656250002 0.091480884375 0.2263555671875 0.0530949703125 0.1940471140625 0.032379714062499995 0.1707661171875 0.0630192953125 0.19794227656250002 0.091480884375
2 0.4464117484375 0.0661573109375 0.47827042343750004 0.0337766734375 0.426204759375 0.0036553828125 0.4078900671875 0.02792616875 0.4464117484375 0.0661573109375
2 0.5290521546875 0.108407634375 0.55440311875 0.0836028734375 0.52329845625 0.064430196875 0.503273453125 0.0912836734375 0.5290521546875 0.108407634375
2 0.7192092046874999 0.10383851718749999 0.694082334375 0.0700463140625 0.671838946875 0.1036075640625 0.6979788578125 0.12914922499999998 0.7192092046874999 0.10383851718749999
2 0.6947505781250001 0.314397546875 0.7227925328125 0.347154478125 0.763014546875 0.29207229843750004 0.72983874375 0.2670615078125 0.6947505781250001 0.314397546875
2 0.6622601375 0.204326884375 0.628208221875 0.25458284999999997 0.6565647718750001 0.2734181015625 0.69285828125 0.22762483125 0.6622601375 0.204326884375
2 0.6561995281249999 0.6851425203125 0.6095950046875 0.7240875234375 0.6324800921875 0.7534185796874999 0.6772055906250001 0.718430325 0.6561995281249999 0.6851425203125
2 0.582592128125 0.10381547499999999 0.6117025015625 0.071098959375 0.5874653984375 0.0527663640625 0.564860803125 0.077909909375 0.582592128125 0.10381547499999999
2 0.4889060265625 0.2004889125 0.5416920937499999 0.145354703125 0.5233485921875001 0.1341276953125 0.484222721875 0.188847009375 0.4889060265625 0.2004889125
2 0.504174271875 0.18322092968749998 0.4904433734375 0.1976866296875 0.5156035421875 0.23128456718749998 0.5295499703125001 0.2150507046875 0.504174271875 0.18322092968749998