2 0.86596814375 0.13789766875 0.8626824953125001 0.1041294328125 0.7970835515625 0.1022123734375 0.8035840562500001 0.1370049515625 0.86596814375 0.13789766875
2 0.6850807421875 0.0951534234375 0.6821920921875 0.036792575 0.654137803125 0.038886571875 0.6593671249999999 0.0979646546875 0.6850807421875 0.0951534234375
2 0.599134275 0.20350851718750002 0.6007965625 0.1661177109375 0.53811470625 0.16526415156250002 0.5402163078125 0.20457801875 0.599134275 0.20350851718750002
2 0.7311837062500001 0.24784896875 0.732300078125 0.20952987968749998 0.7014949765625 0.213030275 0.697541465625 0.24311772343750002 0.7311837062500001 0.24784896875
2 0.5650882265625 0.5468315718750001 0.561709171875 0.5092328859374999 0.506129903125 0.5146361859375 0.5133164859375 0.547682590625 0.5650882265625 0.5468315718750001
2 0.3627219515625 0.1311255171875 0.35389835625 0.0952802265625 0.31687029375 0.09842945625 0.3273351515625 0.13699249375 0.3627219515625 0.1311255171875
2 0.256716678125 0.1457664453125 0.2964093234375 0.13715386875 0.2822627125 0.10077300781250001 0.2468448390625 0.107232921875 0.256716678125 0.1457664453125
2 0.27702824062500003 0.58638175625 0.2553006859375 0.55851424375 0.23411645781249998 0.577004325 0.2540961140625 0.6041887984375001 0.27702824062500003 0.58638175625
2 0.871786759375 1 0.8700947156250001 0.9667558078124999 0.8128948781249999 0.96907631875 0.8157530375000001 1 0.871786759375 1
2 0.6080005859375001 1 0.6045599515625 0.9848883296875 0.54966988125 0.9885456171874999 0.5525538515624999 1 0.6080005859375001 1
2 0.954480003125 0.2868763796875 0.9512856703124999 0.24572311406249997 0.9143063437500001 0.24794237031250002 0.9257070828125 0.29130784374999996 0.954480003125 0.2868763796875
2 0.793744384375 0.5516864140625 0.792740059375 0.53678530625 0.7331980796875001 0.5384166687499999 0.7345454296875 0.5580875796875 0.793744384375 0.5516864140625