2 0.91030986875 0.193638996875 0.8855276515625 0.169668771875 0.8589258984375 0.19544006875 0.8865455453125 0.2231262609375 0.91030986875 0.193638996875
2 0.7372133015625 0.362351259375 0.7087459296875 0.33708931875000003 0.6810464031250001 0.387293740625 0.710040971875 0.40718009843749997 0.7372133015625 0.362351259375
2 0.8042185249999999 0.48369984375 0.776330096875 0.45781143281250003 0.7608418796875001 0.48002746875 0.787557846875 0.5018153734374999 0.8042185249999999 0.48369984375
2 0.8272738171875 0.5832718703124999 0.76417093125 0.53217470625 0.74702664375 0.5568557921874999 0.8133794765625 0.6086729171874999 0.8272738171875 0.5832718703124999
2 0.7868739437500001 0.5951994578125 0.7547665718750001 0.5683430234375 0.730937928125 0.6129934953125 0.75730799375 0.639556046875 0.7868739437500001 0.5951994578125
2 0.744604696875 0.6354668453125 0.713408221875 0.6870452296875 0.7454311 0.70796044375 0.775972490625 0.6552272625 0.744604696875 0.6354668453125
2 0.919790353125 0.8801649359375 0.8886289062499999 0.8520713609375001 0.8670967265625 0.8847117499999999 0.894374553125 0.90587564375 0.919790353125 0.8801649359375
2 0.3915359296875 0.913796790625 0.4229523609375 0.9323655296875 0.46067669375 0.8691467390625001 0.4269371546875 0.8495106187499999 0.3915359296875 0.913796790625
2 0.4305450171875 0.8412964781250001 0.4608641828125 0.8614091328125 0.4775398328125 0.8391308671875001 0.445268275 0.8134705999999999 0.4305450171875 0.8412964781250001
2 0.388730271875 0.690087040625 0.3578083890625 0.66525101875 0.318869546875 0.716640596875 0.3521699625 0.7392725546875 0.388730271875 0.690087040625
2 0.2686709203125 0.7347300796875 0.235137715625 0.7204342296874999 0.2210640796875 0.7455489562500001 0.2573012234375 0.7674324421875001 0.2686709203125 0.7347300796875
2 0.06804264374999999 0.425068271875 0.0843846609375 0.42986175312499997 0.10375288593750001 0.3682010953125 0.0845240046875 0.3644507546875 0.06804264374999999 0.425068271875
2 0.525446409375 0.0850839859375 0.43906092656249995 0.016777065625 0.38856749687500003 0.0833390328125 0.417062271875 0.1050337125 0.436922646875 0.0754537625 0.4986883234375 0.11918738124999999 0.525446409375 0.0850839859375
2 0.525985221875 0.4471488578125 0.5026915296875 0.47928699999999996 0.5369929296875 0.4982991078125 0.5592561218750001 0.469187796875 0.525985221875 0.4471488578125
2 0.5669512546875 0.4149748296875 0.607209825 0.44229749218750003 0.6258516078125 0.41218527656250004 0.58343650625 0.3858690453125 0.5669512546875 0.4149748296875
2 0.4196377953125 0.63317428125 0.47674516093749997 0.6310732578125 0.47591519375 0.5811717453125 0.41423265625 0.5844043890624999 0.4196377953125 0.63317428125