2 0.5303454921874999 0.8777831546874999 0.5283227140625 0.8999266328125 0.6039061734375 0.8955717140624999 0.6041367171875 0.8690551031249999 0.5303454921874999 0.8777831546874999
2 0.5243009359374999 0.6040833937500001 0.528604365625 0.6656253015625 0.574073978125 0.660465934375 0.57033516875 0.5984867015625001 0.5243009359374999 0.6040833937500001
2 0.426298971875 0.6495883250000001 0.4320304515625 0.66345824375 0.5094847875 0.656066984375 0.5048270687499999 0.6405290390625 0.426298971875 0.6495883250000001
2 0.4276053 0.6257109125 0.4291493421875 0.639280009375 0.5017764078125 0.6352054375 0.5021942515625 0.619901509375 0.4276053 0.6257109125
2 0.36668755937499997 0.57169749375 0.3592383265625 0.6013565625 0.39414488125 0.6026058984375 0.3991287859375 0.5759714828125 0.36668755937499997 0.57169749375
2 0.3058188484375 0.4332452796875 0.30826010625 0.46815690625000006 0.3914501375 0.46190582343750003 0.3917871640625 0.42842262499999995 0.3058188484375 0.4332452796875
2 0.22774117343750003 0.3976753703125 0.224729978125 0.45675433437499996 0.306550609375 0.4522217109375 0.3031757578125 0.3869355953125 0.22774117343750003 0.3976753703125
2 0.0786790203125 0.334366078125 0.08313248125 0.381030028125 0.1604220375 0.3755157734375 0.15885988281250002 0.323407184375 0.0786790203125 0.334366078125
2 0.00835439375 0.42669345468750003 0.011043834375 0.46515422656250005 0.0648451390625 0.464234934375 0.06825979062500001 0.42369329375 0.00835439375 0.42669345468750003
2 0.152879803125 0.6038935234375 0.1566726796875 0.6410882984375 0.2169222015625 0.6344975765624999 0.210068203125 0.6003189921875001 0.152879803125 0.6038935234375
2 0.1960691625 0.2000971578125 0.20272869999999998 0.2697977109375 0.2597148828125 0.2633537328125 0.2608501296875 0.19021513125 0.1960691625 0.2000971578125
2 0.1237498265625 0.1873154515625 0.1230088328125 0.2022316015625 0.1999147765625 0.19976559375 0.19829891875 0.1809136375 0.1237498265625 0.1873154515625
2 0.12399724999999999 0.16529611718749998 0.1249489890625 0.17890663125 0.1988176796875 0.1713087421875 0.1979110640625 0.1583435265625 0.12399724999999999 0.16529611718749998
2 0.1301232859375 0.14227207656250002 0.1328534953125 0.1557582265625 0.1954274328125 0.148361209375 0.1956222609375 0.134123875 0.1301232859375 0.14227207656250002
2 0.351154571875 0.1708185640625 0.390881890625 0.1686357578125 0.3910824671875 0.12045596562500001 0.3499779953125 0.12417921406250002 0.351154571875 0.1708185640625
2 0.7868012640625001 0.1106249453125 0.8302593015624999 0.10223396250000001 0.8249392515625 0.0687124765625 0.7875735328125 0.07485425 0.7868012640625001 0.1106249453125
2 0.926294590625 0.048587481249999995 0.9243934062499999 0.06948773124999999 0.9707237921875 0.063870328125 0.970030625 0.053957590624999996 0.926294590625 0.048587481249999995
2 0.22407188437499997 0.0387789484375 0.2236084671875 0.091734021875 0.2623694921875 0.0842666859375 0.257798690625 0.031646409375000004 0.22407188437499997 0.0387789484375
2 0.3143319703125 0.5890356203125 0.305765434375 0.6027165171875 0.3398688671875 0.6179935453125001 0.345231359375 0.6053073265625 0.3143319703125 0.5890356203125