1 0.46529832656250003 0.513317621875 0.49149785625 0.43346712812500005 0.46360191874999995 0.4264145109375 0.4391996546875 0.5066478265625001 0.46529832656250003 0.513317621875
1 0.5611652515625 0.461806159375 0.5553308234375 0.3968983625 0.5241669875 0.398433775 0.5273762296875 0.464769996875 0.5611652515625 0.461806159375
1 0.43779822656249995 0.5686845265625 0.4425834875 0.5524638921875 0.396254125 0.5411488703125 0.3923294265625 0.5564482859375001 0.43779822656249995 0.5686845265625
1 0.42094953906250004 0.39360181875 0.46738999843749995 0.407158078125 0.47126642343749997 0.3940132234375 0.425184440625 0.3782759375 0.42094953906250004 0.39360181875
1 0.3884193265625 0.49274125 0.4335756828125 0.506775428125 0.438273396875 0.4923011 0.3944178109375 0.4782214984375 0.3884193265625 0.49274125
1 0.455563978125 0.515547765625 0.4096029984375 0.5032755546875001 0.4062180890625 0.5181386781249999 0.45310620156250003 0.5321123812499999 0.455563978125 0.515547765625
1 0.3806543421875 0.493880125 0.35898967187499997 0.5440714734375 0.3770954484375 0.55341246875 0.39735350468749997 0.5002355796875 0.3806543421875 0.493880125
1 0.39735350468749997 0.46294098593750005 0.393445253125 0.4752192359375 0.4385698390625 0.4883883703125 0.4429711125 0.47782677187499994 0.39735350468749997 0.46294098593750005
1 0.3993968078125 0.45940033125 0.4441493171875 0.474316328125 0.4484447484375 0.4607237640625 0.40454379218750003 0.4453449546875 0.3993968078125 0.45940033125
1 0.404035609375 0.44319419218749995 0.4504896125 0.4571830546875 0.4530986546875 0.4449501734375 0.408376409375 0.43090083593750006 0.404035609375 0.44319419218749995
1 0.41088408750000005 0.42821168125 0.45342530625000005 0.4419025421875 0.45772073593749996 0.428309978125 0.41606128125 0.415021403125 0.41088408750000005 0.42821168125
1 0.41461080624999996 0.4107350375 0.4580322828125 0.4248297984375 0.4631641078125 0.4103403109375 0.4197562296875 0.3966797140625 0.41461080624999996 0.4107350375
1 0.4331824203125 0.35891626875 0.4276936796875 0.375586728125 0.470652396875 0.3888314953125 0.47493266875 0.374804821875 0.4331824203125 0.35891626875
1 0.4344060484375 0.3567065921875 0.47660389687500004 0.3730110296875 0.48520085156250004 0.3584021 0.4416416515625 0.34040820781250003 0.4344060484375 0.3567065921875
1 0.4437167796875 0.3377341578125 0.48463214062500004 0.35451801875 0.49019651406250003 0.3400134265625 0.450178078125 0.3240659609375 0.4437167796875 0.3377341578125
1 0.4495624359375 0.3188827265625 0.495287503125 0.336800984375 0.498283671875 0.3232522296875 0.4551889 0.3061113984375 0.4495624359375 0.3188827265625
1 0.458068596875 0.3016738203125 0.501164984375 0.3188161578125 0.5063255125 0.305193384375 0.464095784375 0.28802078125 0.458068596875 0.3016738203125
1 0.5371012937499999 0.39171421875 0.5548425531250001 0.3906616046875 0.5515831796875 0.3469768671875 0.5338252546875 0.34759698906250003 0.5351547265625001 0.348418278125 0.5371012937499999 0.39171421875
1 0.5596068375 0.39049523124999996 0.5773798671875 0.390307659375 0.5693637687499999 0.29735423125 0.55292015625 0.2983615296875 0.5596068375 0.39049523124999996
1 0.40883372968750004 0.5056022578125 0.398778153125 0.5028421359374999 0.39423879375 0.5154488609375 0.4060106453125 0.5198094359375001 0.40883372968750004 0.5056022578125