2 0.20584440312500002 0.7507089359375 0.176272896875 0.74268480625 0.158692228125 0.77049508125 0.20120368125 0.785018065625 0.20584440312500002 0.7507089359375
2 0 0.6711637234375 0.0642264390625 0.6751569296875 0.061556078125000004 0.642368534375 0.0233055296875 0.6356239296874999 0.017107281250000002 0.61486188125 0 0.614547803125 0 0.6711637234375
2 0.24356093906249998 0.6646255437499999 0.20667681093749998 0.6581218765625 0.19544591875 0.6898632515625 0.23843969999999998 0.7016598203125 0.24356093906249998 0.6646255437499999
2 0.7374294671875 0.875351946875 0.7341130546875 0.8382372 0.6965080140625 0.8358220234375 0.6970161859374999 0.880872815625 0.7374294671875 0.875351946875
2 0.839519425 0.2484382671875 0.8172430015625001 0.2150042546875 0.7816646234375 0.2410467796875 0.8010432125 0.266944340625 0.839519425 0.2484382671875
2 0.6743400359375 0.28253885625 0.6819940234375 0.319015875 0.7497148359375 0.2944253234375 0.7409360875 0.2563458328125 0.6743400359375 0.28253885625
2 0.677303403125 0.6891193734375001 0.6860821500000001 0.7271988625 0.7287459468749999 0.7248862828125 0.721331809375 0.6870489984375 0.677303403125 0.6891193734375001
2 0.6716679765625 0.5293573984375 0.672972459375 0.5619017796875 0.7108176203125 0.56295515 0.71433204375 0.5270432796875 0.6716679765625 0.5293573984375
2 0.6591342984375 0.248947453125 0.66950666875 0.2620174734375 0.7342560546875 0.238307121875 0.7264512640625 0.2186659390625 0.6591342984375 0.248947453125
2 0.510154809375 0.510713628125 0.502108628125 0.492432440625 0.4513374359375 0.5087721671875001 0.4537532125 0.5190334921875001 0.510154809375 0.510713628125
2 0.537251296875 0.2611762890625 0.5457779953124999 0.276732328125 0.5956632843749999 0.25742651875 0.5896305703125 0.2437159671875 0.537251296875 0.2611762890625
2 0.477157090625 0.2744663828125 0.4799795234375 0.29042075 0.5358993359374999 0.28482422500000004 0.5289789093749999 0.26814885781250003 0.477157090625 0.2744663828125
2 0.40965773437499997 0.12205952812500001 0.3828304515625 0.13840560156249998 0.3944925734375 0.160132665625 0.4240524265625 0.144270003125 0.40965773437499997 0.12205952812500001
2 0.6472924546875001 0.19627847812500002 0.6576650953125001 0.209346959375 0.6884281875 0.18666939062500001 0.681912875 0.1756867921875 0.6472924546875001 0.19627847812500002
2 0.670199928125 0.21015304375000002 0.67944808125 0.2216175140625 0.7094871828125 0.20302789375 0.70096301875 0.187475475 0.670199928125 0.21015304375000002
2 0.2367820859375 0.3276254953125 0.231166140625 0.3434945078125 0.270783109375 0.3504800484375 0.272780309375 0.331163078125 0.2367820859375 0.3276254953125