2 0.4348657421875 0.587879759375 0.43224954687499995 0.6185981546875 0.571022346875 0.629335771875 0.5721549859375 0.5984680250000001 0.4348657421875 0.587879759375
2 0.81324835 0.7689985328125 0.8631364781249999 0.768681653125 0.8734228171874999 0.7237152625000001 0.8211926984375 0.7222097421875 0.81324835 0.7689985328125
2 0.9420821765625 0.7196597921875 0.9371664296875 0.74621398125 0.9945036109375 0.7478070828125001 0.9949389390625001 0.72286713125 0.9420821765625 0.7196597921875
2 0.9941719062500001 0.7668104375 0.9307605828125001 0.7559833578124999 0.9286092874999999 0.7941781921875 0.9936225625 0.79828220625 0.9941719062500001 0.7668104375
2 0.7039952671874999 0.9043061609375 0.7603307234375001 0.90885410625 0.76092154375 0.8750061359375 0.7093353609374999 0.870541090625 0.7039952671874999 0.9043061609375
2 0.2193927421875 0.8887619390625 0.2196205875 0.9267404499999999 0.27657045625 0.930109875 0.2825249359375 0.895167846875 0.2193927421875 0.8887619390625
2 0.0363178609375 0.82636655 0.09664160625 0.8277712828125001 0.0990262390625 0.7931295015625001 0.03187593125 0.79018993125 0.0363178609375 0.82636655
2 0.409931575 0.26418123437499996 0.522031115625 0.27207946875 0.52527928125 0.2560977875 0.4077953265625 0.2504824921875 0.409931575 0.26418123437499996
2 0.5208832234375 0.40588450312499996 0.5206997 0.41639852812499994 0.5847423968750001 0.421673278125 0.587334671875 0.409246315625 0.5208832234375 0.40588450312499996
2 0.5116109046874999 0.0865677953125 0.5113621546875 0.10081875 0.581821065625 0.11274086718750001 0.6028168421875 0.1006320125 0.5116109046874999 0.0865677953125
2 0.8189397078124999 0.204793178125 0.810425575 0.2503827796875 0.8662487375 0.2501694953125 0.8733610109375001 0.21702919999999998 0.8189397078124999 0.204793178125
2 0.7467092046875 0.056217765625000006 0.7852866875 0.0574865421875 0.7865540921874999 0.018898096875 0.7497368359375 0.0188492890625 0.7467092046875 0.056217765625000006
2 0.8478846515624999 0.451809396875 0.8265136625 0.4513035328125 0.8157780359375 0.4880780203125 0.8490214109374999 0.48865828593750005 0.8478846515624999 0.451809396875
2 0.8555217718750001 0.5756271671875 0.8493333640625 0.606870796875 0.8849114890625 0.609867178125 0.8860146046875 0.5807804359375 0.8555217718750001 0.5756271671875
2 0.8859940156249999 0.9561919421875 0.8867342624999999 0.956269915625 0.9217551234375 0.9519698953125 0.9248824796875 0.9396446812500001 0.8905538749999999 0.9331055062500001 0.8859940156249999 0.9561919421875
2 0.2587973 0.6215105015625 0.1760782140625 0.6145407921875 0.1870427375 0.6838161390625 0.25408479375000004 0.687363284375 0.2587973 0.6215105015625