2 0.9527054187499999 0.0842352375 0.9272656250000001 0.0717875 0.9005468734375001 0.14178125 0.9635740578125 0.17275319375 0.9527054187499999 0.0842352375
2 0.7895140625 0 0.7812015625 0.0178078125 0.8346390625 0.0433140625 0.8530468750000001 0 0.7895140625 0
2 0.7218265640625 0.3796453140625 0.7224203124999999 0.390915625 0.8049515625 0.3796453125 0.8004984390625 0.36589062499999997 0.7218265640625 0.3796453140625
2 0.7651703109375 0.45260468749999994 0.8387953125 0.4959062484375 0.8468125000000001 0.4806375 0.7728890625 0.4389625 0.7651703109375 0.45260468749999994
2 0.546075 0.7462265609375 0.5722 0.7746999999999999 0.6315765625 0.7082640609374999 0.600996875 0.68078125 0.546075 0.7462265609375
2 0.9694218734375 0.8310515625000001 0.9860468750000001 0.8019843765625 0.9314218750000001 0.7717328125 0.9159843750000001 0.80673125 0.9694218734375 0.8310515625000001
2 0.31451093750000003 0.938415625 0.3038234375 0.9740062500000001 0.3661687515625 0.9923953125 0.3738859375 0.9592 0.31451093750000003 0.938415625
2 0.4576062484375 0.9987546875 0.49738749843749996 0.9987546875 0.5208406250000001 0.976990625 0.48848125 0.9597703125000001 0.4576062484375 0.9987546875
2 0.3798234390625 0.5575984375 0.3495421875 0.5819171875 0.3976375 0.6198796875 0.42465156249999997 0.5980546875 0.3798234390625 0.5575984375
2 0.2337609359375 0.500059375 0.2189171859375 0.5273453140625 0.25394843749999996 0.552259375 0.2732453125 0.523334375 0.2337609359375 0.500059375
2 0.106103125 0.51548125 0.11976093750000001 0.5475125000000001 0.153009375 0.5338703125 0.1378687515625 0.495759375 0.106103125 0.51548125
2 0.2943234375 0.65784375 0.2943234375 0.7118234375 0.3424171875 0.712415625 0.340934375 0.6647703140625 0.2943234375 0.65784375
2 0.1797296875 0.8547781249999999 0.2070421859375 0.8802843749999999 0.2373234375 0.8470671875000001 0.20585468750000002 0.8156281249999999 0.1797296875 0.8547781249999999
2 0.5146062484375 0.5831031249999999 0.57991875 0.5273453124999999 0.55735625 0.500059375 0.484325 0.5540390625 0.5146062484375 0.5831031249999999
2 0.4308859375 0.578359375 0.48610625 0.6317453125 0.5229187515625 0.5872562484375 0.46562187499999996 0.5429046875 0.4308859375 0.578359375
2 0.38101093750000004 0.1216140625 0.39229375 0.09136093749999999 0.3572625 0.07771875 0.3462765609375 0.10437187343750001 0.38101093750000004 0.1216140625
2 0.44573124999999997 0.0842421875 0.4314812484375 0.11508906249999999 0.4635437515625 0.1334765625 0.48195 0.100259375 0.44573124999999997 0.0842421875
2 0.52529375 0.8518125 0.50629375 0.8245250000000001 0.46591875 0.85774375 0.486996875 0.8889296859375 0.52529375 0.8518125
2 0.018228125 0.6625890625 0.024759373437500003 0.6786046875 0.07641718593749999 0.6477593749999999 0.0684 0.6354140625 0.018228125 0.6625890625