2 0.48466530781249995 0.1596686546875 0.481977140625 0.10570611562500001 0.44145126250000005 0.1050256546875 0.436056940625 0.15634920000000002 0.48466530781249995 0.1596686546875
2 0.8384040531249999 0.3101720203125 0.88462701875 0.22258161875 0.8517321765625001 0.2089246078125 0.8036857453125 0.2939981171875 0.8384040531249999 0.3101720203125
2 0.822266428125 0.0376909375 0.78882651875 0.037755242187499996 0.7773413578125 0.090226534375 0.8217200484375 0.0883315515625 0.822266428125 0.0376909375
2 0.7055499796875 0.0916284078125 0.699543303125 0.052228453125 0.6581341203125 0.057096998437500004 0.6621055828125 0.09600967187500001 0.7055499796875 0.0916284078125
2 0.669024946875 0.6550061203124999 0.6205434703125 0.661839925 0.621960465625 0.7335621921875 0.6699443671875 0.7314475421875 0.669024946875 0.6550061203124999
2 0.2085630921875 0.8666592078124999 0.1976799703125 0.9645249171874999 0.24088075781249998 0.9738369546874999 0.25623992812499996 0.8788266359374999 0.2085630921875 0.8666592078124999
2 0.37631101875 0.5771215859375001 0.33544118125 0.5740184625 0.332004378125 0.6237582609375 0.363300740625 0.6270476421875 0.37631101875 0.5771215859375001
2 0.47561474375 0.614996634375 0.4401849015625 0.6112728078125 0.4362167390625 0.649027346875 0.4727656765625 0.65346424375 0.47561474375 0.614996634375
2 0 0.5625172 0.0024077234375 0.573013984375 0.0280146265625 0.5679519671875 0.026825014062500003 0.5338281859375 0 0.5344823812499999 0 0.5625172
2 0.7151732015625 0.284098053125 0.7181524140625 0.26711329687499996 0.664813653125 0.26619849218749997 0.6607219265625 0.27956746250000003 0.7151732015625 0.284098053125
2 0.7171689890625 0.310551584375 0.7189672046875 0.2934427 0.657783065625 0.2905029875 0.65786976875 0.3067039265625 0.7171689890625 0.310551584375
2 0.8753223437500001 0.18044851875 0.88954895625 0.14735116875 0.8585652890625 0.135406434375 0.8435889359375001 0.1699568125 0.8753223437500001 0.18044851875
2 0.9635248000000001 0.8613136625 0.969229115625 0.8070407359375 0.9355361249999999 0.8089449171875 0.9256560859375 0.8489846390625001 0.9635248000000001 0.8613136625
2 0.9429493671875001 0.661728971875 0.9491527906250001 0.6140678765625001 0.8925883140625 0.604081825 0.885294584375 0.6479158 0.9429493671875001 0.661728971875
2 0.716601290625 0.6397283203125 0.7196070609375 0.6054500421875 0.6806045843749999 0.607316209375 0.6766984875000001 0.64448025 0.716601290625 0.6397283203125
2 0.5053289546874999 0.508373209375 0.47791505624999997 0.4965460109375 0.460613546875 0.530512646875 0.48426585624999996 0.538367075 0.5053289546874999 0.508373209375