2 0.2609469484375 1 0.264022378125 0.9626263375 0.230698709375 0.956278825 0.22896857812500002 1 0.2609469484375 1
2 0.303709171875 0.936992303125 0.2690723140625 0.9348245953125 0.25865807812499997 0.9724183234374999 0.2974443046875 0.9745136046875 0.303709171875 0.936992303125
2 0.1947423828125 0.71996254375 0.1857123390625 0.757533675 0.20520058749999998 0.7641211234374999 0.2211499171875 0.726430778125 0.1947423828125 0.71996254375
2 0.20761063906250002 0.6643138609375 0.194597309375 0.711651309375 0.22098065625 0.7167338187500001 0.23120146875 0.6680589640625 0.20761063906250002 0.6643138609375
2 0.6525363390625001 0.307367909375 0.635928209375 0.3866385859375 0.7024803562499999 0.39379067968750003 0.7068290875 0.32581693125 0.6525363390625001 0.307367909375
2 0.6580302812500001 0.14653659531250002 0.65928761875 0.218569371875 0.6994096328125 0.2178690390625 0.7038550890625 0.155436634375 0.6580302812500001 0.14653659531250002
2 0.29045664375 0.65960165625 0.307361875 0.6649464953125 0.3118923921875 0.6301277484375001 0.3005201734375 0.624387846875 0.29045664375 0.65960165625
2 0.266171134375 0.649631790625 0.2814869984375 0.655599775 0.2898659890625 0.6257630609375 0.27853521875 0.6223977984375 0.266171134375 0.649631790625
2 0.3199915328125 0.5729776953125 0.33528674999999997 0.5768676 0.3406471671875 0.544112809375 0.326893071875 0.53782064375 0.3199915328125 0.5729776953125
2 0.3078909828125 0.57081355 0.31441643125 0.5368507421875 0.299537190625 0.5341412578125 0.2917741734375 0.565156465625 0.3078909828125 0.57081355
2 0.26550570625000003 0.5605673390625 0.281660246875 0.5635514828125 0.28829088281250004 0.53552524375 0.2733391046875 0.52866014375 0.26550570625000003 0.5605673390625
2 0.238777203125 0.55836160625 0.257260740625 0.5592266546875 0.26259007031250003 0.5246908859375 0.2501253546875 0.5243146171874999 0.238777203125 0.55836160625
2 0.2083826234375 0.5499845375 0.22988572343749997 0.5543614875 0.23401890781249998 0.5192511921875 0.218005721875 0.5195307031249999 0.2083826234375 0.5499845375
2 0.1869859421875 0.5438257734375 0.19950403125 0.5471703125 0.21203392499999998 0.5172595796875 0.19480233281249998 0.5157788375 0.1869859421875 0.5438257734375