2 0.11756968125 0.660052928125 0.1444221453125 0.6298387453125 0.1151770234375 0.6092753046875 0.0880644 0.6387811515624999 0.11756968125 0.660052928125
2 0.1268233671875 0.48915458125000005 0.164956053125 0.5216229125 0.22162395156249998 0.461412415625 0.1758969921875 0.42630707812499996 0.1268233671875 0.48915458125000005
2 0.11887473125 0.39120434375 0.1465370984375 0.41363594687500005 0.16818095 0.380703253125 0.1405903390625 0.36260478125 0.11887473125 0.39120434375
2 0.0234695046875 0.3624139515625 0.0056694140625 0.37872816249999997 0.0048301578125 0.39474212343750004 0.024547296875 0.409918275 0.047784607812500005 0.3862879734375 0.0234695046875 0.3624139515625
2 0.8991692828125 0.9542697171875 0.9606075265625 0.9958702828125 0.9751100625 0.9641968171874999 0.9764465921875001 0.938694315625 0.9325508125 0.9072507703125 0.8991692828125 0.9542697171875
2 0.9677308609375 0.655739453125 0.9437341546875 0.68818740625 0.9820687015624999 0.7225063390625001 0.9883203937499999 0.7121286796875 0.9897813031249999 0.684252871875 0.9677308609375 0.655739453125
2 0.8983337375 0.5391038921875 0.9235776609374999 0.562272434375 0.9611787078124999 0.5197977359375 0.9334007718749999 0.4939585390625 0.8983337375 0.5391038921875
2 0.52429325625 0.4267241140625 0.548357325 0.444043203125 0.59031735625 0.380821328125 0.56338183125 0.3615680578125 0.52429325625 0.4267241140625
2 0.059668868750000006 0.9763608093749999 0.10265674843749999 0.978613709375 0.11178571875000001 0.9576095718750001 0.07795491875 0.9451312796875 0.059668868750000006 0.9763608093749999
2 0.368994259375 0.6671821812500001 0.3875758171875 0.6813365640625 0.43692382343749997 0.6303008578125 0.4249695171875 0.62015819375 0.368994259375 0.6671821812500001
2 0.46635981718749997 0.5111124499999999 0.49333585468749996 0.5352651796875 0.5177874609375 0.5054821875 0.4880427078125 0.483107303125 0.46635981718749997 0.5111124499999999
2 0.475220853125 0.3533787828125 0.49085910000000005 0.34428006875 0.4527109171875 0.306405078125 0.4399818609375 0.3223904859375 0.475220853125 0.3533787828125
2 0.10093290156250001 0.1606337265625 0.1795144515625 0.1077222921875 0.1570341125 0.060154009375 0.08037215156250001 0.116204584375 0.10093290156250001 0.1606337265625