2 0.8753685499999999 0.6348143281249999 0.8227621921875 0.640278521875 0.827676190625 0.692610090625 0.8804878593750001 0.6910003375 0.8753685499999999 0.6348143281249999
2 0.6953726625 0.6831128578125 0.685718621875 0.7153335281250001 0.7196714640625 0.7326009109375 0.7314744906249999 0.6957659703125 0.6953726625 0.6831128578125
2 0.93173888125 0.266011871875 0.9126437828125 0.27389433125 0.9345853859375 0.3190832140625 0.9504154687499999 0.31172666875 0.93173888125 0.266011871875
2 0.806488240625 0.3223878078125 0.7676612015625001 0.33760205625 0.8065138109375001 0.4164275984375 0.8376316625 0.4008580640625 0.806488240625 0.3223878078125
2 0.7200092640625 0.2861742484375 0.7332278546875 0.330486671875 0.781993225 0.3074335015625 0.768106071875 0.2673357953125 0.7200092640625 0.2861742484375
2 0.649406015625 0.4684824390625 0.666372015625 0.498246453125 0.7166447421875 0.47092304531250007 0.69430525 0.437963584375 0.649406015625 0.4684824390625
2 0.515569471875 0.3254684671875 0.5016559468749999 0.3478685890625 0.5357744609374999 0.3675051875 0.557069603125 0.3338768578125 0.515569471875 0.3254684671875
2 0.12853269218750002 0.4269342640625 0.144539409375 0.39188700781249997 0.102941371875 0.3638454328125 0.0798768796875 0.39521981875 0.12853269218750002 0.4269342640625
2 0.26161115156250003 0.56761888125 0.2311514234375 0.591771228125 0.264887225 0.6400041796875 0.298776846875 0.6108519593749999 0.26161115156250003 0.56761888125
2 0.538392015625 0.456008496875 0.505130825 0.4571439453125 0.5092416156249999 0.492568484375 0.5410841796875 0.494508234375 0.538392015625 0.456008496875
2 0.131939471875 0.049931384375 0.0769349921875 0.029612556249999998 0.037623059375000004 0.131521815625 0.0935247796875 0.15618238125 0.131939471875 0.049931384375
2 0.754533778125 0.848014240625 0.8139270546875 0.91409464375 0.8709319859375 0.877074878125 0.8172730125 0.8001759296875001 0.754533778125 0.848014240625