2 0.41385327031249997 0.6514523750000001 0.48709875625 0.655847415625 0.497851678125 0.622115815625 0.423989875 0.614020996875 0.41385327031249997 0.6514523750000001
2 0.4104612203125 0.5476167921874999 0.47561906406250004 0.5537334656249999 0.480878628125 0.5167303609375 0.413404659375 0.5138505906249999 0.4104612203125 0.5476167921874999
2 0.323785334375 0.5483020703125 0.3184032546875 0.582283178125 0.4107223515625 0.5820155203125 0.413733290625 0.5421298515624999 0.323785334375 0.5483020703125
2 0.0313882125 0.3410390171875 0.029031215625000002 0.37489810156250003 0.08297508125 0.3797021765625 0.087534303125 0.34332535000000003 0.0313882125 0.3410390171875
2 0.07688583125000001 0.24734981875 0.0609777125 0.2832659265625 0.09517554218749999 0.2969782171875 0.1096002125 0.2609394734375 0.07688583125000001 0.24734981875
2 0.37318079375 0.2402269296875 0.384022275 0.31221071562499997 0.42052195000000003 0.3151852671875 0.42031513125000003 0.23868291875 0.37318079375 0.2402269296875
2 0.6431043515625 0.266763359375 0.631048790625 0.3201060671875 0.673364990625 0.3300149625 0.6840008 0.278045184375 0.6431043515625 0.266763359375
2 0.7046218296875 0.5539696765625 0.6943315359375 0.584770375 0.7540812296875 0.6003718671875 0.7676455640625 0.57356058125 0.7046218296875 0.5539696765625
2 0.5966388890625 0.5867133640625 0.587860684375 0.6231591703125 0.6213768828124999 0.629788565625 0.6318533734375 0.5958945328125 0.5966388890625 0.5867133640625
2 0.6886276484375 0.7574319671875 0.6696015625 0.7940565421875 0.7765157234375 0.8344824359375 0.789610346875 0.79925024375 0.6886276484375 0.7574319671875
2 0.87512416875 0.95392719375 0.9311251921875 0.9742092671875 0.9378882234375 0.9182248515625 0.8998660125000001 0.9001923578125 0.87512416875 0.95392719375
2 0.8037376703125 0.5468464859375 0.7871221390625001 0.5796479578125 0.84233193125 0.5954368734375 0.8542026828125 0.5584431015625 0.8037376703125 0.5468464859375
2 0.8915624234375 0.614807959375 0.8812122078125 0.6498024828125 0.93630144375 0.6625570546875 0.9440021515625 0.6291187796875 0.8915624234375 0.614807959375
2 0.7372432359375 0.6630343046875 0.7210268328125 0.6971012953125 0.7530776265625 0.70918738125 0.769649578125 0.6747733 0.7372432359375 0.6630343046875
2 0.8464953515625 0.7133698140625 0.8369803499999999 0.7430910078124999 0.887244646875 0.750251609375 0.8999259390625 0.717629075 0.8464953515625 0.7133698140625
2 0.4251250875 0.3487482609375 0.42234104375000003 0.3663260265625 0.500435971875 0.36668151718750003 0.49905144218749997 0.3526499890625 0.4251250875 0.3487482609375
2 0.1403870578125 0.6928196343749999 0.12030840000000001 0.7436908875 0.1551893171875 0.7549881140625 0.1725795453125 0.702123315625 0.1403870578125 0.6928196343749999
2 0.3260263109375 0.7732708109375 0.3175895171875 0.8037655078125001 0.354956984375 0.8145453484375 0.3624800125 0.778443359375 0.3260263109375 0.7732708109375
2 0.3644949328125 0.9403155375000001 0.36994147499999996 0.9856333156250001 0.3969177140625 0.9899059328125001 0.4005165421875 0.9406151875000001 0.3644949328125 0.9403155375000001
2 0.61436891875 0.73666118125 0.6012686921875 0.770021009375 0.627167321875 0.781107375 0.6396435546875 0.747871778125 0.61436891875 0.73666118125
2 0.857413075 0.1775891859375 0.8520681187499999 0.1923583203125 0.8794398234375 0.1960418 0.88608538125 0.18633532656250001 0.857413075 0.1775891859375
2 0.8011482140625 0.1608706515625 0.88358771875 0.1793318203125 0.8842409124999999 0.1638211640625 0.8096106484375 0.145396140625 0.8011482140625 0.1608706515625
2 0.3649638484375 0 0.3630726140625 0.008006962500000001 0.40204287499999997 0.0105549375 0.4021808921875 0 0.3649638484375 0
2 0.1775018640625 0.46988250625 0.2490774140625 0.4848211203125 0.2514901703125 0.469587571875 0.179944496875 0.4582558484375 0.1775018640625 0.46988250625
2 0.0089741859375 0.41195895625 0.006561428125 0.42719250625000005 0.0318456390625 0.4292433921875 0.0361165203125 0.41746018593749995 0.0089741859375 0.41195895625
2 0.0602643453125 0.48134140625 0.107576715625 0.50144646875 0.12749882343750002 0.46676568281249997 0.0793848609375 0.4441306390625 0.0602643453125 0.48134140625
2 0 0.5697686421875 0.008902324999999999 0.5741017765625 0.014740840625000001 0.560011965625 0 0.552088046875 0 0.5697686421875
2 0.1153883703125 0.869632715625 0.107513921875 0.8852003546875 0.18510336562500002 0.9020216796874999 0.1878599390625 0.8865151171875001 0.1153883703125 0.869632715625
2 0.12046021250000001 0.8452113953125 0.113541703125 0.8585290015625 0.14964857812500001 0.8639835796875 0.14956705625 0.84741844375 0.12046021250000001 0.8452113953125
2 0.5853874546875 0.5362855265625 0.6297729125 0.5445162125 0.648628215625 0.4634236984375 0.6023627125 0.45189106875 0.5853874546875 0.5362855265625