2 0.940328125 0.6772234375 0.9790688 0.671505253125 0.9826815671875 0.6486951328125 0.977734375 0.6252187499999999 0.9213281249999999 0.6293718734375 0.940328125 0.6772234375
2 0.9474531265625 0.5633640625 0.9962596625 0.5629664109375 0.9990840609375 0.5451338609375 0.996734375 0.499465625 0.9409218734374999 0.5083640625 0.9474531265625 0.5633640625
2 0.6651234374999999 0.3000640625 0.6179187500000001 0.306090625 0.6250453125 0.34820625 0.6725453140625001 0.3363421875 0.6651234374999999 0.3000640625
2 0.5912000015625 0.25203125000000004 0.49323125 0.26338281406249997 0.4962 0.29719375000000003 0.5941703140625 0.29007499999999997 0.5912000015625 0.25203125000000004
2 0.3715109359375 0.021959375 0.3620109375 0 0.30352812500000004 1.5625e-9 0.3228234375 0.0427203125 0.3715109359375 0.021959375
2 0.3358859375 0.5896281250000001 0.34093437656250003 0.6398625 0.39466875 0.634709375 0.3893234375 0.583696875 0.3358859375 0.5896281250000001
2 0.6588890625 0.9921140625 0.7325140625000001 0.9787515625 0.7236078125 0.9129093765625 0.6381078125 0.9265515625 0.6588890625 0.9921140625
2 0.6042625 0.9449406249999999 0.5992156234375 0.9156140625000001 0.5656703125 0.92180625 0.5733875015625001 0.9496859359375 0.6042625 0.9449406249999999
2 0.8607640625 0.45141875000000004 0.7889203124999999 0.468028125 0.7948578125 0.48522968593750004 0.8631390624999999 0.4727734375 0.8607640625 0.45141875000000004
2 0.7556703125 0.5326843734375 0.7559671875 0.5482421875 0.7901078125 0.5403953125000001 0.7912953125 0.5243796875 0.7556703125 0.5326843734375
2 0.8292953125 0.5172609375 0.7972328140625 0.5226 0.796046875 0.5393468734375 0.7924828125000001 0.5409890640625 0.8298890625 0.5303109375 0.8292953125 0.5172609375
2 0.8382015609375 0.51666875 0.8361234375000001 0.5348984390625 0.8684843750000001 0.5267515625 0.8661078140624999 0.512515625 0.8382015609375 0.51666875