2 0.7976144265625 0.7711280031250001 0.8249992687500001 0.78267915 0.8456240171875 0.7071949859375 0.81511988125 0.7023636046874999 0.7976144265625 0.7711280031250001
2 0.84849766875 0.772572871875 0.8823344359374999 0.7791359734375 0.9114114828125001 0.728433834375 0.8776655671875 0.7212871359374999 0.84849766875 0.772572871875
2 0.9049205765625 0.5302281921875001 0.9224132859375 0.49783142343750003 0.860827403125 0.46312940156250004 0.8431856062499999 0.490993928125 0.9049205765625 0.5302281921875001
2 1 0.45631692187499995 0.9755673609375 0.4524471734375 0.9544875968750001 0.5020081843749999 0.9931537 0.5180528718749999 1 0.4972785 1 0.45631692187499995
2 0.7024883546875 0.55166853125 0.6735679265625001 0.543180503125 0.6518306671875 0.60195680625 0.681590196875 0.6114794609375 0.7024883546875 0.55166853125
2 0.62221425625 0.747855978125 0.5843632890625 0.746970759375 0.5755118078125 0.799071275 0.607403734375 0.806527065625 0.62221425625 0.747855978125
2 0.5900835203125 0.72984221875 0.6194441359375 0.7311861515625 0.618940203125 0.688122446875 0.5893607390625 0.6888494609375 0.5900835203125 0.72984221875
2 0.59277005 0.8369736375000001 0.5773491859375001 0.833026753125 0.56577708125 0.887102553125 0.5783758421875 0.8872929656249999 0.59277005 0.8369736375000001
2 0.12092369218750001 0.3203912453125 0.1394534015625 0.29477138125 0.057046853125 0.22280506875 0.037985039062499996 0.244433171875 0.12092369218750001 0.3203912453125
2 0.720818478125 0.07905799999999999 0.68309804375 0.0730836703125 0.6732730578125 0.14006036093750002 0.7047645515625 0.14624884375 0.720818478125 0.07905799999999999
2 0.8662682593750001 0.072338 0.90390786875 0.09242658125 0.9202160640624999 0.061585540625000004 0.88032734375 0.0552677875 0.8662682593750001 0.072338
2 0.8042822140625001 0.33845034375 0.8466477375 0.2679124578125 0.8134333093749999 0.253634540625 0.77502320625 0.3214925734375 0.8042822140625001 0.33845034375
2 1 0.188754759375 0.9916459890624999 0.1859754640625 0.983761065625 0.21087827187500002 1 0.21856517968750003 1 0.188754759375
2 0.9667954359375001 0.177530890625 0.9337781109375 0.16418591875 0.9239636015625001 0.1935907375 0.956471109375 0.20475093281249998 0.9667954359375001 0.177530890625
2 0.9097623890625 0.18833573125 0.926096109375 0.15575539375 0.91265113125 0.14731383125 0.8982508671874999 0.1774952171875 0.9097623890625 0.18833573125
2 0.8197991265625 0.22909386406249999 0.8657043390625001 0.25770381875 0.8751274328124999 0.239959453125 0.8255846078125 0.21107393281250003 0.8197991265625 0.22909386406249999
2 0.5034177578125 0.52434690625 0.555524990625 0.5380102421874999 0.570356615625 0.5127063875 0.521395015625 0.4953332140625 0.5034177578125 0.52434690625
2 0.5214726421875 0.5299116984375 0.51343598125 0.5493801140625 0.5417733671875 0.5640863015625001 0.550088865625 0.541958453125 0.5214726421875 0.5299116984375
2 0.2010556765625 0.3538210375 0.18373898125000002 0.3564902828125 0.1841561890625 0.44913364375000003 0.198392003125 0.4465791640625 0.2010556765625 0.3538210375
2 0.1727034609375 0.3863028671875 0.15707595000000002 0.3847294375 0.143655290625 0.4998282921875 0.1603588890625 0.5006704281250001 0.1727034609375 0.3863028671875
2 0.1957604484375 0.48553776875 0.1797560921875 0.48450580781249997 0.1738022125 0.544880221875 0.1916799890625 0.5459099125 0.1957604484375 0.48553776875
2 0.16139517187500002 0.5089501000000001 0.1454744390625 0.50733023125 0.1400526296875 0.5491532328125001 0.1574370921875 0.5495020578124999 0.16139517187500002 0.5089501000000001
2 0.11558197031249999 0.5176245078124999 0.13249574687500001 0.52060554375 0.1325790421875 0.48244405625000003 0.11538188906249999 0.480922596875 0.11558197031249999 0.5176245078124999
2 0.2259244625 0.8302678468750001 0.19158873437499999 0.8236288828125 0.18675881875 0.854123759375 0.218805828125 0.8567949015625 0.2259244625 0.8302678468750001
2 0.5987043937500001 0.36029419687500003 0.5808185453125 0.3821085546875 0.6048011015625 0.40153694843750004 0.6269155984375 0.3833980984375 0.5987043937500001 0.36029419687500003
2 0.8483704921875 0.612345940625 0.8843153828125001 0.62615459375 0.8903764625000001 0.6030685265625 0.8610173624999999 0.594813178125 0.8483704921875 0.612345940625
2 0.5071549640625 0.551990621875 0.5019096328125 0.57280286875 0.5343227125000001 0.584549259375 0.542453990625 0.5635945328124999 0.5071549640625 0.551990621875
2 0.4332745046875 0.6142307031249999 0.42370369375 0.6337567078124999 0.47096425625 0.658074278125 0.4834446625 0.6438198984375 0.4332745046875 0.6142307031249999
2 0.091208109375 0.474088090625 0.0378641859375 0.406425853125 0.0021301765625 0.455170321875 0.049202609375 0.5077137828125 0.091208109375 0.474088090625