2 1 0.4803031375 0.997973153125 0.45500255 0.9620175156249999 0.4593402984375 0.9733068234375001 0.5438811984374999 0.99870634375 0.5385122 1 0.5262038875 1 0.4803031375
2 0.8592582171875 0.2716430546875 0.825087946875 0.2758246015625 0.8274461328125 0.3095913140625 0.8663466203124999 0.301121809375 0.8592582171875 0.2716430546875
2 0.739109359375 0.17785156093750001 0.788427028125 0.156252303125 0.7759710921874999 0.12277300937499999 0.71982036875 0.14794860468749998 0.739109359375 0.17785156093750001
2 0.036707581249999996 0.9271116984375001 0.05504655000000001 0.934449084375 0.069284590625 0.8998248390624999 0.0330594328125 0.8854131640625 0.036707581249999996 0.9271116984375001
2 0.2848820328125 0.5668594375 0.24657444062499997 0.571402953125 0.24582091093749997 0.597695240625 0.28536380625 0.5995982796875 0.2848820328125 0.5668594375
2 0.245626928125 0.5333406953125001 0.24698119218749998 0.5624270953125 0.285492665625 0.560249815625 0.2851159453125 0.5286938171875 0.245626928125 0.5333406953125001
2 0.1568021609375 0.40283567343750004 0.16658475625 0.43297274375 0.1822791375 0.4286195734375 0.1705920546875 0.390303303125 0.1568021609375 0.40283567343750004
2 0.213236325 0.42173904531249995 0.197079175 0.38679394375 0.1853554421875 0.3964634671875 0.19576747187500002 0.42624746093750004 0.213236325 0.42173904531249995
2 0.0657972 0.3631161328125 0.0468657875 0.371327046875 0.061686265625 0.40460103593749996 0.076304140625 0.40153251718750005 0.0657972 0.3631161328125
2 0.08816187656249999 0.33970126093749997 0.0724659375 0.3440545671875 0.0850212640625 0.3927251921875 0.102170409375 0.390926828125 0.08816187656249999 0.33970126093749997
2 0.22211775937499997 0.074076390625 0.206475128125 0.0790210515625 0.20844513125000003 0.1092471875 0.22619866875 0.107096365625 0.22211775937499997 0.074076390625
2 0.2266913265625 0.0718882 0.23092592500000003 0.1066827859375 0.24634255624999998 0.10593159062499999 0.2437756828125 0.0697974953125 0.2266913265625 0.0718882
2 0.5476832140625 0.1200969265625 0.5678683609374999 0.105814575 0.5498142374999999 0.07640116875 0.529037284375 0.08924368125 0.5476832140625 0.1200969265625
2 0.64032654375 0.1513288734375 0.62777124375 0.16434768125000002 0.648612559375 0.2119937984375 0.6638722515625 0.20946671249999999 0.64032654375 0.1513288734375
2 0.6159925687500001 0.1045827734375 0.602712921875 0.10932226874999999 0.604420628125 0.12884146093749999 0.617108921875 0.12415526875 0.6159925687500001 0.1045827734375