2 0.6429828546875 0.9047395296875 0.595420934375 0.9204192765625001 0.6025764328125 0.9500019453125 0.65392233125 0.9335158484375 0.6429828546875 0.9047395296875
2 0.063526840625 0.51897056875 0.0709300234375 0.5503156046875 0.137655665625 0.536594090625 0.12906909375 0.4989619390625 0.063526840625 0.51897056875
2 0.040675746875 0.4118268609375 0.039167404687500004 0.44802341874999996 0.1002066515625 0.44292566093749997 0.10013420312500002 0.40826877812499995 0.040675746875 0.4118268609375
2 0.8999134484375 0.574151946875 0.9036237515625001 0.604818390625 0.9481493671875001 0.601664365625 0.9429384109375001 0.5603089984375 0.8999134484375 0.574151946875
2 0.84414799375 0.616774675 0.855317809375 0.6535893515625 0.876378653125 0.6477261890625 0.867582678125 0.612881559375 0.84414799375 0.616774675
2 0.083014184375 0.47844689375 0.08472331562499999 0.5033955765625 0.12239063593749999 0.49197181093750003 0.11494078593749998 0.4709603984375 0.083014184375 0.47844689375
2 0.33078359218750003 0.6031589953125 0.33318063124999997 0.620214815625 0.36924365 0.610174665625 0.3667418140625 0.594506309375 0.33078359218750003 0.6031589953125
2 0.3283132359375 0.581315221875 0.329957034375 0.5972777312499999 0.3653881984375 0.5891298734375 0.36074362656250003 0.5731583375 0.3283132359375 0.581315221875
2 0.3349214359375 0.5557971984375001 0.33127194375 0.5725036328125 0.3511944984375 0.5713399359375 0.34676195625 0.55473270625 0.3349214359375 0.5557971984375001
2 0.2034475671875 0.2815950578125 0.20374062187500003 0.300745328125 0.2564765109375 0.294149534375 0.25459333281249996 0.2786056625 0.2034475671875 0.2815950578125
2 0.1730869671875 0.2276864265625 0.1752361046875 0.24297833125 0.2325587578125 0.2327557625 0.22559102968750003 0.21730795781249998 0.1730869671875 0.2276864265625
2 0 0.2776037140625 0.0402761765625 0.2660749609375 0.0188077921875 0.239174425 0 0.24452598281250001 0 0.2776037140625
2 0.01868416875 0.3321527390625 0.008431214062500001 0.3359920375 0.0123442671875 0.351036040625 0.025033289062500002 0.347453959375 0.01868416875 0.3321527390625
2 0.050223903125000004 0.3475111609375 0.037452246875 0.3505052703125 0.0330060125 0.361531371875 0.0534648015625 0.36205004375 0.050223903125000004 0.3475111609375
2 0 0.3077586875 0.0197509578125 0.3056131765625 0.015342101562499998 0.28704134375 0.0029946953124999997 0.2887766578125 0 0.3015061421875 0 0.3077586875
2 0.80296551875 0.9338339546875 0.8115558234375 0.9224305625 0.8006604296875001 0.913166121875 0.79161868125 0.92135733125 0.80296551875 0.9338339546875
2 0.8217429125000001 0.947986503125 0.8281468171874999 0.9380911375000001 0.8157449437500001 0.9266400796875001 0.8059352203125 0.9400325374999999 0.8217429125000001 0.947986503125
2 0.8178768765625 0.9119456796875 0.8307934031249999 0.9185261484374999 0.839558509375 0.9041002656250001 0.8284561125 0.895496059375 0.8178768765625 0.9119456796875
2 0.8611295609375 0.9082668281249999 0.867121625 0.8954298406250001 0.8565645359375 0.884317521875 0.8449511031249999 0.897674728125 0.8611295609375 0.9082668281249999
2 0.81430389375 0.8950551265625 0.8263489281249999 0.8783695234375 0.804695459375 0.8736165359375001 0.7964718234375 0.89189518125 0.81430389375 0.8950551265625