2 0.2571341734375 0.37577264062500004 0.25227517499999996 0.413018465625 0.30545961250000003 0.419018128125 0.31044615000000003 0.379324875 0.2571341734375 0.37577264062500004
2 0.2078268 0.04743436875 0.1969897484375 0.0819233359375 0.23152296875 0.091546834375 0.24360081406249998 0.054105940625 0.2078268 0.04743436875
2 0.10833298281249999 0.11125690937499999 0.11765904375 0.065882825 0.070276290625 0.0741714796875 0.0613495890625 0.0998178453125 0.10833298281249999 0.11125690937499999
2 0.33360805312499997 0.0332676421875 0.3199217765625 0.08888374375 0.4003537 0.0950307984375 0.4104080546875 0.044068196875 0.33360805312499997 0.0332676421875
2 0.4767723359375 0.0680760765625 0.5553424421875001 0.0739801671875 0.5643753296875 0.017770760937499998 0.48371682031249996 0.010458025 0.4767723359375 0.0680760765625
2 0.633523840625 0.08721976406250001 0.629605021875 0.14485295781250002 0.7119151390625 0.148215475 0.7228132078125 0.09224996875 0.633523840625 0.08721976406250001
2 0.158178784375 0.7224390828125 0.16751673125 0.6709026359375 0.13120252968749999 0.667675546875 0.1231069078125 0.7224914499999999 0.158178784375 0.7224390828125
2 0.1192383015625 0.79282178125 0.07897234843749999 0.7879433812500001 0.0788584515625 0.8309219390625 0.1082110140625 0.8294520109375 0.1192383015625 0.79282178125
2 0.17341004531249998 1 0.1749304875 0.9610867109375001 0.1205627546875 0.9583429656250001 0.11641780156249999 0.9930305421875 0.15810660781250002 1 0.17341004531249998 1
2 0.305971603125 0.8152885390625 0.3097298359375 0.79572608125 0.25356673281250003 0.7806260125 0.2533548359375 0.7982145968750001 0.305971603125 0.8152885390625
2 0.2525340671875 0.97447364375 0.2518324578125 0.9957499859375 0.3044646765625 0.9958051734375 0.30851379687499997 0.979286890625 0.2525340671875 0.97447364375
2 0.348708128125 0.8904525 0.3461561125 0.9302232734375 0.37885967656249997 0.9335457453125 0.3843160609375 0.8931578921875 0.348708128125 0.8904525
2 0.587718125 0.5563812890625 0.5762690375 0.6235149359375 0.662061359375 0.6292248984375 0.67917471875 0.564789721875 0.587718125 0.5563812890625
2 0.735927021875 0.57202983125 0.7255261328125 0.6289890406249999 0.7948840734375 0.6372886578125 0.8028824828125 0.57886088125 0.735927021875 0.57202983125
2 0.839566890625 0.7955915578125 0.8856436437499999 0.8023663578125 0.894208515625 0.7468527875000001 0.85221195 0.7392864703125 0.839566890625 0.7955915578125
2 0.8963505328125001 0.62250316875 0.8919768093749999 0.663793203125 0.964506465625 0.6666358078125 0.9671634703124999 0.6273969609375001 0.8963505328125001 0.62250316875
2 1 0.7520101125 0.9744163984374999 0.753403125 0.964652378125 0.8136305484375 0.9978091125 0.819284384375 1 0.8021136734375001 1 0.7520101125
2 0.9100796125 0.24038163906249999 0.9037043921875 0.29626068125 0.9545710406250001 0.3043392296875 0.9583857953124999 0.2443036296875 0.9100796125 0.24038163906249999
2 0.7355576015625 0.2527307703125 0.7247842046875 0.332667596875 0.762248009375 0.3386971328125 0.7721244656249999 0.2557018203125 0.7355576015625 0.2527307703125
2 0.7929415421875 0.26788800625000003 0.78743955 0.33137935 0.8251623968749999 0.3325180375 0.831300521875 0.273847 0.7929415421875 0.26788800625000003
2 0.817158240625 0.21509414375000002 0.8082281609375 0.254734196875 0.8333405421875 0.2625597421875 0.840300953125 0.22369412500000002 0.817158240625 0.21509414375000002
2 0.836148846875 0.1914422640625 0.8442539140624999 0.1382226375 0.7892064249999999 0.13198184531249998 0.7831022890625 0.184596053125 0.836148846875 0.1914422640625
2 0.906762753125 0.20775094374999997 0.95304105625 0.21680733124999998 0.9370807781250001 0.13469881875 0.9200716437500001 0.1361904703125 0.906762753125 0.20775094374999997
2 0.5897894375 0.431676128125 0.586164315625 0.45036749687500005 0.6384257359375 0.45473039374999996 0.6411943453125 0.4378561546875 0.5897894375 0.431676128125
2 0.49793823125000003 0.8335609203125 0.49274253906250004 0.8706222890624999 0.5112312125 0.87393344375 0.5119927109375 0.8405099984375 0.49793823125000003 0.8335609203125