2 0.91107394375 0.2395172828125 0.8357578968749999 0.23391662812499997 0.83248421875 0.276578365625 0.9045249015625 0.289788096875 0.91107394375 0.2395172828125
2 0.8539052874999999 0.14127321406249999 0.813612065625 0.13630147343750001 0.8168819640624999 0.195826853125 0.8518390234375 0.198831478125 0.8539052874999999 0.14127321406249999
2 0.9960125484375 0.2671956453125 0.9731446625 0.264855203125 0.9758685921874999 0.3059440484375 0.9966877625 0.3058786015625 0.9960125484375 0.2671956453125
2 0.7772056187499999 0.06641020625 0.771699459375 0.0091831828125 0.71649873125 0.0072555296875 0.7226630468749999 0.0689613765625 0.7772056187499999 0.06641020625
2 0.6710600078125 0.0321067546875 0.70349549375 0.033536482812500004 0.70462628125 0.006840935937500001 0.67137836875 0.005976946875 0.6710600078125 0.0321067546875
2 0.3788335640625 0.197760675 0.38342210625 0.2365381828125 0.463165215625 0.23338175625000002 0.45560817187499997 0.1945005828125 0.3788335640625 0.197760675
2 0.4099345296875 0.4777838515625 0.3719784234375 0.47913189999999994 0.3739033109375 0.526133959375 0.41322135937500004 0.5233481921875 0.4099345296875 0.4777838515625
2 0.46951792187499997 0.5324434546875 0.4318016 0.5358792671875 0.433711740625 0.566245678125 0.4718046921875 0.5646053531249999 0.46951792187499997 0.5324434546875
2 0.5581315921875001 0.5260321203125 0.5608702125 0.5837581765625 0.5751577140624999 0.5830673187500001 0.574219925 0.5248116015625001 0.5581315921875001 0.5260321203125
2 0.3288550625 0.7610189468749999 0.291869125 0.765074375 0.295885 0.8032377765625001 0.33334155781249997 0.8027634515625 0.3288550625 0.7610189468749999
2 0.43447112031249996 0.872540015625 0.412868025 0.873863446875 0.4133558609375 0.92794623125 0.435400359375 0.9263395953125 0.43447112031249996 0.872540015625
2 0.231895334375 0.8039737671875 0.21620405625 0.8046140390625001 0.2242756859375 0.8797540078124999 0.23727113281249998 0.8819917187499999 0.231895334375 0.8039737671875
2 0.8030037203125 0.4505164078125 0.7705373015625 0.45086793593749996 0.772066915625 0.5091443203125 0.807679584375 0.510387940625 0.8030037203125 0.4505164078125
2 0.8363084859375001 0.517625859375 0.7850018125 0.5131606875 0.786103759375 0.566670803125 0.84204298125 0.5644638984375 0.8363084859375001 0.517625859375
2 0.8173127453125 0.8573902046875 0.78319824375 0.854121071875 0.779191771875 0.934780384375 0.8188975546874999 0.9379492765625 0.8173127453125 0.8573902046875
2 0.8575100750000001 0.3428046 0.85736536875 0.373990421875 0.9419660562500001 0.3748653515625 0.9390126296875 0.340303725 0.8575100750000001 0.3428046
2 0.0129082515625 0.1573560765625 0.0406463796875 0.147927753125 0.0358091796875 0.11627090468750001 0.014286292187499999 0.11789419375000001 0.0129082515625 0.1573560765625
2 0.6599518109375 0.9231884703125001 0.6260008 0.9139839265624999 0.6269310515625001 0.9894686265624999 0.6619710515625 0.9900981359375001 0.6599518109375 0.9231884703125001
2 0.10537947656249999 0.5916150015625 0.0913216734375 0.593205046875 0.0979535875 0.6341333062500001 0.11289502343749999 0.6316845125 0.10537947656249999 0.5916150015625
2 0.06364481718750001 0.595506165625 0.0732645921875 0.6433710484375 0.08816615 0.6421090875 0.0833763671875 0.5920364234375 0.06364481718750001 0.595506165625