2 0.25543991718750003 0.5272691359375 0.26550628125000003 0.576565059375 0.318432784375 0.559755571875 0.30542318125 0.5119424046875001 0.25543991718750003 0.5272691359375
2 0.3029345078125 0.8092784937499999 0.1798422078125 0.8749037875000001 0.20512298125 0.9246159359374999 0.3281420296875 0.8587779 0.3029345078125 0.8092784937499999
2 0.825323625 0.8655854140624999 0.8309044203125 0.8982116343750001 0.88656839375 0.8774932609375 0.8825865937499999 0.84586819375 0.825323625 0.8655854140624999
2 0.9282603265624999 0.22713077187500003 0.8908197265625001 0.2387666796875 0.9126082249999999 0.314806415625 0.9453813437499999 0.306033575 0.9282603265624999 0.22713077187500003
2 0.4003221953125 0.36808533125 0.45162156875 0.35293339218750003 0.4439875046875 0.3216437828125 0.3943533125 0.33433681875 0.4003221953125 0.36808533125
2 0.3632741609375 0.4756907390625 0.3876064125 0.5244719124999999 0.4161803625 0.5089797984375 0.397711490625 0.46446097656249996 0.3632741609375 0.4756907390625
2 0.626282959375 0.22369862187499998 0.6320585375000001 0.256885734375 0.664334859375 0.2484938265625 0.65775899375 0.21662998125000002 0.626282959375 0.22369862187499998
2 0.7816078640625 0.623730325 0.7928972437499999 0.6638120078124999 0.8305468671874999 0.6518760796875 0.8205754265625 0.6147101078125 0.7816078640625 0.623730325
2 0.9402903703125001 0.3605502421875 0.946059334375 0.41195549531250003 0.9835226718750001 0.39856668281249996 0.9691151609374999 0.3512530328125 0.9402903703125001 0.3605502421875
2 0 0.3739005265625 0.096085840625 0.34533126406250003 0.08162945 0.288752171875 0 0.3146698453125 0 0.3739005265625
2 0 0.24080128906249998 0.0462152609375 0.231495278125 0.035964240625 0.1907817390625 0 0.2031652203125 0 0.24080128906249998
2 0.3555496828125 0.85083623125 0.376987125 0.9295086953125 0.4207088984375 0.9060278187499999 0.398141125 0.8286319687500001 0.3555496828125 0.85083623125