2 0.1419714578125 0.59097454375 0.12009360625000001 0.56588855625 0.0919051640625 0.5920525984375 0.11980093437499999 0.6151903843750001 0.1419714578125 0.59097454375
2 0.0727628421875 0.50794444375 0.045857346874999996 0.47665654062499996 0.020569685937500002 0.49967785937500003 0.0456044015625 0.5313908406250001 0.0727628421875 0.50794444375
2 0.126516778125 0.373523465625 0.09747913281250001 0.34430088593749997 0.0657075 0.37410071875 0.099722009375 0.4003670171875 0.126516778125 0.373523465625
2 0.1495350375 0.3951847515625 0.1337679109375 0.37707337343749997 0.1087455265625 0.411704121875 0.1339384515625 0.42154285781249995 0.1495350375 0.3951847515625
2 0.27724640625 0.541532178125 0.180972415625 0.4434056953125 0.16095556875 0.47490910468749997 0.2555070171875 0.56871923125 0.27724640625 0.541532178125
2 0.20447242499999999 0.4164990796875 0.248448175 0.44628416875 0.2700017984375 0.42026999531250003 0.22519850937500002 0.382415478125 0.20447242499999999 0.4164990796875
2 0.3684433625 0.4022319453125 0.32897255625 0.3743579265625 0.3093692453125 0.3975471015625 0.35130309843749996 0.430745415625 0.3684433625 0.4022319453125
2 0.2422655890625 0.0981765296875 0.24870364843749998 0.1334286125 0.2878148921875 0.129413146875 0.27787904218750004 0.09535989843750001 0.2422655890625 0.0981765296875
2 0.35291975781249996 0.9595019375 0.3307204328125 0.9782063546875 0.3844851859375 0.9879368140624999 0.35291975781249996 0.9595019375
2 0.513918503125 0.2162732484375 0.5154661703125 0.20270613593750003 0.46268503125000005 0.194346425 0.4603633734375 0.20711702812500002 0.513918503125 0.2162732484375
2 0.40475860468749997 0.355131453125 0.40862834843750007 0.31550678125 0.36884307031249997 0.30860584375 0.36799789843749997 0.35189724375 0.40475860468749997 0.355131453125