2 0.1350464046875 0.880512175 0.1264024765625 0.9169717671875001 0.15838669218749998 0.9239804953125 0.171158615625 0.890407309375 0.1350464046875 0.880512175
2 0.25291675156250004 0.6531303890625 0.21996595624999998 0.65773626875 0.2258705140625 0.694641946875 0.26047239375000003 0.6891420234375001 0.25291675156250004 0.6531303890625
2 0.5490182609375001 0.6466964046875 0.5856851796875 0.6426410890625001 0.5672301796875 0.5892756484375 0.534415840625 0.5980746640625 0.5490182609375001 0.6466964046875
2 0.9571095734374999 0.7488115765625001 0.9958523843749999 0.741980171875 0.9962835437500001 0.7172790953125 0.9891824171874999 0.6913568171875 0.9487327000000001 0.6978846984375 0.9571095734374999 0.7488115765625001
2 0.8289212734375001 0.5244612921875 0.7740928734375 0.538344625 0.7955728125 0.591778009375 0.8444174656250001 0.574732578125 0.8289212734375001 0.5244612921875
2 0.5810888546874999 0.48323150468750004 0.5665033734375 0.41760948906250006 0.5287246765625 0.4256083984375 0.5436661578125 0.4898301359375 0.5810888546874999 0.48323150468750004
2 0.41660526875 0.408635496875 0.41792978437499995 0.3511810734375 0.36265616093749997 0.3591201640625 0.3655642625 0.4098055140625 0.41660526875 0.408635496875
2 0.3588692078125 0.47784235468749997 0.4194482203125 0.47605673125000003 0.417074671875 0.448909590625 0.356300715625 0.44276007812499996 0.3588692078125 0.47784235468749997
2 0.3658135953125 0.1513640359375 0.359317925 0.1350408875 0.305696928125 0.1420856640625 0.3109897875 0.1550066171875 0.3658135953125 0.1513640359375
2 0.3402326515625 0.12937201250000002 0.33909613906249997 0.1126687296875 0.307424421875 0.11769006562499999 0.3062152296875 0.1347672921875 0.3402326515625 0.12937201250000002
2 0.4514247703125 0.0675716921875 0.45377635156249996 0.09971416093749999 0.48091292812499997 0.099746178125 0.47514482343750003 0.06703363749999999 0.4514247703125 0.0675716921875
2 0.49152336406249997 0.0436657734375 0.4931701484375 0.06325396250000001 0.5365429703125 0.0562074859375 0.53465565625 0.042084720312500004 0.49152336406249997 0.0436657734375
2 0.4901892390625 0.025832768750000002 0.4939443703125 0.042009265625 0.52251403125 0.0382012796875 0.5206269890625 0.024080054687499998 0.4901892390625 0.025832768750000002
2 0.6395790703124999 0.083213234375 0.634209671875 0.0732774875 0.61436926875 0.0804314203125 0.623479546875 0.0944864015625 0.6395790703124999 0.083213234375
2 0.6484106015625 0.10936444999999999 0.64023749375 0.0920852484375 0.584124940625 0.11407250312499999 0.5967117843749999 0.1239001859375 0.6484106015625 0.10936444999999999