2 0.0995607921875 0.5970938953125 0.0939454703125 0.5590895578125 0.0599445046875 0.566239321875 0.0659754125 0.6028997656249999 0.0995607921875 0.5970938953125
2 0.257371621875 0.7621432640625 0.24177537187499998 0.7292211828124999 0.2090306515625 0.7424316265625001 0.2224473328125 0.7764225 0.257371621875 0.7621432640625
2 0.268990090625 0.7179062968750001 0.2823237390625 0.7494399578125 0.3387356125 0.7348071453125 0.324470059375 0.703706409375 0.268990090625 0.7179062968750001
2 0.1686012453125 0.972916284375 0.2219976125 0.9620945296875 0.20987937343750002 0.940512478125 0.16176906875 0.9556331796875 0.1686012453125 0.972916284375
2 0.637813575 1 0.6388982390625 0.999759075 0.6297000421875001 0.9754571125 0.5838152 0.988984459375 0.58846860625 1 0.637813575 1
2 0.885256484375 0.8135031015624999 0.9185654359375001 0.8074863984375 0.9080615249999999 0.7708408484375 0.8763277515624999 0.7827328203125 0.885256484375 0.8135031015624999
2 0.815743390625 0.749664209375 0.8036460296874999 0.717642690625 0.7785661968750001 0.72497536875 0.7916597578125 0.759253234375 0.815743390625 0.749664209375
2 0.886924628125 0.5355784031249999 0.8832616874999999 0.5025083140625 0.82459305 0.5122618078125 0.833489390625 0.5468265171875 0.886924628125 0.5355784031249999
2 0.8590075875000001 0.3300898875 0.8117963218750001 0.372403359375 0.8415669687499999 0.4000171828125 0.885105965625 0.365615321875 0.8590075875000001 0.3300898875
2 1 0.14763430625 0.9735256765625 0.1656450359375 0.999327028125 0.194346740625 1 0.1937305234375 1 0.14763430625
2 0.5744929015625 0.31889394531250004 0.5588966515625 0.285971865625 0.531038965625 0.29782338125 0.5500379015625 0.33272769375 0.5744929015625 0.31889394531250004
2 0.505816078125 0.3408716859375 0.48914034375000004 0.306663125 0.43990674375000005 0.3243864515625 0.46095225937500006 0.359759984375 0.505816078125 0.3408716859375
2 0.347891153125 0.3746894328125 0.344279825 0.3410294109375 0.3060624578125 0.3418548140625 0.3086046515625 0.374110059375 0.347891153125 0.3746894328125
2 0.2635649390625 0.42566514843750003 0.256973359375 0.3851944625 0.2296842296875 0.390547365625 0.2320438625 0.43170181249999995 0.2635649390625 0.42566514843750003
2 0.196052784375 0.48883081562499997 0.1905637609375 0.456195415625 0.1501857328125 0.45444928124999995 0.153975534375 0.49630604843750004 0.196052784375 0.48883081562499997
2 0.6393074046875 0.6544385 0.6602985515625 0.6461520921874999 0.641966825 0.610434084375 0.6238146515625 0.6203334375 0.6393074046875 0.6544385
2 0.34775564999999997 0.5056760671875 0.3403826421875 0.487762175 0.3087422890625 0.50538095625 0.31387956250000004 0.518193078125 0.34775564999999997 0.5056760671875