1 0.38641647031250004 0.8262526156250001 0.4606326171875 0.9290667546875 0.47584205625 0.91904433125 0.397650715625 0.8183391 0.38641647031250004 0.8262526156250001
1 0.30279900625 0.94707168125 0.31878598281250003 0.96645838125 0.369443253125 0.9289237625 0.3543482046875 0.9072665687500001 0.30279900625 0.94707168125
1 0.338361228125 0.88787986875 0.28762480468749996 0.9269546421875001 0.295577075 0.9374195484375001 0.34866634687500003 0.8976951484375 0.338361228125 0.88787986875
1 0.267255225 0.90270221875 0.28385151249999996 0.9252110234375 0.33547994375 0.8838641953125 0.319575240625 0.862937503125 0.267255225 0.90270221875
1 0.165472809375 0.691789415625 0.048703096875000004 0.39816951562499997 0.00846705625 0.4138367578125 0.124546746875 0.7058746265625 0.165472809375 0.691789415625
1 0.16059880625 0.6668032125 0.1702981359375 0.6881776281249999 0.182143090625 0.6833894203125 0.1718330515625 0.658889696875 0.16059880625 0.6668032125
1 0.107807396875 0.40590464531250003 0.09603807812500001 0.379782575 0.05726131875 0.3970721640625 0.0675714390625 0.42157032812499995 0.107807396875 0.40590464531250003
1 0.216924415625 0.5801041234375 0.18567072499999998 0.49809040937500004 0.16275467500000002 0.5077089453125 0.19331678125 0.588140546875 0.216924415625 0.5801041234375
1 0.20507938124999997 0.5848938921875 0.22094860781249998 0.6212758453125 0.232751603125 0.6172583734375 0.21688401875 0.580874940625 0.20507938124999997 0.5848938921875
1 0.2635576515625 0.6930651531249999 0.243714709375 0.6587937484374999 0.22947651093750002 0.6650024 0.25005135312500004 0.7000866609374999 0.2635576515625 0.6930651531249999
1 0.2550701453125 0.6485677812499999 0.2414830515625 0.6571309234375 0.2635980484375 0.6922943359375 0.276373846875 0.684463175 0.2550701453125 0.6485677812499999
1 0.2850851375 0.6362295484375 0.25892423125 0.648769765625 0.28026832968750004 0.683894340625 0.3018043328125 0.6711117421874999 0.2850851375 0.6362295484375
1 0.193688634375 0.43359038906249997 0.1661679203125 0.3540895515625 0.1377752734375 0.36496850468750003 0.16777010781249999 0.4415057046875 0.193688634375 0.43359038906249997
1 0.2251426671875 0.511751496875 0.1941766734375 0.43902650625 0.16971742812499999 0.44856416718750003 0.1999141640625 0.5212488421875 0.2251426671875 0.511751496875
1 0.2619150671875 0.6064198171874999 0.2279028421875 0.5180780609375 0.2027550515625 0.52603533125 0.235996459375 0.6143366921875 0.2619150671875 0.6064198171874999
1 0.3638285984375 0.490424278125 0.261504309375 0.216108725 0.15194808125 0.2567384890625 0.2528519265625 0.5286607984375 0.3638285984375 0.490424278125
1 0.3193564703125 0.24773606718750002 0.3357910890625 0.27332970156249997 0.364345240625 0.2593690390625 0.35119579375 0.23008446718750003 0.3193564703125 0.24773606718750002
1 0.3279617265625 0.275238184375 0.3168824328125 0.2506981453125 0.28597543124999997 0.2653084328125 0.2976236421875 0.29374139375 0.3279617265625 0.275238184375
1 0.36130236875 0.2584366359375 0.3707525984375 0.2550672296875 0.361622184375 0.237585734375 0.35290081406249996 0.24176627343749998 0.36130236875 0.2584366359375
1 0.29239106875 0.29037542968749996 0.3450310546875 0.42142718281249997 0.36158014375 0.41533964062499995 0.3104398359375 0.285139415625 0.29239106875 0.29037542968749996
1 0.32617779375 0.27978073281250004 0.30889820156250003 0.28505862187500003 0.3539913640625 0.3979389390625 0.3697696359375 0.391811 0.32617779375 0.27978073281250004
1 0.37355309062500003 0.2606245375 0.3270294046875 0.27827949531249996 0.368022740625 0.38089836875 0.415276846875 0.36405462499999997 0.37355309062500003 0.2606245375
1 0.3572437453125 0.6414178359375 0.35354864375 0.625732640625 0.304834503125 0.643834509375 0.31113944843749997 0.659011846875 0.3572437453125 0.6414178359375
1 0.4013093078125 0.7366764734375 0.3912083796875 0.7200093640625 0.35001709999999997 0.74237955 0.3569649953125 0.75758901875 0.4013093078125 0.7366764734375
1 0.36731098281249996 0.6587278125 0.3584651375 0.6427726781249999 0.31344418281249997 0.664295959375 0.3197829015625 0.6788288703124999 0.36731098281249996 0.6587278125
1 0.366497853125 0.661913059375 0.3202233765625 0.6827244484375 0.3283588890625 0.6999331875 0.377918290625 0.678003121875 0.366497853125 0.661913059375
1 0.3073101609375 0.679772703125 0.2825832765625 0.6926259 0.350292209375 0.8225757281250001 0.3765051421875 0.8083859734375001 0.3073101609375 0.679772703125
1 0.3790706578125 0.680645178125 0.3301203515625 0.7032533625 0.337712675 0.7184966046875 0.38480028125 0.69449996875 0.3790706578125 0.680645178125
1 0.386563303125 0.697820225 0.34072922031249997 0.7225287546875 0.34635760625 0.73831526875 0.3940543890625 0.714995190625 0.386563303125 0.697820225
1 0.1474810109375 0.7506331281249999 0.1353770578125 0.7566015859374999 0.1517995015625 0.7942501656250001 0.16392806875000002 0.787812040625 0.1474810109375 0.7506331281249999
1 0.16047655 0.7456548765625 0.1493134921875 0.7516726453125 0.1871103765625 0.840436490625 0.199683996875 0.8344926484374999 0.16047655 0.7456548765625
1 0.1745116046875 0.73884414375 0.160947778125 0.7456795734375 0.2185824796875 0.878873790625 0.231133046875 0.8733996968750001 0.1745116046875 0.73884414375
1 0.23040379843749997 0.71630405 0.1754278875 0.7393631218750001 0.23987332343749998 0.8865923953125 0.29195418125 0.8647960390625 0.23040379843749997 0.71630405
1 0.270850371875 0.7005007640625001 0.23045310937500002 0.715363153125 0.2890069140625 0.8580387796875 0.329898459375 0.8427313375000001 0.270850371875 0.7005007640625001
1 0.3053014234375 0.77210974375 0.3353178171875 0.8293372328125 0.349302003125 0.8234673140625001 0.3188405546875 0.7657455421875 0.3053014234375 0.77210974375