2 0.09546400625 0.248232128125 0.12104472031249999 0.22376196875 0.0762643984375 0.17826007500000002 0.051523990625 0.2023424453125 0.09546400625 0.248232128125
2 0.22832577656250003 0.092662334375 0.1988700296875 0.06609786250000001 0.1649568859375 0.094891925 0.19240804218750002 0.12777749375 0.22832577656250003 0.092662334375
2 0.3083978015625 0.2907801578125 0.284776578125 0.26689374843749997 0.2411295296875 0.3025496984375 0.2678518 0.33083325625 0.3083978015625 0.2907801578125
2 0.3299180484375 0.308992559375 0.2892420421875 0.329247246875 0.2943083484375 0.3422570609375 0.331745665625 0.32431720468749997 0.3299180484375 0.308992559375
2 0.33567621718749996 0.3567247609375 0.333171065625 0.3409078578125 0.307630675 0.352358290625 0.31092192500000004 0.363649628125 0.33567621718749996 0.3567247609375
2 0.36561078281250003 0.33697063125 0.312350825 0.39164894375000003 0.3247642359375 0.4016948 0.3757695296875 0.3479731625 0.36561078281250003 0.33697063125
2 0.0843878546875 0.55027091875 0.039213584375 0.5952619593749999 0.06564449375 0.6217059484374999 0.10847300468750001 0.577086440625 0.0843878546875 0.55027091875
2 0.11574978437500001 0.736885809375 0.0876661203125 0.7569495171875 0.132346921875 0.8075263343750001 0.1574356234375 0.7837352515625 0.11574978437500001 0.736885809375
2 0.16863733281249998 0.8696421375 0.13349920625 0.8337691703125 0.09285121562500001 0.863699534375 0.125343353125 0.9113327765625 0.16863733281249998 0.8696421375
2 0.297211584375 0.5351812375 0.33574233593749997 0.5621102390625 0.35011743906250004 0.5352099796875 0.322907384375 0.5057444234374999 0.297211584375 0.5351812375
2 0.1343588859375 0.34957501562500004 0.127759403125 0.368635821875 0.18652577812499999 0.407564196875 0.1970634359375 0.3924926875 0.1343588859375 0.34957501562500004
2 0.45002034999999996 0.11460335625 0.4318628515625 0.09105387968749999 0.41183063906250006 0.110702959375 0.4280807875 0.135494221875 0.45002034999999996 0.11460335625
2 0.5799001140625 0.17931362343749999 0.56822683125 0.16254420625 0.5255695484375 0.2025615171875 0.53993900625 0.21927408593750003 0.5799001140625 0.17931362343749999
2 0.32335294062500003 0.62052536875 0.314645478125 0.611094846875 0.28771036875 0.6365024874999999 0.2973715515625 0.6462612937500001 0.32335294062500003 0.62052536875
2 0.3427144921875 0.6402803968749999 0.3303013265625 0.63023608125 0.307485378125 0.6531846921875 0.3198492828125 0.6667234875 0.3427144921875 0.6402803968749999
2 0.228007834375 0.4398426875 0.22371324375 0.4279097828125 0.19162795 0.4454813015625 0.1978877453125 0.4584254796875 0.228007834375 0.4398426875
2 0.59057093125 0.6262484125000001 0.6245934828124999 0.643681365625 0.6484445078125 0.6158814171875 0.621796903125 0.5918747718749999 0.59057093125 0.6262484125000001
2 0.593703634375 0.6725961546875 0.61471534375 0.6458470609375 0.5994493984375 0.6348608609374999 0.5766597531250001 0.6560777875 0.593703634375 0.6725961546875
2 0.8022666062500001 0.2738163265625 0.7710908625 0.2781529265625 0.777108534375 0.3275335765625 0.806912303125 0.3259312 0.8022666062500001 0.2738163265625
2 0.23881977499999998 0.4663558734375 0.2323948203125 0.4523589453125 0.21742279843749998 0.46030833125 0.2199311828125 0.472350125 0.23881977499999998 0.4663558734375
2 0.5644329875 0.457424409375 0.57477155 0.44677916562500003 0.5410945046875 0.41444780156250005 0.53188915 0.42654457968750004 0.5644329875 0.457424409375
2 0.315648484375 0.8451587187499999 0.3108899671875 0.830296703125 0.2774917171875 0.8452618359375 0.2808035 0.8566828078125001 0.315648484375 0.8451587187499999
2 0.32222908437500003 0.863933878125 0.3201876140625 0.8510445453125 0.3047659375 0.858052684375 0.31077869062499996 0.8675493140625001 0.32222908437500003 0.863933878125
2 0.3762535125 0.787513609375 0.37056934531249996 0.778203815625 0.35535073281249996 0.778893015625 0.357858478125 0.7928285374999999 0.3762535125 0.787513609375
2 0.38221828593749996 0.80999163125 0.38264330156250004 0.793707471875 0.3638277 0.7982648 0.36628998125 0.811913275 0.38221828593749996 0.80999163125
2 0.3551697609375 0.7872492046875 0.3482527953125 0.7739313546875 0.329699971875 0.782055553125 0.337732453125 0.7948154656249999 0.3551697609375 0.7872492046875
2 0.143522571875 0.7186747921875 0.1661265609375 0.7475251968750001 0.20361065625000002 0.7317784609375 0.1888913984375 0.6976752562499999 0.143522571875 0.7186747921875