2 0.8351159687499999 0.8993404546875 0.8663174031249999 0.9698487515625 0.9006249468749999 0.966859778125 0.8777777046875 0.8896525625 0.8351159687499999 0.8993404546875
2 0.8356646828125 0.8034245171875 0.8113893765625001 0.75076956875 0.7774538203125 0.7648229125 0.79480623125 0.8200990171875 0.8356646828125 0.8034245171875
2 0.8486075484375 0.76061168125 0.8605818359375 0.7952906421875 0.8954737671874999 0.7785436953125 0.8760912375000001 0.74093833125 0.8486075484375 0.76061168125
2 0.4203699890625 0.9207396921875001 0.4277657671875 0.9576041375000001 0.4827609875 0.9424015750000001 0.4763029890625 0.9128676671875 0.4203699890625 0.9207396921875001
2 0.0682230109375 0.717539334375 0.0749772421875 0.7538654593749999 0.1224972 0.7383946375 0.1107384875 0.7061797015625 0.0682230109375 0.717539334375
2 0.04538300625 0.6540399 0.054399704687499995 0.6889760484375 0.08487946406249999 0.6762978796875 0.07670305937500001 0.6441538078125 0.04538300625 0.6540399
2 0.2017204484375 0.64929300625 0.21274296874999998 0.679887815625 0.26985293593750004 0.6582185203125 0.25100950625 0.6233688453124999 0.2017204484375 0.64929300625
2 0.27988075625 0.47989879062499996 0.29733971875 0.5295802562499999 0.33356960468749997 0.5145011703125 0.3139771015625 0.4642770265625 0.27988075625 0.47989879062499996
2 0.95893645 0.5842356578125 0.9389930718749999 0.5538268734375 0.89083034375 0.579000009375 0.9064338046874999 0.6108613203125 0.95893645 0.5842356578125
2 0.7465335625 0.5885281859375 0.7553664718750001 0.614551121875 0.8139509046875 0.5892974921875 0.792812775 0.5588756 0.7465335625 0.5885281859375
2 0.85127761875 0.5186300312500001 0.8629416859375001 0.5497631609375 0.9185082984375 0.5274666171875 0.9058164578125 0.49480474531249996 0.85127761875 0.5186300312500001
2 0.8551335906249999 0.3992035703125 0.8707540312500001 0.42105813437500006 0.9024070640625 0.40475924374999994 0.8843918859375 0.37937653125000004 0.8551335906249999 0.3992035703125
2 0.7652361265625001 0.311798234375 0.7842565515625 0.3452647203125 0.814338 0.31781505625 0.7993525078125 0.2861867109375 0.7652361265625001 0.311798234375
2 0.941243284375 0.12312618281250001 0.9667110687499999 0.0976752953125 0.9573133796875 0.0615396640625 0.9202476781250001 0.10114586562500001 0.941243284375 0.12312618281250001
2 0.1285045359375 0.0781194546875 0.14060511874999998 0.107429478125 0.18856301250000002 0.0901338578125 0.17192979375 0.04990859375 0.1285045359375 0.0781194546875
2 0.2411677265625 0.23498776718749997 0.254940840625 0.26295942656250004 0.285692203125 0.24657316406250002 0.27170806718749996 0.2161715875 0.2411677265625 0.23498776718749997
2 0.06689855 0.34133726875 0.08120985 0.368665825 0.11782450468750001 0.3511721421875 0.1004702296875 0.3231248125 0.06689855 0.34133726875
2 0.1058578953125 0.39151863124999997 0.11757357500000001 0.4232416953125 0.148997125 0.41453858437499996 0.1350432015625 0.37765188437499997 0.1058578953125 0.39151863124999997
2 0.828218790625 0.8886305171875 0.8607734359375 0.8792308609375 0.8610486937499999 0.8619395093750001 0.8219018968749999 0.87433448125 0.828218790625 0.8886305171875
2 0.4925094078125 0 0.4474808140625 0.0043647437499999995 0.46127962968749997 0.0394785296875 0.4985147234375 0.029076506250000002 0.49299550312499996 0 0.4925094078125 0
2 0.8371592515625 0.1733183875 0.8498967875 0.18947126718750001 0.89159459375 0.14831012187499998 0.874326815625 0.1348764875 0.8371592515625 0.1733183875
2 0.8616748515625 0.18784480312500001 0.8736902796875 0.1957260171875 0.9132774796875 0.157726478125 0.9012195046875 0.1459168359375 0.8616748515625 0.18784480312500001