2 0.788102009375 0.8697519609375 0.6820044734375 0.8651439359375 0.6744071046875 0.921368478125 0.7886649890624999 0.923874471875 0.788102009375 0.8697519609375
2 0.8117122312499999 0.78990284375 0.7738454515625001 0.7862721484375 0.7731481515625 0.8418914453124999 0.8090313953124999 0.8387520687500001 0.8117122312499999 0.78990284375
2 0.795311315625 0.7455023828125 0.706378525 0.746337815625 0.7058544515625 0.7880531687500001 0.793408134375 0.7873383921875 0.795311315625 0.7455023828125
2 0.9934362875 0.40314594687499994 0.9396106421875 0.40785508125 0.9393293015624999 0.45232695625 0.9980190453125 0.455527109375 0.9934362875 0.40314594687499994
2 0.845478421875 0.46053784374999995 0.8065942296875 0.4611620125 0.801742671875 0.4851997609375 0.8397301078125 0.49020956406250005 0.845478421875 0.46053784374999995
2 0.7411218234375 0.4599449265625 0.7043959515625 0.45343508750000006 0.702022821875 0.5217032640625 0.744928346875 0.5193376109375001 0.7411218234375 0.4599449265625
2 0.6414838609375 0.401991228125 0.5419248328124999 0.39264530625 0.5437060984375 0.492496584375 0.6399022109375 0.495189978125 0.6414838609375 0.401991228125
2 0.8489348968750001 0.11854457968750001 0.844460390625 0.0355970421875 0.7638070484374999 0.0357096859375 0.7591039312500001 0.1250156765625 0.8489348968750001 0.11854457968750001
2 0.4500838546875 0.4715170921875 0.31740290937500004 0.4650689625 0.3117350875 0.543348321875 0.44117390937499995 0.5445245859375001 0.4500838546875 0.4715170921875
2 0.2497752984375 0.4709856109375 0.1940865015625 0.47030066562500006 0.191218615625 0.5011100453124999 0.25404865781249997 0.5039464015624999 0.2497752984375 0.4709856109375
2 0.2599577921875 0.42842525625 0.1901068890625 0.42481348125 0.1912587796875 0.45388151250000003 0.255348965625 0.45521952656250003 0.2599577921875 0.42842525625
2 0.072739940625 0.45036021093749995 0.077497184375 0.345771034375 0.016649121875 0.3497048859375 0.0168101046875 0.4469201640625 0.072739940625 0.45036021093749995
2 0.09476894687500001 0.606777659375 0.101228384375 0.5534304296875 0.0424167 0.54885441875 0.038959629687500004 0.6047151640624999 0.09476894687500001 0.606777659375
2 0.218795084375 0.7209352859375 0.211090859375 0.6646613640625 0.1545038875 0.6696120828125001 0.1574662265625 0.7193556875 0.218795084375 0.7209352859375
2 0.280553565625 0.6002465484374999 0.196123040625 0.6048555046875 0.204900221875 0.6415896812499999 0.27552878125 0.638188240625 0.280553565625 0.6002465484374999
2 0.5367255640625 0.5875573375 0.5118164281250001 0.573068490625 0.509378325 0.6246742359375 0.5369807015625 0.622259340625 0.5367255640625 0.5875573375
2 0.5082787062499999 0.43725689375 0.5422465015625 0.44400960156249997 0.5404916 0.4080491484375 0.5150459859375001 0.4033301734375 0.5082787062499999 0.43725689375
2 0.5140009515624999 0.48676060625 0.5434647859374999 0.48973837031249995 0.5460931890625 0.45617375468750004 0.51224449375 0.45080028906249997 0.5140009515624999 0.48676060625
2 0.51238791875 0.5625693546874999 0.5601207484375 0.5631567125 0.5706003046875 0.53306321875 0.5124791156249999 0.536361678125 0.51238791875 0.5625693546874999
2 0.52193834375 0.583168490625 0.5648876359375 0.5835799046875 0.5732369015625001 0.5631996640625 0.5197442765625 0.564902709375 0.52193834375 0.583168490625
2 0.5105207203125001 0.5276021562500001 0.536908140625 0.5294609765625 0.53730354375 0.4931053578125 0.514235409375 0.4951235578125 0.5105207203125001 0.5276021562500001
2 0.590017690625 0.53017395 0.5946111546874999 0.5077397968749999 0.5337090015625 0.5065196890625 0.5383846484375 0.5258999890625 0.590017690625 0.53017395