2 0.141175390625 0 0.1059954375 0.0587317078125 0.1318010453125 0.067153553125 0.16247557968749998 0.0025122890625 0.1584831671875 0 0.141175390625 0
2 0.08391101875 0 0.07265160781249999 0.022865534375 0.096278365625 0.033980665625 0.1139271546875 0 0.08391101875 0
2 0.805331478125 0.9760549890625001 0.8727284203125001 0.9915228624999999 0.8842084 0.9439687093750001 0.8160966515625001 0.9254024515625 0.805331478125 0.9760549890625001
2 0.9318944921875 1 0.9380878375 0.9665321765625 0.9223603890625001 0.9628228640625001 0.9085370828125001 1 0.9318944921875 1
2 0.3906766625 0.836833484375 0.41638811875000004 0.8416477421874999 0.4399881453125 0.7676164515624999 0.41544175 0.7620681328125001 0.3906766625 0.836833484375
2 0.21776995000000002 0.7058068796875 0.2654286484375 0.7208990640625 0.27921889218749996 0.6910591453125 0.225042284375 0.670554040625 0.21776995000000002 0.7058068796875
2 0.129844115625 0.951632640625 0.173366396875 0.9577492984375 0.1838611796875 0.934281503125 0.15053803593749998 0.9191055015625 0.129844115625 0.951632640625
2 0.02175114375 0.7136337546875 0.052941992187499995 0.7264115343750001 0.0774840890625 0.6968835203125 0.0390335046875 0.6821860734375 0.02175114375 0.7136337546875
2 0.1193732890625 0.5055055796875 0.15774847812499998 0.5013055 0.158754440625 0.46427260156249994 0.1176487359375 0.46838872499999995 0.1193732890625 0.5055055796875
2 0.11974360937499999 0.44739786875 0.12129930468750001 0.46620364687500004 0.1513460828125 0.45723557187499997 0.15139058125 0.43985385781249997 0.11974360937499999 0.44739786875
2 0.6229083531249999 0.6524201281249999 0.6725693359375 0.661797865625 0.684555765625 0.61491763125 0.635351115625 0.5924131546875 0.6229083531249999 0.6524201281249999
2 0.5860297609375 0.031460104687500004 0.5435022703125 0.001200059375 0.5202616140625 0.0300116015625 0.5649344078125 0.0620721125 0.5860297609375 0.031460104687500004
2 0.5184081953125 0.9735044125 0.57521855 0.9874844390625 0.58512028125 0.9469050781250001 0.527421703125 0.9315994734374999 0.5184081953125 0.9735044125