2 0.29780427187499997 0.390732359375 0.304470896875 0.449839459375 0.3578843609375 0.4363380109375 0.35286964374999996 0.386061246875 0.29780427187499997 0.390732359375
2 0.250349540625 0.5519681656250001 0.3017641546875 0.5457062515625 0.298590478125 0.4965236953125 0.24274278749999997 0.5104499984374999 0.250349540625 0.5519681656250001
2 0.25726068125 0.627115703125 0.312110175 0.6182955125 0.31021967500000003 0.5595326734375 0.25021956875 0.568028228125 0.25726068125 0.627115703125
2 0.11736576562500001 0.4429974078125 0.15432518281250002 0.44462783593750005 0.14528925312500002 0.374346609375 0.11460549843750001 0.3798193484375 0.11736576562500001 0.4429974078125
2 0.6049087890625 0.6219766625 0.65476471875 0.608663221875 0.6474725218749999 0.5489943421875 0.5976031468749999 0.559632946875 0.6049087890625 0.6219766625
2 0.828116903125 0.546067384375 0.9034440968749999 0.5308213562499999 0.8945987750000001 0.4528023640625 0.8178192390625 0.47317674062500004 0.828116903125 0.546067384375
2 0.85710130625 0.6111396359375 0.9114183703125001 0.6035349171875 0.9015384687499999 0.5398396984375 0.84850841875 0.5482672515625 0.85710130625 0.6111396359375
2 0.9904049515625 0.6921490828125 0.9750662468750001 0.6037682265625001 0.8664023578125001 0.61837996875 0.8729977906249999 0.710193428125 0.9904049515625 0.6921490828125
2 0.8779075593749999 0.8038773625 0.9127152765625001 0.798485778125 0.9025801734375 0.7526408796874999 0.8737408953125 0.7574223890625 0.8779075593749999 0.8038773625
2 0.7975279109375 0.9383011437500001 0.82649636875 0.9349992765625 0.8232906546875001 0.8965205671875 0.7910736828125 0.905936765625 0.7975279109375 0.9383011437500001
2 0.8905789640625 0.160485571875 0.9205156890625 0.152969440625 0.9112196796875001 0.1231353828125 0.8853030046875 0.1271675953125 0.8905789640625 0.160485571875
2 0.252941790625 0.9418699703125 0.28600021249999996 0.9371646265625 0.28706682968749997 0.91213700625 0.25135978125 0.9131164843749999 0.252941790625 0.9418699703125
2 0.00804 0.025096357812499998 0.0136295125 0.08634088437500001 0.05036993125 0.08382239999999999 0.043391085937500004 0.02502738125 0.00804 0.025096357812499998
2 0.20257771562500002 0.01490106875 0.1919794265625 0.0169429140625 0.20208693437499997 0.0396012296875 0.2159799359375 0.0338193265625 0.20257771562500002 0.01490106875
2 0.2327089421875 0.045131175 0.243165834375 0.040421200000000004 0.23705506718749997 0.014580599999999999 0.227076078125 0.02431933125 0.2327089421875 0.045131175
2 0.2610844625 0.041860384375 0.272042628125 0.0353404421875 0.26188694687499997 0.011792803125 0.2525891359375 0.0176311640625 0.2610844625 0.041860384375
2 0.6399484953125001 0.68911139375 0.64524784375 0.722129296875 0.7017477671875 0.7221410859375 0.700665203125 0.6787945890625 0.6399484953125001 0.68911139375
2 0.6566211828124999 0.9391455390625 0.653045015625 0.8822531703125 0.6108719890625001 0.8832758 0.6176939875 0.9453475796875 0.6566211828124999 0.9391455390625