2 0 0.7858086734375 0.000517175 0.7870141921875 0.081684909375 0.758132278125 0.073986184375 0.7246718328124999 0 0.7479906484375001 0 0.7858086734375
2 0 0.8693351015624999 0.0264540765625 0.8667409125000001 0.02502946875 0.8243189453124999 0 0.835315221875 0 0.8693351015624999
2 0.5712663359375 0.9022235609375 0.576190975 0.8451984828124999 0.51494200625 0.8412294109375 0.5134218109375001 0.8939267953125001 0.5712663359375 0.9022235609375
2 0.18983649375 0.497289865625 0.1776289765625 0.42569531562499996 0.1396140140625 0.4333315375 0.14973750937500002 0.5035775359375 0.18983649375 0.497289865625
2 0.3349610890625 0.5017015890625001 0.27548786718749996 0.51739459375 0.2860414140625 0.5667596125000001 0.3365417578125 0.5522013703125 0.3349610890625 0.5017015890625001
2 0.4098623953125 0.301881496875 0.4169236734375 0.26756245 0.3657879640625 0.26710936093750004 0.360207090625 0.29949110156250003 0.4098623953125 0.301881496875
2 0.854657609375 0.3275076375 0.8558158109375 0.2513062171875 0.7870560453125 0.25630328593749996 0.789431621875 0.32556620937499997 0.854657609375 0.3275076375
2 0.9219697109375 0.7206878125 0.9584734812500001 0.7150906 0.974722734375 0.658422721875 0.9176206875 0.6669235062500001 0.9219697109375 0.7206878125
2 0.79344935 0.8834735296874999 0.7996816156250001 0.8283448453125001 0.7586628984375 0.822761321875 0.7547749546875 0.8772537281250001 0.79344935 0.8834735296874999
2 0.7323102796875001 0.8511179156249999 0.7358903828125001 0.8397096640624999 0.67668703125 0.8307664390625 0.6699839328125 0.8455265328125 0.7323102796875001 0.8511179156249999
2 0.976258071875 0.3299479234375 0.979659271875 0.295468496875 0.9082139703125 0.294752453125 0.9045105046874999 0.327054853125 0.976258071875 0.3299479234375
2 1 0.191861646875 0.9683478624999999 0.1927512453125 0.971567103125 0.2332171046875 1 0.233241378125 1 0.191861646875
2 1 0.4567344140625 0.965055665625 0.46057020781249997 0.969249925 0.49656440625 1 0.492895134375 1 0.4567344140625
2 0.2361086078125 0.33915096875 0.24006668125 0.30272949374999997 0.2011627515625 0.302695421875 0.20096355156249998 0.3378556875 0.2361086078125 0.33915096875
2 0.1644007015625 0.356577865625 0.155319890625 0.307467725 0.11371265312500001 0.3190152984375 0.12206558906250001 0.36527859218750003 0.1644007015625 0.356577865625
2 0.07417389375 0.29642300312500003 0.0891530796875 0.24956961875 0.051941715624999996 0.253110896875 0.0401552046875 0.294215346875 0.07417389375 0.29642300312500003
2 0.15505978125 0.40316082968750006 0.151673875 0.36326485937499997 0.1302995078125 0.3688749859375 0.138092296875 0.40632691875000004 0.15505978125 0.40316082968750006
2 0.58760181875 0.7730926671875 0.5922018484375 0.7398119953125 0.562677453125 0.7393790734375 0.5610948265625 0.77290729375 0.58760181875 0.7730926671875