2 0.346082540625 0.393763853125 0.38116083437500003 0.3794959578125 0.36536837968749997 0.3262975203125 0.3307920578125 0.33846383593749996 0.346082540625 0.393763853125
2 0.5191705625 0.5722969453125 0.5326258609375001 0.6197116328125001 0.5851030953125 0.6030422390625 0.5701395109375 0.547868096875 0.5191705625 0.5722969453125
2 0.602708815625 0.7278860171875 0.6178992812499999 0.7842273765625001 0.6530775921875 0.7689181390625001 0.638680471875 0.716658203125 0.602708815625 0.7278860171875
2 0.49344719687499994 1 0.520916803125 0.9894276109375 0.5026766234375 0.9361001015625 0.428362065625 0.966607684375 0.443598978125 1 0.49344719687499994 1
2 0.319423690625 0.619593478125 0.332510096875 0.660426378125 0.361725159375 0.64404146875 0.35319365468749997 0.606374178125 0.319423690625 0.619593478125
2 0.873839965625 0.4247017171875 0.8734419250000001 0.43823729218749996 0.94722269375 0.41588291875000005 0.942977765625 0.4033962875 0.873839965625 0.4247017171875
2 0.869062265625 0.40324251718750004 0.8695333218749999 0.418129271875 0.9229440312499999 0.400030503125 0.923368265625 0.3866378703125 0.869062265625 0.40324251718750004
2 0.2017744546875 0.0486108265625 0.2192576515625 0.1229707640625 0.258260175 0.11176026406249999 0.24232672656249998 0.0422531546875 0.2017744546875 0.0486108265625
2 0.2510113609375 0.0729124703125 0.2610656890625 0.1106100640625 0.376419815625 0.08092754375 0.36613458906249996 0.043597959375 0.2510113609375 0.0729124703125
2 0.1706891875 0.856101490625 0.17742820625 0.8892066734374999 0.21249322343750002 0.87331459375 0.20147663750000003 0.841574121875 0.1706891875 0.856101490625
2 0.272375571875 0.65172986875 0.2878808765625 0.69722755 0.329214871875 0.6824281203125 0.310393384375 0.629213603125 0.272375571875 0.65172986875