2 0.09942127656250001 0.089600971875 0.053437078125 0.1677854703125 0.09791292968750001 0.192767871875 0.1420245265625 0.13039513593750002 0.09942127656250001 0.089600971875
2 0.059071654687499996 0.389183175 0.08313291874999999 0.3678810265625 0.0494601953125 0.323636378125 0.023380589062500002 0.349114928125 0.059071654687499996 0.389183175
2 0.3680499203125 0.5018950921875 0.359391909375 0.5334359281250001 0.39600167656249996 0.541595021875 0.401745153125 0.50696115 0.3680499203125 0.5018950921875
2 0.321868859375 0.4222080703125 0.3064434734375 0.4511494921875 0.34830415000000003 0.475466678125 0.358148840625 0.4400952875 0.321868859375 0.4222080703125
2 0.5494626140625 0.3164939328125 0.5925095921875 0.336979046875 0.61108021875 0.303472365625 0.5608583078125 0.2836618125 0.5494626140625 0.3164939328125
2 0.5845305390625 0.189618040625 0.55915481875 0.24001492500000002 0.5897278 0.2546405953125 0.61404469375 0.20245775312499997 0.5845305390625 0.189618040625
2 0.608135296875 0.7162556078125 0.6333223890624999 0.7411920796875 0.6566125125 0.7180241921875 0.6298924875 0.6955295375 0.608135296875 0.7162556078125
2 0.7805863953125 0.843422690625 0.804333603125 0.8674927046875001 0.8245916515625 0.8395267546875 0.7978806656249999 0.8195226437500001 0.7805863953125 0.843422690625
2 0.9653936671875 0.5121066390625 0.93742893125 0.55702815625 0.969701846875 0.5747904359375 0.99663381875 0.5294146453125 0.9653936671875 0.5121066390625
2 0.8976980890625 0.5302088953124999 0.8805420234374999 0.5644804609375 0.9027368296875 0.578636225 0.924762978125 0.54549666875 0.8976980890625 0.5302088953124999
2 0.829371225 0.6488535375 0.8545571484375 0.6762396203125001 0.8821692703125 0.65077189375 0.855740040625 0.6220806359375 0.829371225 0.6488535375
2 0.5094103359375 0.0944954 0.491821765625 0.1319344359375 0.5357321374999999 0.153428134375 0.5524545937500001 0.11987821875 0.5094103359375 0.0944954
2 0.0937910046875 0.6192441609375 0.079373034375 0.6497717984375 0.1036613265625 0.664967621875 0.121144725 0.633236065625 0.0937910046875 0.6192441609375
2 0.680459971875 0.407477275 0.635398921875 0.3838227640625 0.6263165953125001 0.40139024375 0.678616859375 0.42340085 0.680459971875 0.407477275
2 0.641557590625 0.44288409531250006 0.6183527640625 0.4749906140625 0.6522236828125 0.486890603125 0.67308774375 0.45644662656249996 0.641557590625 0.44288409531250006
2 0.67090794375 0.7422269265625 0.68270778125 0.7576475312500001 0.7036915265625 0.73749434375 0.6909367640624999 0.7243794968749999 0.67090794375 0.7422269265625
2 0.6879083203125 0.7294196703125 0.676683015625 0.71875123125 0.6416628296875 0.7623722359375 0.655770184375 0.7747698062499999 0.6879083203125 0.7294196703125