2 0.8457732874999999 0.8271613984374999 0.855462003125 0.7102742546874999 0.8232593874999999 0.7095469484375 0.8095207390624999 0.8195654953125 0.8457732874999999 0.8271613984374999
2 0.887799096875 0.58524835 0.8487907781249999 0.58082428125 0.836323575 0.657977203125 0.8729296109375 0.6613772890625 0.887799096875 0.58524835
2 0.6229776671875 0.47623393125 0.5858839828125 0.46512094687500005 0.573493375 0.517833990625 0.609845234375 0.5251253499999999 0.6229776671875 0.47623393125
2 0.45312716875000003 0.7717817296875 0.4199620609375 0.7657570984375 0.40242319843749996 0.838498365625 0.4383244828125 0.8428405343750001 0.45312716875000003 0.7717817296875
2 0.424627265625 1 0.4240905078125 0.9865648 0.38913991718749996 0.9821545875 0.38653878750000004 1 0.424627265625 1
2 0.3022369203125 0.7680294109375 0.2870945421875 0.7643219718750001 0.2759730453125 0.8181382359375 0.286947365625 0.8230315015624999 0.3022369203125 0.7680294109375
2 0.25954975625 0.821670596875 0.2758376546875 0.765109128125 0.25793939843749997 0.7645719640624999 0.24635007031249997 0.8202096765625001 0.25954975625 0.821670596875
2 0.15969536875 0.7559478640624999 0.134652065625 0.840535221875 0.1769950984375 0.8500891703125 0.193880753125 0.7595172203125 0.15969536875 0.7559478640624999
2 0 0.3452504828125 0.0404751734375 0.35367652031249996 0.0481007453125 0.3179826390625 0 0.31054343906250004 0 0.3452504828125
2 0.082282646875 0.057548198437499996 0.0498326453125 0.053260728125000004 0.0477584734375 0.083203353125 0.08035131875 0.0901608015625 0.082282646875 0.057548198437499996
2 0 0.1270894171875 0.01100759375 0.1280856703125 0.0157115078125 0.0931912921875 0 0.0918478375 0 0.1270894171875
2 0.26114045625000004 0.29950955156250003 0.24269142187499998 0.29960766875 0.23244090156250002 0.3658794546875 0.24615183906250002 0.3673046265625 0.26114045625000004 0.29950955156250003
2 0.2863083546875 0.33589098906250003 0.263670109375 0.33568527656249997 0.2613768296875 0.3710062890625 0.28231209062499996 0.3737150171875 0.2863083546875 0.33589098906250003
2 0.56081670625 0.20882804843749997 0.4951188703125 0.197332896875 0.492671390625 0.22193699531250002 0.55822170625 0.23374162968749998 0.56081670625 0.20882804843749997
2 0.5556040953125 0.18535479531250001 0.50674260625 0.1762566625 0.49990027656249997 0.1975937484375 0.5517888609375 0.2055858375 0.5556040953125 0.18535479531250001
2 0.5755349984375 0.15535547031250002 0.5156357296875 0.14166611093749998 0.5099663171875 0.1712649390625 0.5690228890625 0.18143732968749998 0.5755349984375 0.15535547031250002