2 0 0.35955308124999996 0.011681875 0.3128362328125 0 0.3091206765625 0 0.35955308124999996
2 0.3380988 0.4668776546875 0.310260328125 0.44457122968749996 0.2877559796875 0.4754518109375 0.3195717125 0.49607189687500003 0.3380988 0.4668776546875
2 0.6276889859375 0.57818075 0.5892639609375 0.58499248125 0.6005251671875 0.618307471875 0.634817934375 0.6152916953124999 0.6276889859375 0.57818075
2 0.8698939937500001 0.7922134390625 0.9231928015624999 0.7805843921875 0.9056151140625 0.7034799734375 0.8595713125 0.732463590625 0.8698939937500001 0.7922134390625
2 0.8941584062500001 0.8000019046875 0.9062153796875 0.8397979125000001 0.9364602718749999 0.8378805078125 0.9260958109375 0.7972784765625 0.8941584062500001 0.8000019046875
2 0.0518668625 0.4427998296875 0.05578808750000001 0.3801030578125 0.0264703859375 0.377122521875 0.017076084375 0.43690047343750005 0.0518668625 0.4427998296875
2 0.56595738125 0.6593417140625 0.5654377968750001 0.6148389421875 0.5286546249999999 0.6121752671875 0.5287929890624999 0.652239853125 0.56595738125 0.6593417140625
2 0.5951566140625 0.29862259999999996 0.5721069765625 0.2700467734375 0.5430641578125 0.2963447203125 0.560069040625 0.327756484375 0.5951566140625 0.29862259999999996
2 0.8582185734375001 0.5316299015625 0.8338858874999999 0.5573510953125 0.8580375218749999 0.5836963125 0.88544838125 0.56358240625 0.8582185734375001 0.5316299015625
2 1 0.7175889734374999 0.98482625 0.6817898890625 0.9197979609375 0.7119080906249999 0.9692953984375 0.8278651984375 1 0.80953389375 1 0.7175889734374999
2 1 0.4984533 0.971150334375 0.46332661093749994 0.94844805625 0.48286395156250006 1 0.5382076812500001 1 0.4984533