2 0.6421691390625 0.14917006093750002 0.6733020546875 0.123388415625 0.6530729546875 0.0931587328125 0.622638865625 0.11922510156249999 0.6421691390625 0.14917006093750002
2 0.53330260625 0.16591478125 0.5021848640625 0.126672196875 0.43766300156250004 0.17352258125 0.47115110624999995 0.22044684375 0.53330260625 0.16591478125
2 0.4260242359375 0.1437383578125 0.4045717 0.11530998750000002 0.375231696875 0.1360142578125 0.39235624375 0.1642196890625 0.4260242359375 0.1437383578125
2 0.412087421875 0.00145835625 0.3960539265625 0.0017382203124999998 0.3791284390625 0.018958109375 0.40213933281249997 0.044091593750000005 0.42656620937499995 0.021693121875 0.412087421875 0.00145835625
2 0.9473329390625 0.991020875 0.9794932421875 0.9776325609375001 0.9400621812500001 0.9147799031250001 0.8919068796875 0.946500159375 0.9217993281249999 0.9914665640625 0.9473329390625 0.991020875
2 0.7055468390625 0.9895403984375 0.6725866671875 0.950031490625 0.6393210078125 0.9728811609375001 0.667047509375 0.995913275 0.694957321875 0.99542610625 0.7055468390625 0.9895403984375
2 0.5474518515625 0.9254929046875 0.525178425 0.8994557890625 0.47883675156249994 0.9329259109375 0.5036907703125 0.9615887031250001 0.5474518515625 0.9254929046875
2 0.44238964375 0.546375003125 0.42592092968750006 0.521721165625 0.35944039375000003 0.5585120140625001 0.3777418984375 0.5861030609375 0.44238964375 0.546375003125
2 0.99218923125 0.11960217656250001 0.9914379578125001 0.076561859375 0.9595892781250001 0.0937468734375 0.9708792921875 0.127992553125 0.99218923125 0.11960217656250001
2 0.6851496453125 0.39397285625 0.6716523734375001 0.3749086390625 0.622703521875 0.429208684375 0.6324228093750001 0.44150968281249997 0.6851496453125 0.39397285625
2 0.535476271875 0.49457065 0.5122797078125 0.466768128125 0.483534896875 0.48746044531250005 0.5048580734375 0.5179679515625 0.535476271875 0.49457065
2 0.344693940625 0.4854301203125 0.3543328796875 0.47011894062500004 0.324593284375 0.433819940625 0.3081733765625 0.4459833609375 0.344693940625 0.4854301203125
2 0.1191460421875 0.1660193890625 0.1747677 0.0893322890625 0.1310831828125 0.06723351093749999 0.0723912875 0.141892634375 0.1191460421875 0.1660193890625