2 0.8907683109375 0.788581903125 0.9322964468749999 0.7706788984374999 0.9097362625000001 0.7358108671875 0.8738332718749999 0.7527210328125 0.8907683109375 0.788581903125
2 0.6526958375 0.8565466140625 0.6682499796875 0.8923093578125 0.720544225 0.8793224593750001 0.7084295203125001 0.8340875046875 0.6526958375 0.8565466140625
2 0.89161596875 0.63744944375 0.9141762609375 0.6723159171875001 0.9534217937499999 0.6473192171875 0.9336251734375001 0.612644434375 0.89161596875 0.63744944375
2 0.560642753125 0.44508081875 0.5366033296875 0.411498671875 0.5047501140625 0.430076646875 0.536599053125 0.47114209999999995 0.560642753125 0.44508081875
2 0.2499444015625 0.3401300671875 0.2203735734375 0.3658048546875 0.25913220312499996 0.4073534796875 0.2911785546875 0.3860135 0.2499444015625 0.3401300671875
2 0.11173202812500001 0.8866843015624999 0.141206178125 0.8623920765624999 0.1263591578125 0.8363852375 0.095695365625 0.8578218953125001 0.11173202812500001 0.8866843015624999
2 0.71995166875 0.19267724375 0.7087680359374999 0.173863784375 0.6688155984375 0.1891014609375 0.6893828875 0.2127327890625 0.71995166875 0.19267724375
2 0.20539972812500001 0.7586876874999999 0.21986068906249998 0.7902154203125 0.24480276406249998 0.7711526046875 0.23034169375000002 0.7396264312499999 0.20539972812500001 0.7586876874999999
2 0.05089318281250001 0.366437165625 0.0498314671875 0.3816204015625 0.11141446562499999 0.37483092500000004 0.10161339375 0.35611414375 0.05089318281250001 0.366437165625
2 0.48087852499999995 0.3146662515625 0.5011917359375 0.3022169671875 0.47696095156249996 0.2713938171875 0.465421059375 0.277520946875 0.48087852499999995 0.3146662515625
2 0.5104804921875 0.3084143890625 0.522213521875 0.299525253125 0.4919386171875 0.255795921875 0.47863155312499994 0.2673489359375 0.5104804921875 0.3084143890625
2 0.535906753125 0.2824497875 0.49830474062499996 0.224338371875 0.4879542703125 0.2333241859375 0.52259958125 0.294004359375 0.535906753125 0.2824497875