2 0.9784470140625 0.4659500953125 0.9904444171875 0.4286828734375 0.9207923828125001 0.41338679375 0.9077924515625 0.446072828125 0.9784470140625 0.4659500953125
2 0.873302565625 0.5220092421875 0.8045783515625 0.5117000390625 0.79422791875 0.5430461078125 0.8600638015625 0.559478028125 0.873302565625 0.5220092421875
2 0.44874078125 0.08495915312499999 0.46034033281250003 0.049957259375 0.421746640625 0.04315215 0.41566190000000003 0.0776604296875 0.44874078125 0.08495915312499999
2 0.2852748203125 0.13668758125 0.2349880734375 0.1278206703125 0.225875425 0.152146909375 0.2783979859375 0.16201096406249998 0.2852748203125 0.13668758125
2 0.20152611875 0 0.1959372546875 0.014191409375 0.23627388906250002 0.02307925625 0.24054549062500002 0 0.20152611875 0
2 0.41794235156250004 0.464790934375 0.43134585625 0.43322639062499996 0.41400890625000003 0.42896201562499997 0.40190455468749997 0.4599972359375 0.41794235156250004 0.464790934375
2 0.394106146875 0.46149233125 0.4054118171875 0.429857753125 0.3827428171875 0.4216402296875 0.3755240484375 0.45233109374999997 0.394106146875 0.46149233125
2 0.11606567187500001 0.038056290625 0.12006171562500001 0.0170942359375 0.080506309375 0.00891373125 0.0767522375 0.028152560937499998 0.11606567187500001 0.038056290625
2 0.580380446875 0.053029939062499996 0.5619801796874999 0.0684820171875 0.5759114703125 0.081794025 0.589152275 0.06482928437499999 0.580380446875 0.053029939062499996
2 0.5489476234375 0.10478134374999999 0.5569869515625 0.11218673906250001 0.5748813203124999 0.09789411406250001 0.5642521984375 0.0863701859375 0.5489476234375 0.10478134374999999
2 0.48876402968750005 0.1930734890625 0.486215765625 0.21094468125 0.519962946875 0.2178725671875 0.519411225 0.2039051921875 0.48876402968750005 0.1930734890625
2 0.3719764296875 0.414314053125 0.34508040625 0.4095715578125 0.330670646875 0.44683386562500005 0.35866845625 0.44875608749999996 0.3719764296875 0.414314053125