2 0.7251476890624999 0.15975855781249998 0.8310159703125001 0.1681149171875 0.8381706281250001 0.11446443749999999 0.724459 0.1030272171875 0.7251476890624999 0.15975855781249998
2 0.8066920484375 0.2492350453125 0.8447190453125 0.2502462140625 0.8480114140625 0.20143439375 0.81277823125 0.1939453484375 0.8066920484375 0.2492350453125
2 0.734861240625 0.280649565625 0.823029325 0.29231695 0.82623885625 0.250560840625 0.73942489375 0.23918128125 0.734861240625 0.280649565625
2 0.9251042109375 0.6450331453125 0.977954746875 0.6562668734375 0.9888870046875 0.60483465 0.9302447234375 0.60085846875 0.9251042109375 0.6450331453125
2 0.7995757625000001 0.575912934375 0.8380940515624999 0.5812712390625 0.8360046562499999 0.55112014375 0.79768983125 0.5514631 0.7995757625000001 0.575912934375
2 0.697197578125 0.5711274234375 0.7344430546875 0.56914186875 0.74545935 0.5106557859375 0.7031619375 0.5030788984375001 0.697197578125 0.5711274234375
2 0.528529084375 0.611663840625 0.6284849968749999 0.6145207734375 0.6382732078125 0.5218239609374999 0.5424658828125 0.51277391875 0.528529084375 0.611663840625
2 0.785815934375 1 0.79984626875 0.9211365765625 0.7114735171875 0.9037660734375 0.7052579140625 0.9929795562500001 0.7617820921875 1 0.785815934375 1
2 0.3145069359375 0.5124176796875 0.44698472968749997 0.5221873515625 0.44703857343750003 0.4486381953125 0.3184212171875 0.43403106874999997 0.3145069359375 0.5124176796875
2 0.192747296875 0.49219648437499997 0.2481044703125 0.49830340156249997 0.2563628875 0.46610908437500004 0.19365550468749998 0.46126724531249996 0.192747296875 0.49219648437499997
2 0.183253853125 0.53685961875 0.2530242640625 0.5417874515625 0.25171519062500003 0.514631225 0.1879396609375 0.5081486374999999 0.183253853125 0.53685961875
2 0.061850671875 0.6015892265625 0.069875103125 0.497199878125 0.0139429234375 0.49379815000000005 0.0019355796875 0.5902691812499999 0.061850671875 0.6015892265625
2 0.11071230000000001 0.398369796875 0.11080240156250001 0.3446330015625 0.05515772343749999 0.3398786796875 0.051781312499999996 0.39574435937499997 0.11071230000000001 0.398369796875
2 0.23331151718749998 0.3013568296875 0.24781638125 0.24644127500000002 0.186752153125 0.240534990625 0.17774967656250001 0.2895467953125 0.23331151718749998 0.3013568296875
2 0.21116676406249998 0.3588927890625 0.294406265625 0.37375688125 0.2940428640625 0.3354856328125 0.22435529375000002 0.323502090625 0.21116676406249998 0.3588927890625
2 0.520633159375 0.4289162125 0.547122371875 0.4175710203125 0.55160471875 0.3831587765625 0.5245023875 0.3773979984375 0.520633159375 0.4289162125
2 0.5351080875 0.5607216078125 0.5005705359375 0.56328435 0.5031527484375 0.597782909375 0.5289837921875 0.596200146875 0.5351080875 0.5607216078125
2 0.5418902296875 0.515482165625 0.5122831140625 0.514846996875 0.5061572890625 0.5503252109375001 0.540408540625 0.5491169171875 0.5418902296875 0.515482165625
2 0.5673694828125 0.444640925 0.5199208671875 0.439406734375 0.5168174703124999 0.465430178125 0.5741034546875 0.47578724218749996 0.5673694828125 0.444640925
2 0.5745898 0.4249509015625 0.5319105078125 0.42012504531249995 0.5275067578125 0.4379872859375 0.5803931062500001 0.44619675000000003 0.5745898 0.4249509015625
2 0.540223421875 0.4752565921875 0.5138061578124999 0.47388573906250003 0.5135350125 0.5065749515625 0.5361852421875 0.511389409375 0.540223421875 0.4752565921875
2 0.5948491812500001 0.5038480937500001 0.5930239921875 0.481021359375 0.54125495 0.4789709765625 0.5342522890625 0.4976370015625 0.5948491812500001 0.5038480937500001