2 0.2850015625 0.8134421875 0.2829234375 0.8662375000000001 0.3393296875 0.8650499999999999 0.3375484375 0.812190625 0.2850015625 0.8134421875
2 0.2526421875 0.7029109375 0.2885640625 0.7172546875 0.3037046875 0.6821234375 0.27223593749999997 0.6702453125 0.2526421875 0.7029109375
2 0.6501609375 0.9461468749999999 0.6563953125 0.9624515625000001 0.7033015625 0.947009375 0.6967703125 0.9274109375 0.6501609375 0.9461468749999999
2 0.5619875000000001 0.811596875 0.5753484375 0.8437250000000001 0.6557999999999999 0.8181312500000001 0.64333125 0.7783375 0.5619875000000001 0.811596875
2 0.6724265625 0.7947390624999999 0.7133953125 0.7836828125 0.6979578125 0.7343890625 0.65283125 0.7444843750000001 0.6724265625 0.7947390624999999
2 0.51389375 0.7181453125 0.54833125 0.698159375 0.52101875 0.651240625 0.49014375 0.6660890625 0.51389375 0.7181453125
2 0.6296765625 0.5449296875 0.6617375 0.56851875 0.6730203125 0.52770625 0.6516453125 0.5122640625 0.6296765625 0.5449296875
2 0.9544593750000001 0 0.9271453125000001 0.0294109375 0.987709375 0.069765625 0.998753125 0.05791875 0.9983968750000001 0 0.9544593750000001 0
2 0.8416453125000001 0 0.8986453125 0.049010937500000004 0.947928125 0 0.8416453125000001 0
2 0.6635203125 0.11340625 0.63383125 0.088209375 0.5988 0.134534375 0.6326453125 0.15294687499999998 0.6635203125 0.11340625
2 0.3767375 0.25569375 0.4034546875 0.291534375 0.449175 0.257475 0.42720624999999995 0.22540468749999998 0.3767375 0.25569375
2 0.50676875 0.5097375000000001 0.5026125 0.5413671875 0.54120625 0.5413671875 0.54239375 0.5081078125 0.50676875 0.5097375000000001
2 0.899834375 0.064453125 0.871334375 0.1184984375 0.974646875 0.16423125 0.998753125 0.11077812499999999 0.899834375 0.064453125
2 0.09796875000000001 0.8437250000000001 0.1784234375 0.7955609375 0.135078125 0.7296375 0.065015625 0.7842765625 0.09796875000000001 0.8437250000000001