2 0.7095520265624999 0.4974380640625 0.7302187484375 0.529296075 0.7621802328125 0.5059366 0.7377511859375 0.47596657656249997 0.7095520265624999 0.4974380640625
2 0.45312865625 0.0975179890625 0.4251155265625 0.120759415625 0.44550223125 0.1556335296875 0.47777707343750003 0.134627628125 0.45312865625 0.0975179890625
2 0.16727200625 0.6732426499999999 0.1295916421875 0.6897404484375 0.1375639359375 0.71487291875 0.173047503125 0.70547175 0.16727200625 0.6732426499999999
2 0.28378919062499997 0.821594725 0.2700151140625 0.8325947671874999 0.296957178125 0.8900621171875001 0.31598974062499996 0.8788078968749999 0.28378919062499997 0.821594725
2 0.11164592031250001 0.11042240781249998 0.0823681359375 0.0475238328125 0.0727416171875 0.048705820312499995 0.0680024328125 0.052620878125000006 0.09484895625 0.11487443281250001 0.11164592031250001 0.11042240781249998
2 0.2578893484375 0.171770315625 0.2337950828125 0.18684015468749998 0.2509793296875 0.21966120937500003 0.2769373796875 0.20051484375 0.2578893484375 0.171770315625
2 0.5132821937500001 0 0.48177412343750003 0.0234602125 0.48963655156249997 0.035768290625 0.47216204843750004 0.051337978124999996 0.4799957265625 0.057677301562500005 0.48450135625 0.062278414062499995 0.532163240625 0.03129855625 0.5149295671874999 0 0.5132821937500001 0
2 0.6367570453125 0.111649446875 0.6242261906250001 0.12311741093749999 0.6692602234375 0.18226534375 0.6799999921875 0.16710499375 0.6367570453125 0.111649446875
2 0.6148673296875 0.1306682953125 0.606066878125 0.1435321 0.6479943171875 0.19584386874999998 0.65864648125 0.18547046250000002 0.6148673296875 0.1306682953125
2 0.1265015796875 0.42737461562499995 0.11166891875 0.43967839062499997 0.1321797515625 0.47573350156250005 0.1501828515625 0.4595128078125 0.1265015796875 0.42737461562499995
2 0.16990338437500002 0.2323617796875 0.1592394015625 0.23885579375 0.172625503125 0.3037181375 0.18726691875 0.3009852234375 0.16990338437500002 0.2323617796875