2 0.8439262890625001 0.2406802453125 0.8158023859375 0.250292984375 0.8284684359375 0.3201109953125 0.8592352875 0.3174192453125 0.8439262890625001 0.2406802453125
2 0.9008746296875 0.248214290625 0.8666624687500001 0.25240107031250003 0.8921818046875 0.30559652656249997 0.9263440453125 0.3008212328125 0.9008746296875 0.248214290625
2 0.9212330359375 0.5316293562500001 0.906042821875 0.4980912734375 0.841721390625 0.5329235515625 0.8573764828125 0.561950828125 0.9212330359375 0.5316293562500001
2 1 0.5431404984375 0.99321170625 0.5163917671875 0.953520571875 0.5297001578125 0.9710917875 0.5806108921875001 1 0.578081753125 1 0.5431404984375
2 0.6761572453125 0.46903216875 0.705599315625 0.46258220312500004 0.6889242671875 0.4014591875 0.6585729625 0.4088827265625 0.6761572453125 0.46903216875
2 0.6013855921875 0.2595157359375 0.6392061078125 0.261273021875 0.6285243515625 0.2017117265625 0.596190021875 0.20692468593750002 0.6013855921875 0.2595157359375
2 0.63527990625 0.27770900625 0.6058970640625 0.277001575 0.602316534375 0.31784405625 0.63177323125 0.320632659375 0.63527990625 0.27770900625
2 0.6003915390625 0.173180090625 0.6160501609375 0.170318525 0.605201115625 0.11911768281249999 0.5926197625 0.11842878750000001 0.6003915390625 0.173180090625
2 0.109318228125 0.6527282109375 0.023385878125000002 0.7210440015625 0.024032896875 0.726313553125 0.038789721875 0.7456208484375 0.1260156515625 0.679578234375 0.109318228125 0.6527282109375
2 0.6528718484375 0.93864865625 0.690917146875 0.9353201234374999 0.679589321875 0.8671730890625 0.647742853125 0.8711497625 0.6528718484375 0.93864865625
2 0.884153190625 0.9565868312499999 0.8744930828124999 0.9347557796875 0.8355438546875 0.9521698187500001 0.842349421875 0.9617196890624999 0.884153190625 0.9565868312499999
2 0.8296137124999999 0.7557031125 0.792271865625 0.682381784375 0.7619012140625 0.6972572421875001 0.7954842140625 0.7676293281250001 0.8296137124999999 0.7557031125
2 1 0.817929359375 0.9958521593749999 0.8091051890625 0.9624145359374999 0.8221629078125 0.9685431203125001 0.8475550796875 1 0.8394772875 1 0.817929359375
2 0.9092962437500001 0.8652548875000001 0.9431640375000001 0.8542455953125 0.9347636343750001 0.82637166875 0.9015568187499999 0.8352370703125 0.9092962437500001 0.8652548875000001
2 0.90104486875 0.8731290046875 0.8870236281249999 0.8394886500000001 0.87478395 0.849499753125 0.8870437890625 0.8806121296875 0.90104486875 0.8731290046875
2 0.8479117734375 0.767216203125 0.8001226562499999 0.7925542828125 0.8046370359375 0.81093389375 0.8560741296875 0.7855746671875 0.8479117734375 0.767216203125
2 0.558041196875 0.465955578125 0.5051077875 0.4759508125 0.5210173609375001 0.5061478609375001 0.5710715828125 0.49223239531249996 0.558041196875 0.465955578125
2 0.516847834375 0.4516774203125 0.5235068703125 0.47165902031250007 0.5528937265625 0.46163777812499995 0.54614204375 0.438983771875 0.516847834375 0.4516774203125
2 0.17449864531249998 0.62109888125 0.1915869625 0.6249695765625 0.19540025625 0.5322515937500001 0.1813773125 0.5287102984375001 0.17449864531249998 0.62109888125
2 0.149870428125 0.5910685953125 0.165569628125 0.5905891203125 0.1612330046875 0.4756390375 0.1445113515625 0.475313940625 0.149870428125 0.5910685953125
2 0.1794553703125 0.49311736406250006 0.19549272499999998 0.4932043234375 0.19563355468750002 0.43269460468750004 0.17772749999999998 0.43247469374999997 0.1794553703125 0.49311736406250006
2 0.146849375 0.467957171875 0.162844321875 0.467451821875 0.16172464687500002 0.4267225484375 0.1443581984375 0.4258578421875 0.146849375 0.467957171875
2 0.1348283390625 0.45380884843749997 0.117747815625 0.45560277656250003 0.1149880265625 0.492201328125 0.132249421875 0.49188318906250006 0.1348283390625 0.45380884843749997
2 0.21491521875 0.15564577968749999 0.24963041874999997 0.15141812500000001 0.24437955625000002 0.12445911875 0.21222428437500002 0.12488826718749999 0.21491521875 0.15564577968749999
2 0.572397984375 0.6232418843749999 0.58871856875 0.6462507578125 0.6184726984375 0.62517105 0.597677378125 0.60553375625 0.572397984375 0.6232418843749999
2 0.8921793109375 0.4009611984375 0.855358734375 0.412228825 0.866751775 0.43060107968750005 0.8966152218750001 0.4244138265625 0.8921793109375 0.4009611984375
2 0.5069834515625 0.4275076828125 0.5107642171875 0.448635128125 0.546786703125 0.43952182031250003 0.5401369625 0.418050928125 0.5069834515625 0.4275076828125
2 0.43321994375 0.3612469546875 0.4414053765625 0.381393021875 0.4935173578125 0.355375596875 0.482061690625 0.3402853515625 0.43321994375 0.3612469546875
2 0.032462525 0.561109240625 0.0903963828125 0.49733290781250006 0.050838817187499996 0.4608589703125 0.00021580312499999997 0.50999083125 0.032462525 0.561109240625