2 0.6205215671875 0.921090415625 0.66872953125 0.9100593390625 0.6567850265625 0.8655199484375 0.6102411921875001 0.878522865625 0.6205215671875 0.921090415625
2 0.09887531875 1 0.1507321078125 0.9877969171875 0.1460457828125 0.9751070687500001 0.0418088140625 0.9997074046875 0.041854171875 1 0.09887531875 1
2 0.1425606421875 0.9420663390625 0.038758634375 0.9648437046874999 0.040516321875 0.98493415 0.14201681875 0.959712134375 0.1425606421875 0.9420663390625
2 0.49763776093749995 0.8143066015624999 0.5831527999999999 0.8005087828124999 0.581808559375 0.7851440359375 0.49666130624999993 0.7997393984375 0.49763776093749995 0.8143066015624999
2 0.4966555421875 0.7724234546875001 0.574541978125 0.756604696875 0.5746635453125 0.7375387359375 0.49046975000000004 0.756219671875 0.4966555421875 0.7724234546875001
2 0.63599155 0.832207015625 0.63285071875 0.8167626109375 0.5964057234375 0.8225704781250001 0.5991413609375 0.8401959968750001 0.63599155 0.832207015625
2 0.5692321171875 0.8457881015625001 0.5651538578124999 0.82982969375 0.5308309640625 0.8360494875000001 0.53765359375 0.8527198546875001 0.5692321171875 0.8457881015625001
2 0.5069994453125 0.8565922125000001 0.504554746875 0.842274234375 0.46870165156250004 0.8480350218750001 0.471768615625 0.86265303125 0.5069994453125 0.8565922125000001
2 0.5697354015625 0.16688267343750002 0.6165284078125 0.1533215375 0.5981906703125001 0.093595628125 0.552445184375 0.108911203125 0.5697354015625 0.16688267343750002
2 0.731345453125 0 0.715529209375 0.0041347234375 0.726734446875 0.050460971875 0.7799166390625001 0.03839711875 0.7723176609375 0 0.731345453125 0
2 0.3014524765625 0.125170403125 0.3546516515625 0.1166890171875 0.3441354671875 0.06461365 0.2943758453125 0.074922528125 0.3014524765625 0.125170403125
2 0.252111821875 0.1232368046875 0.281431421875 0.11773549999999999 0.265039915625 0.0393800109375 0.22903954999999998 0.0502700265625 0.252111821875 0.1232368046875
2 0.41225881875 0.2301405640625 0.39536328906249996 0.156242840625 0.2684201578125 0.1802040921875 0.28591408125 0.2507227421875 0.41225881875 0.2301405640625