2 0.8627280015625001 0.33685965 0.876541240625 0.3831694625 0.918922890625 0.37214774687499996 0.90705215 0.3241396453125 0.8627280015625001 0.33685965
2 1 0.8650565296874999 0.9938181875 0.8407014671875 0.9812120609375 0.8456085468750001 1 0.9194293312499999 1 0.8650565296874999
2 0.9482371859375001 0.8496697953125001 0.9728226781249999 0.953058475 0.9928793875 0.9509504281250001 0.9658897859375 0.8499055765625 0.9482371859375001 0.8496697953125001
2 0.7836728500000001 0.4132274515625 0.7997520140625001 0.49810701249999995 0.8142999578125 0.496876471875 0.799011796875 0.4116152640625 0.7836728500000001 0.4132274515625
2 0.7361995 0.4212022046875 0.7563469734375 0.5050571484375 0.77244033125 0.4985895046875 0.7552646765625 0.42099100624999997 0.7361995 0.4212022046875
2 0.8208388375 0.3979793296875 0.838413928125 0.39493649999999997 0.8297830390625001 0.35823135 0.8143958031249999 0.3616412453125 0.8208388375 0.3979793296875
2 0.8354602296874999 0.463308859375 0.8520089875 0.45619633125 0.84452716875 0.42474359218749996 0.82864236875 0.42909974531249995 0.8354602296874999 0.463308859375
2 0.8485282468750001 0.5252195328125 0.863090503125 0.5218979171875 0.8564157437500001 0.4867782296875 0.8421426140625 0.4894724375 0.8485282468750001 0.5252195328125
2 0.0919438625 0.40891701874999997 0.108055471875 0.45438824375 0.1657163578125 0.4360889171875 0.1513406390625 0.3895397140625 0.0919438625 0.40891701874999997
2 0 0.291555896875 0.00044874375 0.293157659375 0.046572378125 0.2811456234375 0.0335822046875 0.228182075 0 0.2354394078125 0 0.291555896875
2 0.067400171875 0.6634393328125 0.0785759046875 0.7130114625 0.128692625 0.7050589609375 0.119284075 0.652015909375 0.067400171875 0.6634393328125
2 0.0435507828125 0.742963225 0.0550674328125 0.7787680515625001 0.1276204328125 0.7544258484374999 0.1216082671875 0.7252067249999999 0.0435507828125 0.742963225
2 0.1842944234375 0.73712578125 0.2544970234375 0.7184038 0.23171295937499997 0.5924375140625 0.1581213578125 0.6106201625 0.1842944234375 0.73712578125