2 0.40388149375 0.10942341250000001 0.39598521249999996 0.1435421890625 0.45309887968749996 0.1510114703125 0.4547949953125 0.1160903875 0.40388149375 0.10942341250000001
2 0.8295146390625 0 0.7693795156250001 0.09703629531249999 0.8014470234375001 0.11491131562500001 0.8698048546875 0 0.8295146390625 0
2 0.24493583281250003 0.9348853859374999 0.20586687656249997 0.9496632203125 0.2228938125 0.9832588796874999 0.25676639218749997 0.969873415625 0.24493583281250003 0.9348853859374999
2 0.3160738375 0.9829099125 0.3516621671875 0.9733740484375 0.34304551562499996 0.941216265625 0.3115321859375 0.9496602359375 0.3160738375 0.9829099125
2 0.8767353703125 0.4233959921875 0.8619559000000001 0.456282403125 0.8772617125 0.46202928749999994 0.8936754375 0.429319675 0.8767353703125 0.4233959921875
2 0.9052627093750001 0.433600925 0.8888477484375 0.4638488515625 0.9034545015625 0.47039774375 0.9199102124999999 0.440138896875 0.9052627093750001 0.433600925
2 0.915599721875 0.35759019375 0.9357270359375001 0.30665302968749997 0.9142719453125 0.2976314265625 0.9005338843749999 0.3517790078125 0.915599721875 0.35759019375
2 0.953076403125 0.8091472609375 0.916996328125 0.8163528703124999 0.9213903437500001 0.8490274124999999 0.955168115625 0.8467464187499999 0.953076403125 0.8091472609375
2 0.20389639375000002 0.8117100781250001 0.2273363109375 0.8577447890625001 0.23994164375000002 0.8543672000000001 0.217568084375 0.8006607109375 0.20389639375000002 0.8117100781250001
2 0.07610695468749999 0.7425529453124999 0.049328581249999996 0.7451115046875 0.0689466609375 0.818327175 0.0780660140625 0.8140379484375 0.07610695468749999 0.7425529453124999
2 0.200732315625 0.11215634999999999 0.21407772656250001 0.10735106718750001 0.2041238640625 0.06293415937499999 0.1886539578125 0.0670793078125 0.200732315625 0.11215634999999999