2 0.0771166890625 0.5838285640625 0.072095675 0.534001059375 0.0413577140625 0.535711734375 0.047181171875 0.5893240453125 0.0771166890625 0.5838285640625
2 0.6285528890625 0.9124401265625 0.66019915 0.906454096875 0.6518195062500001 0.8384400281250001 0.6139483515624999 0.8459021796874999 0.6285528890625 0.9124401265625
2 0.734920471875 0.8998507437500001 0.7673741765625001 0.8837503390625001 0.7464407125 0.827985134375 0.7147506078125 0.8420151734375001 0.734920471875 0.8998507437500001
2 0.240075065625 0.17390483437499998 0.26959937031250003 0.1648211984375 0.26474570625 0.1198855046875 0.2248462109375 0.13194580312499998 0.240075065625 0.17390483437499998
2 0.21516837187500001 0.237871446875 0.2533434265625 0.233101703125 0.2473682203125 0.21010958125 0.2119584203125 0.21624664531249999 0.21516837187500001 0.237871446875
2 0.66580623125 0.8807552328125 0.6892931546875001 0.8721690593750001 0.6831466875000001 0.8399576265625001 0.66092168125 0.841697959375 0.66580623125 0.8807552328125
2 0.4580298515625 0.701292846875 0.47458608125 0.6965454249999999 0.467865178125 0.660176590625 0.4525338328125 0.6642639421875 0.4580298515625 0.701292846875
2 0.480295075 0.6949083968750001 0.49554614687500004 0.6899175453125 0.489807203125 0.656973203125 0.47332736249999996 0.6592263859374999 0.480295075 0.6949083968750001
2 0.5023925203124999 0.6836306343749999 0.5161702234375001 0.6735015375 0.5123267109375 0.6622517171875 0.49535237656250003 0.6649571562500001 0.5023925203124999 0.6836306343749999
2 0.8025277453124999 0.689602234375 0.8201415843750001 0.6820808359375 0.802069675 0.63414095625 0.7871036859375 0.6387428500000001 0.8025277453124999 0.689602234375
2 0.8668943562500001 0.69214645 0.8817383375000001 0.6878900078125 0.8698642140624999 0.6357038546875 0.8529179140625001 0.6356217078124999 0.8668943562500001 0.69214645
2 0.838805246875 0.9217017546875 0.8593582234375001 0.9158082828125 0.854509778125 0.89459154375 0.8302008671875001 0.8960029140625 0.838805246875 0.9217017546875
2 0.90792916875 0.8761853937499999 0.9394956593750001 0.87207526875 0.933994521875 0.8335036375 0.9006876828125 0.8248327265625001 0.90792916875 0.8761853937499999
2 0.8497677671874999 0.8823623828124999 0.8491048890625 0.8714342593750001 0.8325441078125 0.8718576171875 0.8344328046875 0.8849065796875 0.8497677671874999 0.8823623828124999
2 0.8247053515625 0.8617534156250001 0.82224590625 0.8488681124999999 0.8076457843749999 0.8518208984375001 0.816440953125 0.8702999703125001 0.8247053515625 0.8617534156250001
2 0.8951123937500001 0.8681246640625 0.8916755406249999 0.8561389343749999 0.8729160828125 0.8596650875 0.8794536796875001 0.8800268625 0.8951123937500001 0.8681246640625
2 0.0216041734375 0.35576216875 0.011260271875 0.3735525015625 0.021399982812500003 0.38855764375 0.034753503125 0.37361038125 0.0216041734375 0.35576216875