2 0.2582830921875 0.5957799453125 0.2550611578125 0.6321042875 0.34179818281249996 0.6504537140625 0.34469055625 0.6171015484375 0.2582830921875 0.5957799453125
2 0.3640852125 0.5612990625000001 0.2561790703125 0.532055934375 0.252228246875 0.573965725 0.35879065625 0.5931841953125 0.3640852125 0.5612990625000001
2 0.28708618124999996 0.50124245 0.27720988750000003 0.5188918296875 0.3639720734375 0.53893475625 0.3699157609375 0.5166044390625 0.28708618124999996 0.50124245
2 0.229352759375 0.47495203906250005 0.1967785671875 0.4691833765625 0.1870320859375 0.5061710984375 0.22473855625 0.510337284375 0.229352759375 0.47495203906250005
2 0.2978530453125 0.4477218984375 0.2959422453125 0.47834443125000004 0.37464310312500004 0.5035835 0.385594759375 0.46501649218749996 0.2978530453125 0.4477218984375
2 0.7850934078125 0.5302861812499999 0.9048665796875 0.561456634375 0.9189859374999999 0.5065044703125 0.7942411203125 0.47465931875 0.7850934078125 0.5302861812499999
2 0.9236816156250001 0.48398537812500003 0.9152609578125 0.53402555625 0.958763384375 0.5431153453124999 0.9676541453124999 0.4861583859375 0.9236816156250001 0.48398537812500003
2 0.9319730359375 0.28392449375 0.9693556296875 0.29420385625 0.958136359375 0.2364857125 0.9372513687499999 0.23328539375 0.9319730359375 0.28392449375
2 0.6756815515625 0.52130258125 0.664265553125 0.5652683171875 0.7464357953125 0.5990205578125 0.758007296875 0.5434159984375 0.6756815515625 0.52130258125
2 0.7102783234375 0.62771728125 0.7027669046875 0.5735156265625 0.6544934265625 0.578785971875 0.663115490625 0.62781026875 0.7102783234375 0.62771728125
2 0.46916058437499997 0.488841934375 0.470277578125 0.519482378125 0.5189928203124999 0.5336075265625 0.5227293015625001 0.4937067953125 0.46916058437499997 0.488841934375
2 0.43760312187499995 0.6407878671875 0.438057971875 0.664901934375 0.512968909375 0.6799869703125 0.5145355406250001 0.6522614609375 0.43760312187499995 0.6407878671875
2 0.57005428125 0.7185022015625 0.5496061515624999 0.7533344796875 0.5905345484375 0.764740790625 0.6028302156249999 0.7330881171875 0.57005428125 0.7185022015625
2 0.6925969859375 0.8199239796875 0.7275833781250001 0.8318788421875001 0.74683755625 0.78312485 0.7082370859375 0.7696918015625 0.6925969859375 0.8199239796875
2 0.6498207046875 0.8923718375 0.6843053921875 0.9110809 0.7070704937500001 0.85704271875 0.669632009375 0.8480316968749999 0.6498207046875 0.8923718375
2 0.607515803125 0.9641247984374999 0.647634475 0.9744771828125 0.6571382921875 0.9393528124999999 0.62989595 0.9283407609375001 0.607515803125 0.9641247984374999
2 0.44328473281249997 0.9282843234374999 0.43290474687499997 0.9744681328125001 0.4666124625 0.986068271875 0.47857699531250003 0.938701 0.44328473281249997 0.9282843234374999
2 0.4765687578125 1 0.4782561125 0.9977375203125 0.4371629828125 0.9839278609375001 0.430681078125 1 0.4765687578125 1
2 0.94347398125 0.9218855250000001 0.9500333484375 0.912066028125 0.889873025 0.9043996171875 0.87528156875 0.9351407875 0.94347398125 0.9218855250000001
2 0.203855471875 0.27843310625 0.23735268125000003 0.285838534375 0.238466740625 0.24955304374999998 0.2066081578125 0.2428064328125 0.203855471875 0.27843310625
2 0.1653888671875 0.198786103125 0.1287184109375 0.1968379890625 0.12543171718749999 0.223493928125 0.1603211953125 0.23183845 0.1653888671875 0.198786103125
2 0.3713448953125 0.05408235 0.36917505 0.0895957328125 0.4161745234375 0.09800576250000001 0.421488278125 0.06155177656250001 0.3713448953125 0.05408235