2 0.7434221609375 0.0396702609375 0.7247329078125 0.0038465640624999998 0.7057928171875 0.0035159625 0.6752225328125 0.022587181249999998 0.7006499109375001 0.0664638515625 0.7434221609375 0.0396702609375
2 0.675082021875 0.10670316875000001 0.6945198546875 0.1432111046875 0.742978521875 0.1091374375 0.73059188125 0.081336640625 0.675082021875 0.10670316875000001
2 0.66592850625 0.23190663749999998 0.6780613453125001 0.262512396875 0.71020525 0.24659829531250002 0.700393175 0.2202775828125 0.66592850625 0.23190663749999998
2 0.608934734375 0.42059324687500005 0.6203493625000001 0.45509369062499994 0.6719527750000001 0.43200301406249997 0.6592149671875001 0.3964701921875 0.608934734375 0.42059324687500005
2 0.02288151875 0.2029381125 0.08669929531250001 0.198937109375 0.08501846874999999 0.14384851406250002 0.0241025375 0.1495334234375 0.02288151875 0.2029381125
2 0.173730715625 0.3084925703125 0.1780529703125 0.3412584875 0.231971109375 0.337032584375 0.22896199374999998 0.29790924375 0.173730715625 0.3084925703125
2 0.19301585625 0.5824987640625 0.1974523140625 0.6356700531249999 0.269019225 0.6436373125 0.271489703125 0.5906774203125 0.19301585625 0.5824987640625
2 0.33413074531250003 0.511333228125 0.3377637296875 0.526292609375 0.40707646875 0.5207731203125 0.40821371093750003 0.5056751109375 0.33413074531250003 0.511333228125
2 0.23532462187499997 0.79796744375 0.27066493125 0.8032011156250001 0.2780984234375 0.7711736625000001 0.2464505859375 0.7618957828124999 0.23532462187499997 0.79796744375
2 0.30500999218749997 0.68828550625 0.3422631828125 0.6944822984375 0.345601009375 0.682703346875 0.30827700625 0.6759170390625 0.30500999218749997 0.68828550625
2 0.3436665890625 0.5963044640625 0.33876592968749997 0.6075480125 0.3693902828125 0.61336230625 0.37501614375000003 0.600704209375 0.3436665890625 0.5963044640625
2 0.2699351609375 0.061582453125000006 0.2758788578125 0.1587101984375 0.3818140609375 0.144506575 0.3692703046875 0.052102759374999995 0.2699351609375 0.061582453125000006
2 0.7384223890625 0.6250050765624999 0.750046371875 0.6587745578125 0.8038503640625001 0.6390029359375 0.7914741671875001 0.6064151875 0.7384223890625 0.6250050765624999
2 0.7029723999999999 0.6310453671875 0.7626696359375 0.610550146875 0.7520614109375 0.5777453171875 0.695817315625 0.6020040078125 0.7029723999999999 0.6310453671875
2 0.8901439828125 0.603684065625 0.9067460734375 0.6341487984375 0.95488435 0.612081796875 0.944348484375 0.579866290625 0.8901439828125 0.603684065625
2 0.7570912484375001 0.777050740625 0.7704986 0.8058565078125 0.8181199109374999 0.784451190625 0.8136119421875 0.7574807906250001 0.7570912484375001 0.777050740625
2 0.9947381546875 0.8058143531249999 0.9750779968750001 0.8130988468749999 0.98277104375 0.829456665625 0.9944165359375001 0.8242398609375 0.9947381546875 0.8058143531249999
2 0.9661368546875 0.92783906875 0.891809803125 0.9534333453125001 0.8904522671875 0.9545571640625001 0.9717790187500001 0.94457149375 0.9661368546875 0.92783906875
2 0.9579729718750001 0.37414748750000004 0.98563039375 0.42400634843749996 0.9911739515625 0.4077675296875 0.9843062484375 0.354757803125 0.9579729718750001 0.37414748750000004
2 0.552006003125 0.093349703125 0.5570205953125 0.1098301703125 0.5874584421875 0.0995094265625 0.58550434375 0.08359456875 0.552006003125 0.093349703125
2 0.5643289125 0.13526031249999998 0.6016956718750001 0.1228939625 0.598118128125 0.1083732828125 0.562002378125 0.1211842375 0.5643289125 0.13526031249999998