2 0.2615640078125 0.7354349250000001 0.26410676875 0.7004029609375 0.206542771875 0.6918868703125 0.21122305468749997 0.7268605499999999 0.2615640078125 0.7354349250000001
2 0.1407233359375 0.9138829578125 0.13613219062499998 0.8897330437500001 0.09140531874999999 0.8874534671875001 0.089575375 0.9085060796875 0.1407233359375 0.9138829578125
2 0.257722684375 0.6837777109375 0.2611596765625 0.650690834375 0.2132869984375 0.6455099875 0.213169190625 0.6804134640624999 0.257722684375 0.6837777109375
2 0.2816963109375 0.619711121875 0.2849570609375 0.564973871875 0.23726811718750002 0.5586229875 0.2318009140625 0.61401690625 0.2816963109375 0.619711121875
2 0.1750462203125 0.5415605203125 0.171074890625 0.509701721875 0.1417809796875 0.5086657640625 0.14137036875 0.541632403125 0.1750462203125 0.5415605203125
2 0.179533159375 0.6954160234375 0.1738991375 0.6512819296875 0.14118076875000002 0.6491040234375001 0.137419284375 0.691830696875 0.179533159375 0.6954160234375
2 0.698527778125 0.8953284234375 0.6923035718749999 0.8625116500000001 0.6606654453125 0.8611044078125 0.663586409375 0.8957994390625 0.698527778125 0.8953284234375
2 0.85288904375 0.9113702218749999 0.8536709421875001 0.876059365625 0.8181150453124999 0.8728293046875001 0.814916521875 0.9063083140625 0.85288904375 0.9113702218749999
2 0.7861872796875 0.9074104515625001 0.7839438515625 0.8722231640624999 0.757461415625 0.8686283265625001 0.75634555 0.9060377781250001 0.7861872796875 0.9074104515625001
2 0.33019005 0.33251130624999997 0.334799921875 0.2996101953125 0.25748273125 0.286763203125 0.25611309375 0.32197939062500003 0.33019005 0.33251130624999997
2 0.2961282625 0.2856781515625 0.29487398125 0.25184666718750004 0.2569409046875 0.24463793749999999 0.259352328125 0.2806523140625 0.2961282625 0.2856781515625
2 0.4015072203125 0.2921584609375 0.40294385625 0.2413371921875 0.3667984328125 0.2380137609375 0.364404653125 0.2891849171875 0.4015072203125 0.2921584609375
2 0.39267008593749997 0.2264973171875 0.39253512343749997 0.162815615625 0.323672878125 0.157314521875 0.3197899984375 0.223580765625 0.39267008593749997 0.2264973171875
2 0.23320898125 0.13638011249999998 0.23309770156249998 0.0991275015625 0.180470253125 0.0973984671875 0.1822581953125 0.1297483203125 0.23320898125 0.13638011249999998
2 0.186425325 0.287520765625 0.18415779999999998 0.2373135375 0.134711078125 0.23068425 0.1328105171875 0.284434628125 0.186425325 0.287520765625
2 0.06810316250000001 0.3210299046875 0.07027309375 0.2883419140625 0.03872785 0.2863482296875 0.042099934374999995 0.3200927546875 0.06810316250000001 0.3210299046875
2 0.102116678125 0.3264171171875 0.10320636875 0.2929584640625 0.0774328859375 0.2924785046875 0.0774862 0.32251603281249996 0.102116678125 0.3264171171875
2 0.10640939375 0.4093740453125 0.1422467828125 0.41084681874999995 0.1430003484375 0.3719293125 0.10657627656249999 0.3703652 0.10640939375 0.4093740453125
2 0.078846715625 0.40500854531249997 0.0770057484375 0.371085721875 0.0483630765625 0.3659480171875 0.0461505921875 0.402690203125 0.078846715625 0.40500854531249997
2 0.3719838421875 0.144546071875 0.3720321984375 0.0911034796875 0.34085799843750003 0.08676712343750001 0.3363332734375 0.14190375 0.3719838421875 0.144546071875
2 0.058222109375 0.093049221875 0.0563177234375 0.11076631249999999 0.1341103671875 0.1149181296875 0.1357730140625 0.098727325 0.058222109375 0.093049221875
2 0.34838502656250003 0.0025702859375000002 0.3528879203125 0.018404232812499997 0.423353353125 0.028965292187500002 0.4230506140625 0.0012669921875 0.34838502656250003 0.0025702859375000002
2 0.8139435109375001 0.2235549625 0.8110561671875001 0.1810566203125 0.7229935453125 0.1791208203125 0.7254751765624999 0.2184874515625 0.8139435109375001 0.2235549625
2 0.827101784375 0.10252168749999999 0.8236870203125 0.067148878125 0.786770934375 0.0649056875 0.787736640625 0.0986614078125 0.827101784375 0.10252168749999999
2 0.62984555625 0.34213593750000004 0.6360944374999999 0.2950810296875 0.59856228125 0.289136521875 0.594966478125 0.33651038906249997 0.62984555625 0.34213593750000004
2 0.7765784796874999 0.178600065625 0.7796444296875 0.1478558609375 0.7250497515625 0.12059221093750001 0.7226621953125 0.179315128125 0.7765784796874999 0.178600065625
2 0.7219860406249999 0.7092635859375 0.722832246875 0.6697611859375 0.6868738875 0.6652666609375 0.6855644359374999 0.7038983765625 0.7219860406249999 0.7092635859375
2 0.792846778125 0.64901944375 0.8472915109375 0.6582422109375 0.8535989953125 0.6298148703125 0.7958775640625 0.6260783062499999 0.792846778125 0.64901944375
2 1 0.5214798578125001 0.9835218296875 0.5230719703125 0.9806837125 0.5371956265625 0.9989318656249999 0.5381242 1 0.5215593484375 1 0.5214798578125001
2 1 0.4956365921875 0.9998741546875 0.4884269359375 0.9834105515625 0.48581935937500004 0.9833437984375 0.5014228968750001 1 0.5040609796875 1 0.4956365921875
2 0.611678690625 0.48339565625 0.61030319375 0.4465439625 0.57826285 0.44387071406249995 0.576359909375 0.47676077031249997 0.611678690625 0.48339565625
2 0.6193537625000001 0.704419028125 0.6225771453125 0.6688952968749999 0.5627587265625 0.6594209890625 0.5651835546874999 0.7010440140624999 0.6193537625000001 0.704419028125
2 0.598005596875 0.7671011609375 0.5985090921875 0.7335480828125001 0.548412921875 0.7310192421874999 0.5427524390625 0.7667581265625001 0.598005596875 0.7671011609375