2 0.5124251625 0.0896579640625 0.5364115703125 0.1348456 0.5868950859375001 0.1118231453125 0.561709225 0.0648897671875 0.5124251625 0.0896579640625
2 0.5257557546875 0 0.48423643437499997 0.0238523703125 0.5017874890625 0.057666921875 0.5509289578125001 0.031997778125 0.5277609796875 0 0.5257557546875 0
2 0.1731828265625 0.273179440625 0.20239845 0.3229034125 0.23740636093749998 0.30558499375000003 0.2139999671875 0.2519700453125 0.1731828265625 0.273179440625
2 0.3117034265625 0.3253112296875 0.3623906265625 0.40713099374999995 0.420061965625 0.37754605625000004 0.368840209375 0.291919378125 0.3117034265625 0.3253112296875
2 0.2821337234375 0.356238546875 0.3071534078125 0.4058239828125 0.33782892656249996 0.39256016250000003 0.31375796562499997 0.342723146875 0.2821337234375 0.356238546875
2 0.23536066249999998 0.2522205984375 0.2536329 0.28194512031249996 0.2900528828125 0.270295525 0.2725518984375 0.23790663906249998 0.23536066249999998 0.2522205984375
2 0.5274140015625 0.5175425265625 0.47933304843749996 0.5235201078125 0.48828601718750003 0.55822705 0.5391177609375 0.5503260437499999 0.5274140015625 0.5175425265625
2 0.499929459375 0.6187067984375 0.5091917390625 0.651659553125 0.566385753125 0.6418690109375 0.5499829953125001 0.608380690625 0.499929459375 0.6187067984375
2 0.837951728125 0.49339371249999997 0.8379975703125 0.5307456953125 0.8722888937500001 0.5277580578125 0.8678967625 0.49282084687500005 0.837951728125 0.49339371249999997
2 0.7431923515625 0.8188061031249999 0.7610539859375 0.8508682765625 0.7900086640625 0.833686740625 0.7754517671875 0.8016884609374999 0.7431923515625 0.8188061031249999
2 0.3293231828125 0 0.340673484375 0.020823790624999998 0.3771671703125 0 0.3293231828125 0
2 0.41320161562499996 0.10529047031250001 0.39327829375 0.0746719046875 0.34988610000000003 0.091670171875 0.360894428125 0.1249784 0.41320161562499996 0.10529047031250001
2 0.7466382640625 0.6146227875 0.7422327906249999 0.6054147703125 0.7192588046874999 0.609193728125 0.7220440234375001 0.6224617593749999 0.7466382640625 0.6146227875
2 0.7190464859375 0.5898822234375001 0.7223853328125001 0.5983008437499999 0.7439839234375001 0.5954835984375 0.7396746234375 0.5840205218750001 0.7190464859375 0.5898822234375001
2 0.71260835 0.5682671203125 0.71584409375 0.5772704703125 0.7419476625 0.5728391109375 0.73873698125 0.5585647218750001 0.71260835 0.5682671203125
2 0.711638715625 0.5464120296874999 0.7166286484375 0.555724690625 0.73881196875 0.55301055 0.7348095359375 0.5398071328125 0.711638715625 0.5464120296874999