2 0.1358690125 0.8842342406249999 0.103438178125 0.9073770328125 0.13798523125 0.9448348015624999 0.1683795234375 0.9244413203124999 0.1358690125 0.8842342406249999
2 0.3217537046875 0.17343114375 0.287722678125 0.18473194531249998 0.2968729796875 0.208802265625 0.33261630625 0.19862989375 0.3217537046875 0.17343114375
2 0.2769307390625 0.1476328515625 0.26541830625 0.14089615312499998 0.2495411109375 0.196179246875 0.27118383125 0.19810009687500002 0.2769307390625 0.1476328515625
2 0.9383478890625 0.3238133015625 0.866515453125 0.289439903125 0.8445876906249999 0.3413649265625 0.9172703125 0.3736245546875 0.9383478890625 0.3238133015625
2 0.9461468203125 0.78515028125 0.9101520375 0.791166396875 0.9117495640625 0.8369135109375 0.943231896875 0.8367084171875 0.9461468203125 0.78515028125
2 0.9195398984375001 0.7200501312500001 0.9024302484375 0.7230271875 0.8947504187499999 0.7750472109375 0.9126673390625 0.7770997328125 0.9195398984375001 0.7200501312500001
2 1 0.7316532312499999 0.9976329484375001 0.7298150453125001 0.9742419078125 0.756805634375 1 0.783721628125 1 0.7316532312499999
2 0.7077683859375 0.859503925 0.6664559578125 0.9002080046875 0.6922868984375 0.9260738359375 0.7336216624999999 0.8859646531250001 0.7077683859375 0.859503925
2 0.382332384375 0.66742728125 0.3578360015625 0.696836046875 0.38466700625 0.7173136953125 0.40506890625 0.69310411875 0.382332384375 0.66742728125
2 0.304791815625 0.5035757828125 0.279682828125 0.5324102640625 0.3113392484375 0.5550989796875 0.3289563484375 0.5271202328125 0.304791815625 0.5035757828125
2 0.191903715625 0.330248996875 0.17088154375 0.35715686562500004 0.1887988109375 0.3773516765625 0.2124059140625 0.350056484375 0.191903715625 0.330248996875
2 0.24861456875000001 0.5775141953125 0.2294747171875 0.6073300171875 0.248329828125 0.6203549171875 0.2698890234375 0.5943194640625 0.24861456875000001 0.5775141953125
2 0.293246065625 0.8698158890625001 0.2698326859375 0.896211584375 0.295092575 0.9226930359375001 0.320474075 0.8959315546875001 0.293246065625 0.8698158890625001
2 0.8558390609375 0.8335142515625 0.8276152968750001 0.8071347390625 0.804264246875 0.8353152843749999 0.831842840625 0.8584418921875001 0.8558390609375 0.8335142515625
2 0.1665887421875 0.7951234796875 0.152477615625 0.781932915625 0.13425483124999998 0.8039838765624999 0.14238985937499998 0.817381565625 0.1665887421875 0.7951234796875
2 0.1838726296875 0.8141490578124999 0.16906445 0.7980107125 0.1449539671875 0.8214570640625001 0.16033481249999998 0.8369812984375 0.1838726296875 0.8141490578124999
2 0.25908073125 0.775236565625 0.24256446875 0.7781929015625 0.2650664671875 0.81071959375 0.27269615625 0.80212465 0.25908073125 0.775236565625
2 0.232310846875 0.87551159375 0.2183118453125 0.8825450609375001 0.2337632109375 0.9171018671875 0.24795130781250002 0.9091706281249999 0.232310846875 0.87551159375
2 0.9317541453124999 0.54295035 0.9104456640624999 0.5276331109375 0.8917955375 0.5544597078125 0.9161778953124999 0.5717505609375 0.9317541453124999 0.54295035