2 0.3471081875 0.606082396875 0.354747315625 0.5561369843749999 0.3021136625 0.5398585953125 0.29236274687499997 0.5985357859375 0.3471081875 0.606082396875
2 0.243642259375 0.47610052031250005 0.298684565625 0.4929305796875 0.3044279109375 0.443981525 0.2534114828125 0.435037359375 0.243642259375 0.47610052031250005
2 0.2541222078125 0.41899250468749993 0.3135954609375 0.4306165796875 0.3185587796875 0.3720332125 0.26424606875 0.36035451093750004 0.2541222078125 0.41899250468749993
2 0.1088438984375 0.5998459578124999 0.13919918125 0.6069170609375 0.1519009640625 0.53720505625 0.11490686718750001 0.5368989421875 0.1088438984375 0.5998459578124999
2 0.60059033125 0.4455569328125 0.64983458125 0.45879091875 0.6602396125000001 0.39958545624999997 0.61114878125 0.38368100312500003 0.60059033125 0.4455569328125
2 0.8159798578125 0.5434198718750001 0.8915878578124999 0.5677846578125 0.9045042546875001 0.490335515625 0.8300782109375 0.47116806093749997 0.8159798578125 0.5434198718750001
2 0.8505569124999999 0.4700384171875 0.9030732218749999 0.48122980000000004 0.9162731359375 0.4181389484375 0.8624285109375001 0.40770191406249995 0.8505569124999999 0.4700384171875
2 0.8834872859375 0.3096158296875 0.8720957453124999 0.40095828593749994 0.97984599375 0.4212370296875 0.9997891750000001 0.3337800609375 0.8834872859375 0.3096158296875
2 0.8867011437500001 0.2624904875 0.9152506546874999 0.268774775 0.9277712015624999 0.22352313437500002 0.8932933625 0.21631724375 0.8867011437500001 0.2624904875
2 0.811919865625 0.1098531765625 0.8435998781249999 0.1209425765625 0.8488150187500001 0.0826843734375 0.82005906875 0.077870940625 0.811919865625 0.1098531765625
2 0.8652624187500001 0.8924866515625001 0.890932546875 0.8978697125 0.9017772109375001 0.86856305625 0.8722748749999999 0.859490459375 0.8652624187500001 0.8924866515625001
2 0.2733213796875 0.07443685312500001 0.30892823125 0.077283753125 0.3091729203125 0.0522346078125 0.2764060625 0.0458055703125 0.2733213796875 0.07443685312500001
2 0 0.9493830671874999 0.019158707812500002 0.950424621875 0.029205082812499998 0.8920754234375 0 0.8885301625 0 0.9493830671874999
2 0.191971165625 0.9506773265625 0.1783998046875 0.9441762453125 0.16712030312499998 0.9662745218750001 0.1775972046875 0.9688682406250001 0.191971165625 0.9506773265625
2 0.20255490781250002 0.9607450312499999 0.21201053593750002 0.9709926765624999 0.21946532031250002 0.9455073015625001 0.20926926093749998 0.940256509375 0.20255490781250002 0.9607450312499999
2 0.22768296875 0.96875928125 0.23666248125 0.9750762515625 0.24803663281250002 0.952092390625 0.23743471249999998 0.945007878125 0.22768296875 0.96875928125
2 0.709747584375 0.3319524484375 0.7130972453125 0.28872201249999996 0.6566741359375 0.2857768078125 0.6496540265624999 0.3184721140625 0.709747584375 0.3319524484375
2 0.6408403828125 0.061422379687499994 0.6307791484374999 0.12305205781249999 0.6728408578125 0.1262804515625 0.679389640625 0.0696532140625 0.6408403828125 0.061422379687499994