2 0.5461666140625 1 0.5968033171875 0.9905416890625001 0.58873094375 0.9552364390625 0.505833221875 0.9753008328125 0.5138277812500001 1 0.5461666140625 1
2 0.7646586921875 0.8334203625000001 0.7569282859375 0.799874371875 0.7235930484375 0.805749221875 0.7360823640625 0.843551303125 0.7646586921875 0.8334203625000001
2 0.845377409375 0.7041258125 0.8720134453125 0.7509155765625 0.9040073359375 0.7350283359375 0.8731003062499999 0.681816778125 0.845377409375 0.7041258125
2 0.0268008203125 0.083890875 0.0214205734375 0.102896346875 0.0573434234375 0.1134371703125 0.0678895890625 0.075904028125 0.0268008203125 0.083890875
2 0.411020875 0.2930491859375 0.402498015625 0.2554263734375 0.37627099531249997 0.2574252640625 0.3785117390625 0.2969504609375 0.411020875 0.2930491859375
2 0.44025272187500003 0.2505054625 0.4114672203125 0.2548926640625 0.4176581171875 0.29296557968750003 0.4490018703125 0.2892924234375 0.44025272187500003 0.2505054625
2 0.5607581078125 0.148525796875 0.5318086906249999 0.161404984375 0.5377785234375 0.176558359375 0.5746632609375 0.160930159375 0.5607581078125 0.148525796875
2 0.5478572671874999 0.2066267484375 0.580922053125 0.18690535156250002 0.5700800359375 0.1762565828125 0.5415475562500001 0.18972485 0.5478572671874999 0.2066267484375
2 0.5907474515625 0.0538675484375 0.580602646875 0.03589811875 0.549060096875 0.054115487500000004 0.553639790625 0.06833253593750001 0.5907474515625 0.0538675484375
2 0.6163718 0.0736621875 0.61040166875 0.05850727812499999 0.56331005625 0.07608129062499999 0.5668911421875 0.09294851093749999 0.6163718 0.0736621875
2 0.8945437515625001 0.1791188875 0.887991078125 0.16407880625 0.8581364453125 0.1691975078125 0.862131234375 0.18662896874999998 0.8945437515625001 0.1791188875
2 0.8971980234375 0.18343867187500001 0.86303668125 0.191287096875 0.8653952390624999 0.206540753125 0.9010630765625001 0.2002109 0.8971980234375 0.18343867187500001
2 0.882806178125 0.507711315625 0.8991202109374999 0.5262929749999999 0.92648531875 0.505263215625 0.911541375 0.48594248906250004 0.882806178125 0.507711315625
2 0.8614291875 0.6031117625 0.8471693124999999 0.5919860781249999 0.801962715625 0.6176935984374999 0.8060710296875 0.63260554375 0.8614291875 0.6031117625
2 0.9053756140625 0.57402479375 0.89927398125 0.56131330625 0.880040221875 0.56505196875 0.8860270296874999 0.5771809140624999 0.9053756140625 0.57402479375