2 0.139409375 0.332503125 0.0865578125 0.295684375 0.059925001562500003 0.32223437499999996 0.1131921875 0.3604015625 0.139409375 0.332503125
2 0.0665828140625 0.3719390625 0.05493125 0.39690937656249997 0.1048687484375 0.416821875 0.1081984375 0.39359062499999997 0.0665828140625 0.3719390625
2 0.8780687500000001 0.286840625 0.870578125 0.22266875000000003 0.8306281249999999 0.22930625 0.835621875 0.28738593749999997 0.8780687500000001 0.286840625
2 0.8114859375 0.7766718734375 0.8389515609375 0.844953125 0.9321687515624999 0.8184015625000001 0.9171875 0.757003125 0.8114859375 0.7766718734375
2 0.1872656234375 0.519303125 0.12484375 0.48817656249999997 0.11485625 0.5014515625 0.18476874999999998 0.53961875 0.1872656234375 0.519303125
2 0.5867671875 0.06890781406249999 0.5742828140625 0.10319062500000001 0.615896875 0.11480625 0.6292140625 0.07830000000000001 0.5867671875 0.06890781406249999
2 0.7754187515625001 0.13698593750000002 0.6935781265625 0.1162296875 0.688028125 0.153590625 0.767096875 0.1701953125 0.7754187515625001 0.13698593750000002
2 0.7754187499999999 0.2213921859375 0.740740625 0.2144734375 0.7296421875 0.2462984375 0.764321875 0.2532171859375 0.7754187499999999 0.2213921859375
2 0.5590234374999999 0.5783859375 0.5978640640624999 0.5839218749999999 0.6047984375000001 0.536875 0.563184375 0.5271890625 0.5590234374999999 0.5783859375
2 0.6588984359375 0.4995156234375 0.5728953125 0.48706250000000006 0.5701218734375 0.5230390625 0.6547359375 0.538259375 0.6588984359375 0.4995156234375
2 0.67183989375 0.0107952671875 0.6236764890625001 0.007427353124999999 0.670590625 0.025203125 0.67183989375 0.0107952671875
2 0.7490640625 0.67010625 0.7814625000000001 0.6697078125 0.7868140625 0.6388625 0.7511453125 0.6412359375000001 0.7490640625 0.67010625