2 0.6936507890625 0 0.6851020343750001 0.01990476875 0.75007794375 0.060083399999999995 0.781256778125 0.019708878125000003 0.7546587609375 0 0.6936507890625 0
2 0.8321051765625 0.21550089843750003 0.8625771015625 0.2257081453125 0.8797749859374999 0.17487951875000002 0.8458133203125 0.161616503125 0.8321051765625 0.21550089843750003
2 0.6424948875000001 0.47583797656250004 0.6222011609375 0.45018743906249997 0.5931640015624999 0.46801654531250003 0.61198343125 0.4976530375 0.6424948875000001 0.47583797656250004
2 0.6590823078125 0.3794043109375 0.63357485 0.3587907703125 0.6071680453125 0.3894317578125 0.630050834375 0.41814466718750004 0.6590823078125 0.3794043109375
2 0.3511471109375 0.3860848 0.38276788906250003 0.350408359375 0.35944956875 0.32463888281250003 0.3209606546875 0.3624978578125 0.3511471109375 0.3860848
2 0.343963440625 0.2837961046875 0.30091333593749997 0.2473206140625 0.2787622890625 0.2706717296875 0.32153556875 0.30920492187500004 0.343963440625 0.2837961046875
2 0.47151734687499997 0.7741116890625 0.48495873125 0.7413161625 0.4568328109375 0.730738928125 0.44102626093749997 0.7618857109375 0.47151734687499997 0.7741116890625
2 0.36345028125 0.9571914296875 0.375904796875 0.9257560937499999 0.3506468453125 0.91051339375 0.3338754796875 0.9393640890625001 0.36345028125 0.9571914296875
2 0.9679630671874999 0.8873034203125 0.9772720187499999 0.8587708968750001 0.9421023843749999 0.8378810765625 0.9262736859375 0.8707857796875 0.9679630671874999 0.8873034203125
2 0.119627221875 0.72341179375 0.0763333109375 0.6929880125000001 0.0543393765625 0.7211266171874999 0.09686012187500001 0.752372090625 0.119627221875 0.72341179375
2 0.1749037453125 0.708044190625 0.14572053437500002 0.6832004578124999 0.12678058125 0.7078480218750001 0.16000441406250002 0.7297468421875 0.1749037453125 0.708044190625
2 0.2424907296875 0.800765940625 0.25497389843749996 0.76571599375 0.2202402703125 0.7513745265625 0.20712260312500003 0.7881116890625 0.2424907296875 0.800765940625
2 0.36371343125 0.15799837187500002 0.33289447031249997 0.1304079609375 0.3031898796875 0.1705916984375 0.331691978125 0.194940575 0.36371343125 0.15799837187500002
2 0.9501859078124999 0.154105940625 0.935599128125 0.0620086328125 0.932808621875 0.061849454687500006 0.90738356875 0.14043969843749998 0.9501859078124999 0.154105940625
2 0.9457096671875 0.4735136171875 0.9205097562500001 0.45104632968749997 0.9007975968749999 0.47461389687500005 0.9292896562499999 0.49699163906250005 0.9457096671875 0.4735136171875
2 0.329970571875 0.44596286249999995 0.29773421093749997 0.48534370937500004 0.305652640625 0.4992812765625 0.345195059375 0.4585850671875 0.329970571875 0.44596286249999995
2 0.381283759375 0.5232228484375 0.34737858906249997 0.5027354890625 0.3236542328125 0.5275396765625 0.3547551125 0.5474112671875 0.381283759375 0.5232228484375
2 0.43248751093750004 0.808555421875 0.437324009375 0.789750115625 0.41191383593750003 0.7811473515625 0.4052973921875 0.7982033171875 0.43248751093750004 0.808555421875
2 0.4228353421875 0.770397125 0.41667088437500005 0.78460355 0.46397390468750005 0.8137912 0.47211567656250003 0.7968669937499999 0.4228353421875 0.770397125