2 0.6084921875 0.7592328125 0.57468125 0.7396390625 0.549175 0.7966390624999999 0.581628125 0.8058421875 0.6084921875 0.7592328125
2 0.6464546875 0.929046875 0.622728125 0.8963906250000001 0.5807390625 0.921625 0.596034375 0.952796875 0.6464546875 0.929046875
2 0.7247546875 0.6309828125 0.6861984375 0.6369203125 0.679671875 0.7247953125000001 0.7170421874999999 0.7236078125 0.7247546875 0.6309828125
2 0.7235671875 0.8387953125 0.757378125 0.827515625 0.749075 0.7907015625 0.7105187500000001 0.8002015625000001 0.7235671875 0.8387953125
2 0.9590578125 0.4962 0.9222812499999999 0.49026249999999993 0.916978125 0.5297468750000001 0.951940625 0.53954375 0.9590578125 0.4962
2 0.5942546875 0.62741875 0.629253125 0.6464203125 0.6541671874999999 0.6131703125 0.6189890625000001 0.58941875 0.5942546875 0.62741875
2 0.4785859375 0.7627953125 0.50409375 0.7319203125 0.47502812499999997 0.7075765625 0.449978125 0.7319203125 0.4785859375 0.7627953125
2 0.5035000000000001 0.560325 0.47680625 0.5935765625 0.498903125 0.613465625 0.5248546875 0.5852625 0.5035000000000001 0.560325
2 0.3083453125 0.6743265625 0.338596875 0.6452312499999999 0.30953125 0.61495 0.27919062499999997 0.6384046875 0.3083453125 0.6743265625
2 0.356984375 0.5520125 0.3807125 0.5258875 0.35391093749999997 0.49679375 0.3308859375 0.527075 0.356984375 0.5520125
2 0.3694421875 0.3038234375 0.338003125 0.3210421875 0.3724078125 0.3673546875 0.3983875 0.3382625 0.3694421875 0.3038234375
2 0.3741875 0.22129218750000001 0.33978281250000003 0.2438546875 0.37478125 0.2966984375 0.4072828125 0.2732453125 0.3741875 0.22129218750000001
2 0.4068125 0.049103125 0.365290625 0.06750937500000001 0.39494843749999997 0.116196875 0.429353125 0.087103125 0.4068125 0.049103125
2 0.5533265625 0.2889796875 0.58773125 0.25394843749999996 0.5634109375 0.2290109375 0.5300359375 0.2634484375 0.5533265625 0.2889796875
2 0.6191687499999999 0.3269796875 0.5930703125 0.29729375 0.5727328125 0.3168859375 0.5978140625 0.3519171875 0.6191687499999999 0.3269796875
2 0.2822453125 0.8310765625000001 0.310125 0.8049515625 0.286396875 0.7788265625 0.25250625000000004 0.8085156250000001 0.2822453125 0.8310765625000001
2 0.3854578125 0.8382015624999999 0.37478125 0.824546875 0.344125 0.8548265625000001 0.3563921875 0.8702640625000001 0.3854578125 0.8382015624999999
2 0.409778125 0.8477015625 0.3985078125 0.834046875 0.36280625 0.8717499999999999 0.37656093749999997 0.889859375 0.409778125 0.8477015625
2 0.1179359375 0.32460468750000004 0.0657359375 0.34776250000000003 0.0817171875 0.3801203125 0.1351375 0.3584484375 0.1179359375 0.32460468750000004
2 0.1748796875 0.7509203125 0.158865625 0.7313265624999999 0.1297515625 0.7559671875 0.1481875 0.7764515624999999 0.1748796875 0.7509203125
2 0.3243609375 0.36141718749999996 0.35046093749999996 0.3418234375 0.327225 0.3142140625 0.3047859375 0.33232343750000004 0.3243609375 0.36141718749999996
2 0.1920828125 0.7538890625 0.2187765625 0.7200453125 0.19564062499999998 0.6945140624999999 0.1697796875 0.7274671875000001 0.1920828125 0.7538890625
2 0.7567859375 0.2771046875 0.712296875 0.2284171875 0.6634640625 0.26522968750000003 0.7188218749999999 0.3174796875 0.7567859375 0.2771046875