2 0.21808848125 0.2007283421875 0.24727909062500003 0.22829621718749998 0.2927260828125 0.195432040625 0.26360784531250003 0.16924508437500002 0.21808848125 0.2007283421875
2 0.5963551125000001 0 0.5782199140625 0.0044975296875 0.6117799125000001 0.035993675 0.632539215625 0.008579020312500001 0.6245835703125 0 0.5963551125000001 0
2 0.4338383859375 0.2143633640625 0.476349596875 0.2578590453125 0.49630579687500004 0.24157198593749998 0.46202316093749995 0.19625722343750002 0.4338383859375 0.2143633640625
2 0.718809109375 0.066410446875 0.75215175 0.09375915781250001 0.778300903125 0.0632926140625 0.751442259375 0.027288006250000003 0.718809109375 0.066410446875
2 0.765857415625 0 0.83022388125 0.04810123125 0.852367221875 0.0206140421875 0.8259329265625001 0 0.765857415625 0
2 0.8498610187500001 0.1315926125 0.89259768125 0.1529085984375 0.907387921875 0.1174938140625 0.873171121875 0.09988701718750001 0.8498610187500001 0.1315926125
2 0.917946140625 0.37188988125 0.9553670453124999 0.39764171406250004 0.9759896187500001 0.3411365359375 0.948907246875 0.32731466249999996 0.917946140625 0.37188988125
2 0.8906880515625 0.4606114859375 0.9195181203124999 0.4812700109375 0.9329982546875 0.44730859843750004 0.9030754359375001 0.4322508765625 0.8906880515625 0.4606114859375
2 0.9282081796874999 0.6470862046875 0.9571237671875 0.6164731125 0.920209865625 0.600395503125 0.8995953859375 0.630573553125 0.9282081796874999 0.6470862046875
2 0.7166008171875 0.6595623515625 0.6892109703125 0.6928664671875 0.750440809375 0.722912496875 0.7693107109375 0.6858976328125 0.7166008171875 0.6595623515625
2 0.8193573546874999 0.6084519453125 0.7639518359374999 0.583644209375 0.7503267984375 0.6148406671875 0.8017266671875 0.6426308796875 0.8193573546874999 0.6084519453125
2 0.34479397343749996 0.6859761671875 0.2983478421875 0.6468424015625 0.27343634375 0.674473096875 0.31565955 0.7124434671875 0.34479397343749996 0.6859761671875
2 0.9045075656250001 0.512540646875 0.9417820062500001 0.53552760625 0.955627359375 0.508475296875 0.9269405531249999 0.49058024843750003 0.9045075656250001 0.512540646875
2 0.79303439375 0.4370650140625 0.8564971937499999 0.4794751875 0.864368321875 0.45946081562499996 0.8036861828124999 0.4304312640625 0.79303439375 0.4370650140625
2 0.8126913390625001 0.44910274687499996 0.796061059375 0.43809239375000003 0.76734256875 0.46870454375000004 0.785751575 0.4796201125 0.8126913390625001 0.44910274687499996