2 0.0170875140625 0.1608578453125 0.0836682109375 0.18624316093749999 0.0911100875 0.143132865625 0.018923615625 0.125822953125 0.0170875140625 0.1608578453125
2 0.2332772421875 0.2021616375 0.179423984375 0.180675346875 0.16491070000000002 0.222350478125 0.2210192078125 0.23678618125 0.2332772421875 0.2021616375
2 0.186242646875 0.155366646875 0.2215007671875 0.1655095671875 0.23970877031249999 0.1370339203125 0.20114054218750002 0.11964606562499999 0.186242646875 0.155366646875
2 0.0468034421875 0.5960843875 0.084004428125 0.60154069375 0.0889383609375 0.545272359375 0.05910694062500001 0.5403688953125 0.0468034421875 0.5960843875
2 0 0.846303928125 0.006556084375 0.8477721578124999 0.014004971875 0.8123855640625001 0 0.807554771875 0 0.846303928125
2 0.268726428125 0.9377265703125 0.30535625624999996 0.942570384375 0.3144752328125 0.89951865625 0.28168904375000003 0.88946205625 0.268726428125 0.9377265703125
2 0.3346038546875 0.9548798578125 0.369964021875 0.9620557812499999 0.3781974 0.9302612546875 0.345669459375 0.9237783468749999 0.3346038546875 0.9548798578125
2 0.33539258906249997 0.79627795625 0.3665223390625 0.8056841609375001 0.389831384375 0.7551058875 0.3540432796875 0.7381121734375 0.33539258906249997 0.79627795625
2 0.48106670156250003 0.703930653125 0.5315938140625 0.7187655625 0.5454097015625 0.6838983640625 0.4942289953125 0.666961240625 0.48106670156250003 0.703930653125
2 0.4232717734375 0.0644256328125 0.39186090625 0.046101059374999996 0.368019509375 0.09992523125 0.40065377656249995 0.11383981562500001 0.4232717734375 0.0644256328125
2 0.3722410171875 0.2509786421875 0.39869056875000003 0.2584375109375 0.4258804515625 0.2106698265625 0.39439396718749997 0.191152825 0.3722410171875 0.2509786421875
2 0.43131013749999997 0.1401601140625 0.4630110515625 0.150178815625 0.48394934218749996 0.0944678015625 0.45066799375000005 0.0835027453125 0.43131013749999997 0.1401601140625
2 0.5594299125 0.12562257500000001 0.5820720359375 0.14007783125 0.60034064375 0.10982196562499999 0.5740498734374999 0.09315990468749999 0.5594299125 0.12562257500000001
2 0.6396463828125001 0.2080347921875 0.6740624562499999 0.2252776515625 0.697853365625 0.18986762031249999 0.665484084375 0.1765579671875 0.6396463828125001 0.2080347921875
2 0.8720051625 0.0188097921875 0.8532644359375 0.0396373734375 0.876313453125 0.05945384375 0.91333865625 0.0209759875 0.8720051625 0.0188097921875
2 0.9108417921875 0.838356790625 0.9407449421875 0.8489068234375001 0.9666444390625 0.804064634375 0.9256037875 0.7895594375 0.9108417921875 0.838356790625
2 0.749541121875 0.73231756875 0.7781952765625 0.7446078828125 0.7953873125 0.7131246359375 0.7642955265625 0.700750759375 0.749541121875 0.73231756875
2 0.6530719687500001 0.9113427140624999 0.6811120671875 0.9242041328124999 0.697542559375 0.8897252968749999 0.668625415625 0.8738626875 0.6530719687500001 0.9113427140624999
2 0.5966677609375 0.8778851031249999 0.628960503125 0.8879244703125 0.6412808046875 0.8580534328124999 0.6037143656249999 0.8460491328125 0.5966677609375 0.8778851031249999
2 0.10240743906250001 0.1595684 0.09472444375 0.19257037187499998 0.10933148749999999 0.19813041250000002 0.1196606875 0.1583885625 0.10240743906250001 0.1595684
2 0.9977046453125 0.5265076640624999 0.9997280171874999 0.4808332671875 0.9703558421875 0.4768370078125 0.961916809375 0.5145654734375 0.9977046453125 0.5265076640624999
2 0.7917909812499999 0.134330915625 0.8085883546874999 0.1462056171875 0.8450323703124999 0.10707709843749999 0.8307134218750001 0.0905360484375 0.7917909812499999 0.134330915625
2 0.784299546875 0.11089737968749999 0.7927988 0.12248387187500001 0.8325996999999999 0.08079907187499999 0.8201751749999999 0.069375690625 0.784299546875 0.11089737968749999