2 0.5527066828125 0.506908790625 0.5711329 0.5361851343749999 0.6638368671875 0.50116618125 0.6461666984375001 0.469348059375 0.5527066828125 0.506908790625
2 0.7466908484375 0.39319783125 0.695643459375 0.4148472703125 0.7331806765625 0.4841220671875 0.7823707734375 0.4621972078125 0.7466908484375 0.39319783125
2 0.8194129203125 0.5337932359375 0.9183227984375 0.4912288796875 0.8973229500000001 0.437107934375 0.790756540625 0.48240110156249993 0.8194129203125 0.5337932359375
2 0.6224913109375 0.6222969484374999 0.6420528140624999 0.65629316875 0.71583726875 0.6251116031249999 0.701573909375 0.5920898593749999 0.6224913109375 0.6222969484374999
2 0.590665209375 0.5477995203125 0.6056163999999999 0.5813028921875001 0.6829432703125 0.551405384375 0.6695752203125 0.5200329171875 0.590665209375 0.5477995203125
2 0.7821741062500001 0.7688161515624999 0.8172912312499999 0.84488154375 0.8693132921875 0.8185019296875 0.8359389374999999 0.7454817359375 0.7821741062500001 0.7688161515624999
2 0.9949023499999999 0.7964075937499999 0.9357268 0.82245121875 0.9554494921875 0.8539423296875001 0.9942028828125 0.8364800515624999 0.9949023499999999 0.7964075937499999
2 0.993436534375 0.8803841578125 0.9407235765624999 0.9089079468750001 0.9495934125 0.9284378578125001 0.9927329953124999 0.920689896875 0.993436534375 0.8803841578125
2 0.466913140625 0.8888530234375001 0.4671731015625 0.9057140390624999 0.5583323234375 0.8944174734375 0.5529366312499999 0.8809133296875 0.466913140625 0.8888530234375001
2 0.4431928171875 0.8568974765625 0.44380757031250007 0.87064171875 0.4974631859375 0.867203534375 0.49437306249999996 0.8496785750000001 0.4431928171875 0.8568974765625
2 0.8749635437500001 0.34106588437499996 0.8962334000000001 0.3847596578125 0.948008903125 0.36552991874999996 0.92346580625 0.3186594 0.8749635437500001 0.34106588437499996
2 0.385993290625 0.07432065624999999 0.3928084328125 0.0941652671875 0.46176579687499997 0.066381346875 0.45111059375 0.043564653125000005 0.385993290625 0.07432065624999999
2 0.23417329687500002 0.1980654453125 0.240420909375 0.2095535265625 0.2744498859375 0.1939749703125 0.2665426890625 0.183323725 0.23417329687500002 0.1980654453125
2 0.020913003125 0.137489928125 0.014714153125 0.16388135625 0.0309486109375 0.1670415328125 0.035116046875 0.1428154390625 0.020913003125 0.137489928125
2 0.048870810937499995 0.152437190625 0.047274515625 0.17586721249999998 0.0622768046875 0.17717730781250002 0.0674441875 0.1551849515625 0.048870810937499995 0.152437190625
2 0.0765575203125 0.15899945 0.07033258906249999 0.18354232343750002 0.106916078125 0.19099031875 0.11046851093750001 0.163258384375 0.0765575203125 0.15899945
2 0.135102215625 0.25167401875 0.115430671875 0.24610851718750001 0.11556074375 0.2707810765625 0.1300394734375 0.2742508328125 0.135102215625 0.25167401875
2 0.09272905000000001 0.25071275000000004 0.086242559375 0.2737722546875 0.10565187812500001 0.2761409734375 0.1088909484375 0.2568986796875 0.09272905000000001 0.25071275000000004
2 0.107093971875 0.2843194953125 0.1007287 0.3046381859375 0.11881707187499999 0.306344978125 0.1219196875 0.282909553125 0.107093971875 0.2843194953125
2 0.073453828125 0.2986839609375 0.06837571249999999 0.3211825703125 0.0864479515625 0.32108823750000004 0.08820671249999999 0.300298234375 0.073453828125 0.2986839609375
2 0.0899214421875 0.316861484375 0.086426646875 0.3414830296875 0.104291228125 0.3402290140625 0.1074982171875 0.31737650781250004 0.0899214421875 0.316861484375
2 0.05655239375 0.33961095 0.054072120312500006 0.3580276859375 0.0684814265625 0.362804353125 0.075227065625 0.342942171875 0.05655239375 0.33961095
2 0.07756319687499999 0.352771778125 0.0742559140625 0.3750374734375 0.0885969234375 0.3743159078125 0.091425390625 0.352735965625 0.07756319687499999 0.352771778125
2 0.0433698640625 0.370846484375 0.03682820625 0.39358411718749997 0.0524768140625 0.3951404078125 0.0609799890625 0.3749699109375 0.0433698640625 0.370846484375
2 0.06063121875000001 0.39008828125 0.05627326875000001 0.406413359375 0.073522509375 0.4119093703125 0.0789261 0.394693878125 0.06063121875000001 0.39008828125
2 0.03984899375 0.4124254921875 0.035337632812500006 0.4312908015625 0.048647175 0.43496830624999994 0.055118662500000005 0.41696160625 0.03984899375 0.4124254921875
2 0.065472475 0.41754441406250004 0.057175507812500005 0.43888437031249994 0.067973275 0.44541323281249995 0.0804649140625 0.42393655468749997 0.065472475 0.41754441406250004