2 0.6845234015624999 0.3132261015625 0.66382866875 0.28187981875 0.6174693796875 0.308442978125 0.6393516265625 0.34193308437500003 0.6845234015624999 0.3132261015625
2 0.547642525 0 0.5622514734374999 0.015192143750000001 0.5793797984375 0 0.547642525 0
2 0.48163173125 0.05155005781250001 0.444950090625 0.0075623078125 0.380657359375 0.050936685937500004 0.4120346875 0.0923340296875 0.48163173125 0.05155005781250001
2 0.2635037390625 0.141356440625 0.3315339015625 0.10160701093749999 0.3000341484375 0.0528645109375 0.23074445312499997 0.09479551875 0.2635037390625 0.141356440625
2 0.2278255609375 0.23761105468750002 0.19903862187500002 0.18752858125 0.12099096718749999 0.2311915796875 0.15531974843750002 0.276715646875 0.2278255609375 0.23761105468750002
2 0.8737527671875001 0.5078552000000001 0.90473775 0.550082365625 0.9362831 0.534754934375 0.90497709375 0.4890356140625 0.8737527671875001 0.5078552000000001
2 1 0.5772401703125001 0.970590965625 0.5962715296875001 0.9965598625000001 0.6243605203125 1 0.6228908265624999 1 0.5772401703125001
2 0.800651471875 0.682387890625 0.8126049671875 0.6983230125000001 0.8524118796875 0.6599113796875 0.8445111000000001 0.6441957546875 0.800651471875 0.682387890625
2 0.940374 0.8367876453124999 0.9304164625 0.8179721609374999 0.882212203125 0.8468381765625 0.8930926640625 0.8599096953125 0.940374 0.8367876453124999
2 0.826871440625 0.819241396875 0.8071433421875 0.784614390625 0.7763251109375 0.8026554718750001 0.798934146875 0.8365639109374999 0.826871440625 0.819241396875
2 0.48559522812499994 0.644448634375 0.44587540312499996 0.5891282609374999 0.3673607734375 0.63677764375 0.4109886828125 0.6871895921875 0.48559522812499994 0.644448634375
2 0.353843528125 0.7147987296875 0.319525996875 0.66816358125 0.26234136406249997 0.7036546328125 0.29514333593750003 0.7526628984375 0.353843528125 0.7147987296875
2 0.2859344765625 0.9408201281249999 0.3243781109375 0.914532259375 0.28833028125000004 0.8694688109375001 0.2539008734375 0.894679453125 0.2859344765625 0.9408201281249999
2 0.21949579218749998 0.8190476796875 0.19746435625 0.78385375625 0.13596340625 0.8192946156250001 0.155552684375 0.853397503125 0.21949579218749998 0.8190476796875
2 0.199774421875 1 0.21985979375000003 0.9855794640625 0.184681984375 0.93572768125 0.155137146875 0.9481977953125 0.18912774375000002 1 0.199774421875 1
2 0 0.5134592609374999 0.00566221875 0.5234120921875001 0.04783945625 0.4938526703125 0.0176136875 0.44642363281249997 0 0.4568576375 0 0.5134592609374999
2 0.22461159843749998 0.4481415421875 0.17988653593749998 0.3810175453125 0.148322878125 0.399717765625 0.19358252812500001 0.469983903125 0.22461159843749998 0.4481415421875
2 0.167732615625 0.4744499703125 0.13495468593749999 0.41979624062500004 0.1030901125 0.44196761875 0.13432671406250002 0.492010021875 0.167732615625 0.4744499703125
2 0.1154489125 0.41467488750000003 0.09004555625 0.382961334375 0.07301500625 0.40083604531250006 0.096308546875 0.4327169859375 0.1154489125 0.41467488750000003
2 0.0319938734375 0.32574764375 0.0626086078125 0.3700280984375 0.1072853578125 0.34062068437500004 0.078734446875 0.2960072265625 0.0319938734375 0.32574764375
2 0.4007985703125 0.4931625515625 0.389346575 0.47795201093750006 0.34585329374999996 0.506041009375 0.355738884375 0.5199937968749999 0.4007985703125 0.4931625515625
2 0.6689930796875 0.8299316453125 0.6480765875000001 0.7988987484375001 0.6384907828124999 0.8113056171874999 0.653827084375 0.8410125921875 0.6689930796875 0.8299316453125