2 0.8945761359375 0.45003951249999996 0.894246121875 0.49836440625 0.937998334375 0.5002154812499999 0.9406824984375 0.4508344359375 0.8945761359375 0.45003951249999996
2 0.8711933437500001 1 0.8726292125 0.9701929 0.859139221875 0.9711998875000001 0.8577704890625 1 0.8711933437500001 1
2 0.8421884609375001 1 0.843230128125 0.97082935625 0.8264177984375 0.965442759375 0.824229296875 1 0.8421884609375001 1
2 0.796647534375 0.4999569140625 0.7872077328125 0.5858287343749999 0.801479775 0.58890536875 0.8117876 0.5028998453125 0.796647534375 0.4999569140625
2 0.7489169515625 0.49370334375 0.7436672640624999 0.5797847765624999 0.7609483734375 0.57830498125 0.7672108203125 0.4990754921875 0.7489169515625 0.49370334375
2 0.8366476640625 0.4962413453125 0.85434444375 0.4984699328125 0.8568222296875 0.4608451953125 0.8411103859375 0.45960730156249996 0.8366476640625 0.4962413453125
2 0.8315296640625001 0.5629911671875 0.849434821875 0.561027809375 0.8514758140625001 0.5287619343750001 0.8350114874999999 0.528283478125 0.8315296640625001 0.5629911671875
2 0.825925740625 0.62601735625 0.84082284375 0.6270984703125 0.8447077421875001 0.5915618375 0.8302705703125 0.5899652609375 0.825925740625 0.62601735625
2 0.1364040609375 0.2935928421875 0.1385171703125 0.34178777031249996 0.19900875468749998 0.34114645 0.19887085625 0.2924281703125 0.1364040609375 0.2935928421875
2 0.0840848765625 0.09954306874999999 0.08275160625 0.1561410328125 0.130371834375 0.15813911249999998 0.1334343140625 0.103691859375 0.0840848765625 0.09954306874999999
2 0.038517690625 0.5298178625000001 0.034711609375 0.58049139375 0.08496355312500001 0.587539090625 0.0914744 0.5340629734375 0.038517690625 0.5298178625000001
2 0 0.6363125968750001 0.06950473125 0.6344354 0.0722981125 0.604735225 0 0.5994457078125001 0 0.6363125968750001
2 0.12876038750000002 0.634461134375 0.20136924375 0.63708246875 0.2164097140625 0.5099588953125 0.1407176234375 0.505830946875 0.12876038750000002 0.634461134375