2 0.899058321875 0.2162238296875 0.7549817437499999 0.2169607390625 0.7632375671875 0.2572839859375 0.8998153171875 0.2569981703125 0.899058321875 0.2162238296875
2 0.8993528468750001 0.29314126875 0.8495049531250001 0.29330786249999996 0.8479049734374999 0.3199257390625 0.901586696875 0.314639465625 0.8993528468750001 0.29314126875
2 0.707700059375 1 0.721037803125 0.96916876875 0.679243153125 0.9539744078125001 0.6631083078125 1 0.707700059375 1
2 0.44232446718749996 0.6879485390625 0.430731890625 0.67900433125 0.41229097187499997 0.713403596875 0.43029956562500005 0.72191715625 0.44232446718749996 0.6879485390625
2 0.42478101874999996 0.677717146875 0.40851120312500006 0.6724340015625 0.3923654640625 0.707449878125 0.40930937500000003 0.7107605953125 0.42478101874999996 0.677717146875
2 0.40333584062499994 0.6682827578125 0.3865985625 0.6647200609375 0.3727884796875 0.6979013734375 0.38720228749999996 0.706066409375 0.40333584062499994 0.6682827578125
2 0.5259925796875 0.286226015625 0.5160325734375 0.28263519531250003 0.5034816171875 0.3179995953125 0.5172098140625 0.32413521875 0.5259925796875 0.286226015625
2 0.4999352734375 0.29399828437500003 0.485842509375 0.2874543921875 0.47326140937499994 0.3160490671875 0.48752195 0.3247861125 0.4999352734375 0.29399828437500003
2 0.46758412812500005 0.2908604609375 0.4550468703125 0.285351296875 0.4421191578125 0.31753965 0.45741383437499994 0.324711321875 0.46758412812500005 0.2908604609375
2 0.42337268124999994 0.28423895 0.4097162703125 0.3168467421875 0.4242425765625 0.32688600624999997 0.4391283796875 0.28969006406250003 0.42337268124999994 0.28423895
2 0.2902663734375 0.39548538125 0.2915557703125 0.4732840921875 0.3372655046875 0.479385025 0.33754409375 0.40262276874999997 0.2902663734375 0.39548538125
2 0.6772552828125 0.0658169921875 0.66360511875 0.064618221875 0.63260378125 0.17802271249999999 0.648974578125 0.18117824531249999 0.6772552828125 0.0658169921875
2 0.708750909375 0.2097981359375 0.6960769609375 0.2073225859375 0.6793275578125 0.2354150609375 0.6941612140625 0.2443072890625 0.708750909375 0.2097981359375
2 0.6735606609375 0.1926852453125 0.660528871875 0.21377958125 0.6750959515625 0.22137260625000002 0.6875942921875 0.19767493593750002 0.6735606609375 0.1926852453125
2 0.65242804375 0.069614371875 0.6368260218749999 0.0635897359375 0.615772303125 0.1421632734375 0.6268575015625 0.1512804953125 0.65242804375 0.069614371875
2 0.5386391625 0.0738550125 0.5225101375000001 0.0679981328125 0.48521954999999994 0.1612749484375 0.500780396875 0.1697473328125 0.5386391625 0.0738550125
2 0.5585786171875 0.17662696875 0.541480628125 0.1738912796875 0.5366865984375 0.1849006265625 0.5457012031249999 0.1971512078125 0.5585786171875 0.17662696875
2 0.4949171953125 0.0787365171875 0.482792234375 0.073952525 0.45238682499999994 0.1346512859375 0.4657660953125 0.1443832015625 0.4949171953125 0.0787365171875
2 0.4538919734375 0.156568921875 0.4418230625 0.20619885781249997 0.45261043437500004 0.2072452390625 0.465324184375 0.1620909546875 0.4538919734375 0.156568921875
2 0.450732696875 0.085338175 0.439438371875 0.08200613906250001 0.4262841578125 0.11044563125 0.43878256093749995 0.12117091093750001 0.450732696875 0.085338175
2 0.6160217796875 0.22552132500000002 0.5996175078125 0.220818465625 0.5924646484375 0.2520954046875 0.6061924421875 0.25823253749999997 0.6160217796875 0.22552132500000002
2 0.5602467453125 0.2920235671875 0.5605938218750001 0.322851328125 0.61006455625 0.31951019999999997 0.6145717984375 0.291212540625 0.5602467453125 0.2920235671875
2 0.5693362734375 0.213934025 0.5199169796875001 0.1970039921875 0.5141471859375 0.22311926718750003 0.5593055296875 0.24505453125 0.5693362734375 0.213934025
2 0.7786581453125 0.13816790625 0.7469211140625001 0.13919176875 0.744461990625 0.18279252343750002 0.7835545671874999 0.18834816875 0.7786581453125 0.13816790625
2 0.8778367359375 0.1499916609375 0.8559403624999999 0.14996253125 0.8540025468750001 0.2053821796875 0.8735909703125 0.2057117015625 0.8778367359375 0.1499916609375
2 0.5600871578125 0.9435626046875001 0.528622184375 0.924065459375 0.512813934375 0.9647040203125 0.5446628203125 0.9812289406250001 0.5600871578125 0.9435626046875001
2 0.5391104624999999 1 0.5453488375 0.9832568453125001 0.5088992609375 0.9747196015625 0.49809945468750005 1 0.5391104624999999 1