2 0.12927994375000001 0.478836665625 0.09781190468749999 0.49420562031250004 0.11576105156250001 0.54231446875 0.1494055671875 0.5328062890624999 0.12927994375000001 0.478836665625
2 0.1679614359375 0.853122446875 0.071444346875 0.9489253578125 0.0754890234375 0.9718638593750001 0.0855056421875 0.98285036875 0.1925919390625 0.8803470609374999 0.1679614359375 0.853122446875
2 0.871972825 0.1122532734375 0.8663623484375 0.15364518437500002 0.9031149328125 0.1573019328125 0.9085376578125001 0.12128643125 0.871972825 0.1122532734375
2 0.92787275 0.24897806562499997 0.9291585796874999 0.212156759375 0.8957394390625 0.21521106093750003 0.8946008437499999 0.24781618437500003 0.92787275 0.24897806562499997
2 0.5388252437500001 0.8625133140625 0.5101063671875 0.8843118203125 0.5196889140625001 0.899485175 0.5478678953125 0.8761340703125 0.5388252437500001 0.8625133140625
2 0.5522471140625 0.8870138437499999 0.5264670015624999 0.90981239375 0.536132378125 0.922613759375 0.5619139640624999 0.8997730468749999 0.5522471140625 0.8870138437499999
2 0.40962575625 0.9680529828125 0.45472974375 0.9369831625 0.44567842031250005 0.9236106953125001 0.39600903125000003 0.9491772062500001 0.40962575625 0.9680529828125
2 0.90204853125 0.835144828125 0.9031438515625 0.87192108125 0.9402498796875 0.8655012140625 0.9348740640625 0.8320760515625001 0.90204853125 0.835144828125
2 0.7872398281249999 0.15384959843749998 0.73711215 0.141366 0.7294214390625 0.1571728515625 0.786784390625 0.166891646875 0.7872398281249999 0.15384959843749998
2 0.637450303125 0.00574116875 0.64098114375 0.032408765625 0.7110746812500001 0.0182369859375 0.713202565625 0.0083864984375 0.637450303125 0.00574116875
2 0.0530961171875 0.3097326859375 0.0547761765625 0.2956483640625 0.008137417187499999 0.294019703125 0.0075784796875000005 0.3100255703125 0.0530961171875 0.3097326859375