2 0.110498478125 0.10015979687500001 0.09812479375 0.0848919265625 0.036479178125 0.10026190625 0.06481881874999999 0.137836103125 0.110498478125 0.10015979687500001
2 0.1759836546875 0.44257139843750004 0.1749903671875 0.45699482031249994 0.2577966234375 0.447964240625 0.2556462 0.43688506406250005 0.1759836546875 0.44257139843750004
2 0.2204506015625 0.5067934140625 0.1588051 0.5651141875000001 0.1702779890625 0.5779898546875 0.231240415625 0.5181630359375 0.2204506015625 0.5067934140625
2 0.44573810625 0.6998446296874999 0.4227154609375 0.7339089796875 0.49640059374999995 0.784006996875 0.5148612203125 0.75005913125 0.44573810625 0.6998446296874999
2 0.17057714375 0.8982557484375 0.14713131562499998 0.8680315843749999 0.101447428125 0.9105995312499999 0.12461058437500001 0.9347813468749999 0.17057714375 0.8982557484375
2 0.7334584703125 0.91505004375 0.7489770953125 0.9453923578125 0.8050217703125 0.9124668328125001 0.786041584375 0.8805189421874999 0.7334584703125 0.91505004375
2 0.6224051 0.94332653125 0.59517290625 0.96786376875 0.623194578125 0.983307521875 0.6617941546874999 0.9736835656249999 0.6224051 0.94332653125
2 0.59683184375 0.57691360625 0.6283234171875 0.59155501875 0.665806134375 0.5430848578125 0.6305411265624999 0.5268141765625 0.59683184375 0.57691360625
2 0.7256642 0.46778432031249995 0.7513854656250001 0.49118178749999997 0.7793488828124999 0.45853295312500003 0.7583449890625 0.43564855312499995 0.7256642 0.46778432031249995
2 0.850348503125 0.40827786093749996 0.844877490625 0.4489195890625 0.8804386515625 0.4541130203125 0.8859417078125 0.41972911249999995 0.850348503125 0.40827786093749996
2 0.6942022421875 0.6213944734375 0.7042899203124999 0.667983240625 0.7508118171875 0.6557737125 0.73775295 0.6033974515625 0.6942022421875 0.6213944734375
2 0.8617652937500001 0.735092428125 0.838837096875 0.773210596875 0.87625483125 0.7981153953125 0.8965855125 0.766759296875 0.8617652937500001 0.735092428125
2 0.5282826171874999 0.5486417453125 0.44436184062499995 0.5139333453125 0.4290706078125 0.545867134375 0.505932084375 0.584168178125 0.5282826171874999 0.5486417453125
2 0.54373653125 0.5333134125 0.49887123125 0.5902089125 0.5453531218750001 0.6244707125 0.586017928125 0.5593115625 0.54373653125 0.5333134125
2 0.5534460890624999 0.07893465468750001 0.5363385046875 0.05573098125 0.505648178125 0.0774427640625 0.5239147359375 0.1040676828125 0.5534460890624999 0.07893465468750001
2 0.42080782812499995 0.1077666890625 0.4467032984375 0.135544309375 0.4733650671875 0.10994637656249999 0.45207581875 0.08346317187499999 0.42080782812499995 0.1077666890625
2 0.606707484375 0.8742310718749999 0.6196149375 0.8388722312500001 0.5724029046875 0.816407815625 0.560568728125 0.8474812765624999 0.606707484375 0.8742310718749999
2 1 0.53945836875 0.9515392625000001 0.526978196875 0.9467468218749999 0.5408963328125 1 0.5570167968749999 1 0.53945836875