2 0.5523192546875 0.10877731875 0.5449381703125 0.16230022500000002 0.593650878125 0.16322989999999998 0.592750225 0.111631509375 0.5523192546875 0.10877731875
2 0.141015209375 0.19011482500000002 0.179428275 0.2814005171875 0.21542411718749999 0.2683140609375 0.1749751625 0.1793767578125 0.141015209375 0.19011482500000002
2 0.2525598390625 0.0143413328125 0.2192527828125 0.011362793749999999 0.2153834625 0.061858325000000006 0.2594281203125 0.067613953125 0.2525598390625 0.0143413328125
2 0.34024188125 0.0365410140625 0.330824128125 0.075267525 0.37372135625 0.08341854374999999 0.3810691671875 0.045000081250000004 0.34024188125 0.0365410140625
2 0.3658099546875 0.65071801875 0.3181085703125 0.63968478125 0.3105303390625 0.7157551875 0.35814734531250003 0.7220438625 0.3658099546875 0.65071801875
2 0.760683596875 0.9891061875 0.758371446875 0.8906643593749999 0.7098155734375 0.8986301765625001 0.7168356046875 0.9946175921875 0.760683596875 0.9891061875
2 0.6574814890625 0.588079046875 0.61649671875 0.5876083203125 0.6251061453125 0.6384783125 0.656570103125 0.6379291078125 0.6574814890625 0.588079046875
2 0.5498894203125 0.6160626109375 0.5142698453125 0.6166843531249999 0.5137553984375 0.65525389375 0.55055195625 0.6540193296875 0.5498894203125 0.6160626109375
2 1 0.578479296875 0.968426090625 0.5749393765625 0.9642669234374999 0.608829625 0.9893352 0.61610416875 1 0.5831224515625 1 0.578479296875
2 0.30297513593750003 0.24898626406250002 0.304462690625 0.2661660453125 0.35910163125 0.2663984359375 0.35619065625 0.25272371875 0.30297513593750003 0.24898626406250002
2 0.2998686859375 0.2751444640625 0.300168921875 0.29234496875 0.35957783593750003 0.29368021875 0.3610762140625 0.2775484875 0.2998686859375 0.2751444640625
2 0.142668765625 0.1147416765625 0.15395661875 0.1489530109375 0.18648368125 0.1412669765625 0.174575584375 0.1055428 0.142668765625 0.1147416765625
2 0.0057960796875 0.7649763421875 0.006748490625000001 0.81953990625 0.0455476484375 0.810558275 0.039194896875 0.7698098124999999 0.0057960796875 0.7649763421875
2 0.0426147 0.5744875687500001 0.0446405796875 0.6225079640625 0.103279865625 0.6137722984375 0.099834275 0.5694694359375 0.0426147 0.5744875687500001
2 0.2720380328125 0.58590875625 0.2720448171875 0.6203185671875 0.3113816203125 0.6285301703124999 0.3107294453125 0.5911671125 0.2720380328125 0.58590875625
2 0.5223019390625 0.49848398437499997 0.49396155 0.507876896875 0.5123303609375001 0.5395923984375 0.5365772234375 0.5338292921875001 0.5223019390625 0.49848398437499997