2 0.18525 0.0492203125 0.153484375 0.14296718749999998 0.1843609375 0.15008593750000002 0.2170171875 0.0664484375 0.18525 0.0492203125
2 0.48183125000000004 0.0326375 0.5418000000000001 0.0510265625 0.56495625 0.0012000000000000001 0.49311249999999995 0 0.48183125000000004 0.0326375
2 0.5406125 0.2484734375 0.567925 0.1797453125 0.5334875 0.16610156250000002 0.50914375 0.22957187499999998 0.5406125 0.2484734375
2 0.08549999999999999 0.375675 0.07095312499999999 0.4152359375 0.104203125 0.422353125 0.12260937499999999 0.39032187500000004 0.08549999999999999 0.375675
2 0.938725 0.1675265625 0.9212093749999999 0.2183015625 0.959209375 0.22957187499999998 0.975834375 0.18389687500000002 0.938725 0.1675265625
2 0.8933031250000001 0.34009375 0.8826140625000001 0.370746875 0.940209375 0.3891359375 0.9532718750000001 0.35473125 0.8933031250000001 0.34009375
2 0.6572859375 0.35343749999999996 0.6451140625 0.38320468750000003 0.6783640625 0.390915625 0.6896453124999999 0.3600703125 0.6572859375 0.35343749999999996
2 0.3562515625 0.7012390625 0.3328 0.7652078125 0.42779999999999996 0.7895296875 0.4479875 0.7278374999999999 0.3562515625 0.7012390625
2 0.104203125 0.695903125 0.096484375 0.713603125 0.1807984375 0.745040625 0.1879234375 0.7284328125 0.104203125 0.695903125
2 0.11221874999999999 0.9431890624999999 0.127953125 0.906384375 0.062640625 0.886809375 0.054923437500000005 0.9224 0.11221874999999999 0.9431890624999999
2 0.1148921875 0.58738125 0.0952984375 0.65784375 0.107171875 0.6596234375 0.132109375 0.597340625 0.1148921875 0.58738125
2 0.45867500000000005 0.9716531249999999 0.4978625 0.971634375 0.49133125 0.87731875 0.45332968749999997 0.8802843749999999 0.45867500000000005 0.9716531249999999
2 0.366940625 0.5882703125 0.48005000000000003 0.622846875 0.48836250000000003 0.5979328125000001 0.3719859375 0.5659015625 0.366940625 0.5882703125
2 0.8933031250000001 0 0.8861765625 0.01899375 0.9206140625 0.029671874999999997 0.9336781249999999 0 0.8933031250000001 0
2 0.6786609375 0.4770796875 0.6670828125 0.5077703125 0.6991453125 0.51666875 0.7128015624999999 0.48285625000000004 0.6786609375 0.4770796875