2 0.0079444171875 0.8866876953125 0.0507706828125 0.8904505781250001 0.0471667453125 0.8544146359375 0.0046414453125 0.855175275 0.0079444171875 0.8866876953125
2 0.0308851609375 0.7728537171875 0.057027167187500005 0.7664922093750001 0.0531701609375 0.732517353125 0.0236788421875 0.7390658265625001 0.0308851609375 0.7728537171875
2 0.0263493109375 0.5712970015625001 0.034525653125 0.6066979453125 0.0583371984375 0.5979565609375 0.051582826562499996 0.57020625 0.0263493109375 0.5712970015625001
2 0.5487253328125 0.566044471875 0.5159458046875 0.56889748125 0.522837059375 0.606533471875 0.55225446875 0.6005741328124999 0.5487253328125 0.566044471875
2 0.4076252734375 0.931573296875 0.44384341406249994 0.9225621984375 0.42947573281249996 0.8947759796874999 0.3983009875 0.9053036421874999 0.4076252734375 0.931573296875
2 0.3572153234375 0.42707409687500003 0.3631723765625 0.46130523281249997 0.3958242953125 0.45335020468750004 0.39119950625 0.42287190468749997 0.3572153234375 0.42707409687500003
2 1 0.4588492234375 0.9544089093749999 0.45762673437499995 0.9584681171874999 0.4949165671875 1 0.49500750312499997 1 0.4588492234375
2 0.9204092546875 0.87788450625 0.9352642296875 0.873726378125 0.9249590359375001 0.8359703125 0.90878379375 0.84116275 0.9204092546875 0.87788450625
2 0.8878934484375 0.8460753499999999 0.8976851 0.882872621875 0.912693878125 0.8823210578125 0.899879325 0.8406676281250001 0.8878934484375 0.8460753499999999
2 0.8627384953125 0.8465775390625 0.8681850765625001 0.8846327796875 0.8847430078125 0.8860676296875001 0.8784771765625001 0.8446200734374999 0.8627384953125 0.8465775390625
2 0.31732866249999997 0.3868823015625 0.33705125625 0.383620946875 0.32931327499999996 0.34767561874999997 0.3117334109375 0.3497045453125 0.31732866249999997 0.3868823015625
2 0.31374015 0.323629746875 0.34155191406249996 0.3177723640625 0.33515683125 0.2903652734375 0.3055929609375 0.29750462187500004 0.31374015 0.323629746875