2 0.7962292109375 0.133508359375 0.8839455578125 0.15267876875 0.89599209375 0.118607615625 0.7984301609375 0.10189832031249998 0.7962292109375 0.133508359375
2 1 0.466168159375 0.9929472234375 0.41625738593749995 0.9927205515624999 0.414971865625 0.9587662734375 0.40894333437499997 0.9499847906250001 0.47105045468749995 1 0.48532223906249994 1 0.466168159375
2 0.8350261921875 0.4808419921875 0.768529103125 0.466726896875 0.754783046875 0.5007650703125 0.8269376312500001 0.5169898609375 0.8350261921875 0.4808419921875
2 0.514774640625 0.0969293953125 0.5492909046875 0.1100982421875 0.557952265625 0.07115446875 0.5166027578125 0.06297538281250001 0.514774640625 0.0969293953125
2 0.8389348796875 0.9112514656249999 0.8866482671875 0.9205266421875 0.8970118484375 0.8813132640625 0.8441219249999999 0.87195624375 0.8389348796875 0.9112514656249999
2 0.678363059375 0.91744670625 0.7143875953125 0.92496630625 0.719463703125 0.8634460624999999 0.68751583125 0.8576838062500001 0.678363059375 0.91744670625
2 0.635643653125 0.6591035484375001 0.667873984375 0.6654206375 0.669363015625 0.632422059375 0.638058209375 0.6250566562500001 0.635643653125 0.6591035484375001
2 0.20274033593750002 0.4739813234375 0.26683100937500004 0.4842694984375 0.27875131406250003 0.38950206875000004 0.21190149218749998 0.37634615312499997 0.20274033593750002 0.4739813234375
2 0.20804210625000003 0.2230611375 0.22556004375 0.227500384375 0.24459249375 0.1397220421875 0.2259029328125 0.1348672125 0.20804210625000003 0.2230611375
2 0.049534809375 0.1285355625 0.01317513125 0.12648098593749998 0.001604978125 0.186323025 0.0404179375 0.1961061625 0.049534809375 0.1285355625
2 0.28088993281249997 0.136978846875 0.34630702812499997 0.151866146875 0.3534504234375 0.1333029421875 0.2807902953125 0.12497318906249999 0.28088993281249997 0.136978846875
2 0.125970578125 0.5504636328125 0.1170967109375 0.5133938578125 0.027689053125 0.532966584375 0.033837846875 0.5716686890625 0.125970578125 0.5504636328125
2 0.4014523953125 0.50382584375 0.414883984375 0.383871278125 0.39200136875 0.382387325 0.37554470625 0.49951310312499997 0.4014523953125 0.50382584375
2 0.514689659375 0.6993010703125 0.5502221796875 0.7074997484375001 0.550586853125 0.672875796875 0.5184628625000001 0.666241290625 0.514689659375 0.6993010703125