2 0.704222196875 0.44178538281249996 0.6943097453125 0.4781298515625 0.8054338453125001 0.5033312203125 0.8163569718750001 0.4683279625 0.704222196875 0.44178538281249996
2 0.4086890703125 0.4002509109375 0.38826910312499996 0.468663853125 0.434524271875 0.48340257812500004 0.4551149953125 0.407375234375 0.4086890703125 0.4002509109375
2 0.3227267109375 0.3839773265625 0.36815038125 0.3939555625 0.3914337625 0.32654463125 0.34432549843750004 0.31573163437499996 0.3227267109375 0.3839773265625
2 0.4523040390625 0.8161007765624999 0.43696203593750005 0.865458428125 0.4713640484375 0.8748328046875 0.489392671875 0.82131324375 0.4523040390625 0.8161007765624999
2 0.66704640625 0.1424499640625 0.6528500078125 0.17938995468750002 0.7318415734375 0.1982782125 0.74157569375 0.1589139125 0.66704640625 0.1424499640625
2 0.8326143937499999 0.2202276265625 0.8192144203125 0.27285455937499997 0.8900207265625 0.2923107390625 0.906718996875 0.2354358734375 0.8326143937499999 0.2202276265625
2 0.73046573125 0.4472708484375 0.7846371734375001 0.4590780890625 0.7871964359375 0.4408679875 0.7352779703125 0.4322506578125 0.73046573125 0.4472708484375
2 0.8902401984375 0.5278302171875 0.878801546875 0.557969075 0.9090280984374999 0.5671558265625001 0.9174153015625001 0.53524220625 0.8902401984375 0.5278302171875
2 0.8281769562499999 0.943801828125 0.8318412609375001 0.930538978125 0.795447840625 0.9203798125 0.7901585171875001 0.9366615078124999 0.8281769562499999 0.943801828125
2 0.8120066421875001 0.964889390625 0.8165888015625 0.9493619296875 0.78364630625 0.9402794562500001 0.7764138671875 0.9532996062500001 0.8120066421875001 0.964889390625
2 0.7771554843749999 0.8497750125 0.7929538421875 0.8142577546875 0.7649315671875 0.804329940625 0.7495948453125 0.8429731171875 0.7771554843749999 0.8497750125
2 0.8532052875 0.8041573390625001 0.8533284812499999 0.7862044546875 0.7787876781249999 0.7655449484375 0.77152021875 0.783091778125 0.8532052875 0.8041573390625001
2 0.8200345796875 0.8180637046875001 0.8246995921875 0.8019467234375 0.7733782828125 0.7869472671875 0.7604653828125 0.8040777890624999 0.8200345796875 0.8180637046875001
2 0.736358875 0.3199125109375 0.8774224828125 0.3499211875 0.8848350578125 0.3228092796875 0.74840875625 0.2939682921875 0.736358875 0.3199125109375
2 0.5103248359375 0.20248845312500002 0.553135871875 0.20970274375 0.5590725234375 0.1973588359375 0.516674440625 0.187206234375 0.5103248359375 0.20248845312500002
2 0.5038320984375 0.227332871875 0.49916553906249994 0.24344963437499997 0.5426688828125 0.25854794062500003 0.5454756125 0.23857701874999998 0.5038320984375 0.227332871875