2 0.0055324109375 0.740357425 0.09315586718749999 0.7863972046875001 0.1050171328125 0.757014403125 0.027517912500000002 0.71167641875 0.0055324109375 0.740357425
2 0.035549290625 0.44483346093750004 0.06309313125 0.3884797078125 0.0175024515625 0.3578139578125 0.0050783875 0.42858547187499996 0.035549290625 0.44483346093750004
2 0.257923340625 0.4205400828125 0.1943139890625 0.3828124 0.17545100625 0.4146915625 0.234331690625 0.448664546875 0.257923340625 0.4205400828125
2 0.3123635609375 0.889948103125 0.3491618046875 0.910504575 0.36139281562500003 0.8787773124999999 0.33263529375 0.85558688125 0.3123635609375 0.889948103125
2 0.24970471249999998 0 0.2402515734375 0.014666129687500001 0.2876614015625 0.0399090671875 0.30473746562500004 0.004139975 0.297268978125 0 0.24970471249999998 0
2 0.403588625 0.086524240625 0.43219222031250004 0.1018769078125 0.45936477656249997 0.047867371874999995 0.42742709375 0.029583615624999997 0.403588625 0.086524240625
2 0.37984686875 0.3217230875 0.4073434734375 0.3384017203125 0.420160921875 0.3067673390625 0.3914601421875 0.290799709375 0.37984686875 0.3217230875
2 0.676274265625 0.67345938125 0.735786821875 0.7066291328125 0.7746705281249999 0.6166035203125 0.7168958937500001 0.587013775 0.676274265625 0.67345938125
2 0.6315749609375 0.9215699578125 0.647849565625 0.93196256875 0.6920896421875 0.8536044609375001 0.676800896875 0.843969146875 0.6315749609375 0.9215699578125
2 0.8507124625 1 0.8770703171875001 0.9523370625 0.8431801562500001 0.9310388828124999 0.8136290296875 0.9924850718749999 0.83296945 1 0.8507124625 1
2 0.52606130625 0.8940359359375 0.5925911593750001 0.9244112156250001 0.59620635 0.9129623671875 0.5385914265625 0.878588709375 0.52606130625 0.8940359359375
2 0.9593816374999999 0.6145990234375 0.9654933953124999 0.5758910562499999 0.8713172390624999 0.56758768125 0.8683015984375 0.6055853078125 0.9593816374999999 0.6145990234375
2 0.5663684875 0.6452297140625001 0.6182135578125 0.5389218687499999 0.5949065921875001 0.5268142890624999 0.5450643937499999 0.6367472734375 0.5663684875 0.6452297140625001
2 0.0729596578125 0 0.06768199375 0.03332185625 0.085327059375 0.0433319578125 0.10126093124999999 0.010988865625 0.0841854375 0 0.0729596578125 0
2 0.505310603125 0.3199531484375 0.5338121578125 0.336189796875 0.5476167203125 0.3059140625 0.5163568171875 0.28713650468749996 0.505310603125 0.3199531484375