2 0.7957999250000001 0.42128517812500005 0.75963475 0.45863920468749997 0.9046153625000001 0.5816724828125001 0.938264571875 0.5483902734375 0.7957999250000001 0.42128517812500005
2 0.8519347703125 0.813081984375 0.8222945515625 0.8451578906250001 0.8848708828125 0.9030299890625001 0.9204484859375001 0.8769465999999999 0.8519347703125 0.813081984375
2 0.76494956875 0.978729834375 0.7409917187499999 0.9541109750000001 0.715700496875 0.978890565625 0.7192265843750001 0.9827300781250001 0.76494956875 0.978729834375
2 0.409971990625 0.92826685 0.458310003125 0.9739055000000001 0.48832504062500004 0.9496239718749999 0.4415197078125 0.897923259375 0.409971990625 0.92826685
2 0.480734884375 0.6810232234375 0.44164808125 0.723438646875 0.48189732812499997 0.76084764375 0.5214879812500001 0.7193037234374999 0.480734884375 0.6810232234375
2 0.3635784640625 0.71642566875 0.33449649375 0.7431902078125 0.36027595625000003 0.767742834375 0.3921762828125 0.73970969375 0.3635784640625 0.71642566875
2 0.156195384375 0.837775503125 0.128540784375 0.8623051234375 0.15477612031250002 0.891040815625 0.18554024375 0.865312475 0.156195384375 0.837775503125
2 0.521830471875 1 0.5502768890625 0.9975112609375 0.5636074921875001 0.994515615625 0.5331885828125 0.9630118296875001 0.49650923281250003 0.9910422828125001 0.5108570984374999 1 0.521830471875 1
2 0.9516927859375001 0.43767017656249996 0.9864583625 0.3965916375 0.9526614234374999 0.3631161390625 0.9188656171874999 0.409168609375 0.9516927859375001 0.43767017656249996
2 0.8507995640624999 0.14793049062500002 0.7853369046875 0.219779815625 0.87924630625 0.3089784109375 0.9553741125 0.226556290625 0.8507995640624999 0.14793049062500002
2 0.779355234375 0.1630861734375 0.8078289265624999 0.1875511953125 0.83750155625 0.160847165625 0.8073803375 0.13501651406249998 0.779355234375 0.1630861734375
2 0.6000661609375 0.4090631625 0.5746511390625 0.4350206421875 0.6195392734375 0.4737357515625 0.6378684890625 0.44703195312500005 0.6000661609375 0.4090631625
2 0.5170421937499999 0.4719087578125 0.4928080046875 0.49799191875000004 0.5366099890625 0.5385206203124999 0.5581052843750001 0.507239878125 0.5170421937499999 0.4719087578125
2 0.6318308328125 0.2943063890625 0.6766258609375 0.33957265468750003 0.7074794875 0.3129927546875 0.6570274140625 0.2647469671875 0.6318308328125 0.2943063890625
2 0.7776489546875001 0.054354362499999996 0.7290486281249999 0.0225720125 0.7000920625 0.039623010937499994 0.749499890625 0.0836034640625 0.7776489546875001 0.054354362499999996
2 0.6416534640625 0.013386410937500001 0.5676724125 0.0072352140625 0.5405680828125 0.040744984375 0.586119515625 0.075974396875 0.6416534640625 0.013386410937500001
2 0.3793199171875 0.055431351562499995 0.335572753125 0.0967599296875 0.3756184953125 0.1361051390625 0.416839859375 0.0903916453125 0.3793199171875 0.055431351562499995
2 0.5172757125 0.293598553125 0.5493870296875001 0.32321578125 0.59161063125 0.27934213125 0.5570837531249999 0.2499863375 0.5172757125 0.293598553125
2 0.216578640625 0.10989989062500001 0.25307721875 0.1602580859375 0.28697764531250003 0.1387714390625 0.25054112968750003 0.087822746875 0.216578640625 0.10989989062500001
2 0.1738275921875 0.28374289375 0.20031566562499997 0.315754203125 0.24844116875000002 0.28105082812500004 0.21564964999999997 0.249369940625 0.1738275921875 0.28374289375
2 0.22951237343750003 0.49238776875 0.2607704671875 0.4676398703125 0.221770659375 0.4240384875 0.193388940625 0.44982084218749996 0.22951237343750003 0.49238776875
2 0.3549888171875 0.5425534421875 0.288559184375 0.487261446875 0.24841722968750002 0.5283703546875 0.305925621875 0.583323284375 0.3549888171875 0.5425534421875
2 0.38627639999999996 0.5118447203125001 0.3582054609375 0.48921309375 0.333039921875 0.5128118546875 0.35884179375 0.53997644375 0.38627639999999996 0.5118447203125001
2 0.3881851578125 0.4482269859375 0.411782971875 0.479335921875 0.47047258281250004 0.415125153125 0.43845435468750005 0.3902875859375 0.3881851578125 0.4482269859375
2 0.4138351921875 0.363245734375 0.4433954015625 0.3830535 0.46414867187500003 0.356007459375 0.4403074109375 0.33859026875 0.4138351921875 0.363245734375
2 0.3685359765625 0.050123484375000006 0.3382631078125 0.012240225 0.31648263125 0.0141457703125 0.2960863484375 0.029386839062499996 0.3411310234375 0.0722928328125 0.3685359765625 0.050123484375000006
2 0.3882223265625 0.0078693609375 0.342951453125 0.0118300484375 0.3601376421875 0.027768468750000004 0.3882223265625 0.0078693609375
2 0.028599354687500002 0.762334184375 0.0667720203125 0.7967644890625001 0.0811905140625 0.7845626015625 0.038541959375000004 0.7472753484375 0.028599354687500002 0.762334184375
2 0.7474794703125001 0.44364273125000003 0.7215862093750001 0.42302790625000003 0.6960146468749999 0.44479450312499996 0.722687359375 0.475034153125 0.7474794703125001 0.44364273125000003
2 0.6323221484375 0.39754202968749996 0.68393164375 0.355251896875 0.63774010625 0.3175922640625 0.5899360546875 0.3634528578125 0.6323221484375 0.39754202968749996
2 0.7050279296874999 0.09205115625 0.681790259375 0.1200285453125 0.7029581515625 0.14014514218750002 0.7322897671875 0.11102033281250001 0.7050279296874999 0.09205115625