2 0.184631490625 0.649221153125 0.229508725 0.657944403125 0.23923847031249998 0.6006339078125 0.18488006562499998 0.5971143609375 0.184631490625 0.649221153125
2 0.7865444687500001 0.8127383328125 0.8575268890625001 0.8251272234375 0.8653125640624999 0.7124631578125 0.8022660796875 0.7100753890625 0.7865444687500001 0.8127383328125
2 0.982368696875 0.6323150375 0.936832746875 0.6276930109375 0.9368886375000001 0.6854969468750001 0.97022370625 0.69479560625 0.982368696875 0.6323150375
2 0.30397827187500004 0.3256597953125 0.3920320859375 0.3300895171875 0.398250559375 0.276324175 0.30229958749999997 0.2689491125 0.30397827187500004 0.3256597953125
2 0.48708553906249996 0.37111946875 0.5822043421875 0.3755122 0.5806853828125 0.34702555 0.4883266046875 0.35021596875 0.48708553906249996 0.37111946875
2 0.4702627203125 0.3269718453125 0.5838537046875001 0.3307259359375 0.58075073125 0.310388328125 0.472864259375 0.3063327953125 0.4702627203125 0.3269718453125
2 0.47765537656249996 0.2889399265625 0.550183628125 0.2861209265625 0.5503683859375 0.270651653125 0.4788964421875 0.268036428125 0.47765537656249996 0.2889399265625
2 0.658990825 0.21282949843750001 0.7144055359375 0.21091482031250003 0.715949234375 0.19570970000000001 0.6613269765625 0.19354755625 0.658990825 0.21282949843750001
2 0.6588869921875 0.242409403125 0.7140375531250001 0.24185366406250003 0.715845403125 0.22528960312500002 0.6590702171875 0.22693983125 0.6588869921875 0.242409403125
2 0.6683058640625 0.4190313375 0.7979507171875 0.427316271875 0.7975283734375 0.40045147812500004 0.667619371875 0.39352548593750003 0.6683058640625 0.4190313375
2 0.8639118484375 0.9193453343750001 0.7714194609375 0.9128478921875001 0.7756024234375001 0.931789359375 0.8595602734375 0.9323969968749999 0.8639118484375 0.9193453343750001
2 0.8037245046875 0.9426931375000001 0.7699718734375 0.9451972765625 0.775736378125 0.9559860421874999 0.8047314921875 0.9561831296875001 0.8037245046875 0.9426931375000001
2 0.773211325 0.35907320625 0.7719969203125 0.377767771875 0.8065008625000001 0.3776301546875 0.808017878125 0.3573787890625 0.773211325 0.35907320625