2 0.85103600625 0.8962335796875 0.8712642 0.93055803125 0.9115904046875001 0.8994071015625 0.8939235640625001 0.8673510578125001 0.85103600625 0.8962335796875
2 0.1591386484375 0.6491056640624999 0.1674304453125 0.683992121875 0.192206675 0.6769745046875 0.18518824843749998 0.6404806125 0.1591386484375 0.6491056640624999
2 0.129531946875 0.6915095953125 0.1218175078125 0.702391078125 0.175506446875 0.7230260953125 0.17930627500000001 0.70163314375 0.129531946875 0.6915095953125
2 0.36268828124999997 0.0479644734375 0.32218507343749997 0.116527725 0.3720013765625 0.142897609375 0.41047295625 0.07330318125 0.36268828124999997 0.0479644734375
2 0.8229494546874999 0.0804033875 0.825805525 0.11678553750000001 0.8715177921875 0.11918121562499999 0.874057346875 0.0878008078125 0.8229494546874999 0.0804033875
2 0.7557780843749999 0.101235209375 0.7572526078124999 0.1185392203125 0.8084053390625 0.1307236703125 0.8120116124999999 0.1130538171875 0.7557780843749999 0.101235209375
2 0.79716131875 0.049944812500000005 0.8381772937499999 0.017036946875 0.7817765703124999 0.014081112500000001 0.7723120984375 0.024290395312499997 0.79716131875 0.049944812500000005
2 0.8762441125 0.3243550671875 0.9131926859374999 0.369057884375 0.9412114046875001 0.3455795921875 0.9048574109375 0.30090637343750004 0.8762441125 0.3243550671875
2 0.6565347625 0.6318121031249999 0.6836966171875 0.6587784125 0.7064348171875 0.6338342531250001 0.684095509375 0.6113999859375 0.6565347625 0.6318121031249999
2 0.4865486609375 0.694777009375 0.5130850265625 0.7223035390625 0.5384464437500001 0.6927450312500001 0.512109596875 0.6727564625 0.4865486609375 0.694777009375
2 0.304042590625 0.792129109375 0.32901586250000003 0.8154164625 0.35069541875 0.7993274703125001 0.3255615890625 0.7734312640625001 0.304042590625 0.792129109375
2 0.555309546875 0.757184640625 0.5833437609375001 0.7788502796875 0.5979624296875 0.7612021125 0.57390505625 0.7374558171875 0.555309546875 0.757184640625
2 0.8503888359375 0.738198753125 0.8746434765625001 0.7638235734375 0.9032257015624999 0.740967815625 0.8787782 0.7133504828125 0.8503888359375 0.738198753125
2 0.8632585468749999 0.17458269843750002 0.834519553125 0.20039993437499998 0.860557684375 0.22611822343750002 0.885999921875 0.20066019062499998 0.8632585468749999 0.17458269843750002
2 0.7649417406250001 0.8578642328124999 0.7505715046875 0.8707720296874999 0.7709503343749999 0.8908473375 0.7850060562500001 0.8839109515624999 0.7649417406250001 0.8578642328124999
2 0.785401309375 0.8423043046875 0.7680337578125 0.8556495843749999 0.789289521875 0.8817118031250001 0.8060952109375 0.8677425140624999 0.785401309375 0.8423043046875
2 0.753191709375 0.763990946875 0.7546973078125 0.78070201875 0.7890614046875 0.7611205375 0.7811641375 0.7527707828125 0.753191709375 0.763990946875
2 0.8507520109375 0.7993985078125 0.856538621875 0.81395724375 0.8923106031250001 0.8015765 0.8856461203125001 0.7867511406250001 0.8507520109375 0.7993985078125
2 0.5804167625 0.0736321796875 0.56330065625 0.093524590625 0.588399703125 0.11444183906250001 0.6077498203125 0.0916592609375 0.5804167625 0.0736321796875