2 0.7142886328125 0.691522371875 0.67421100625 0.711932665625 0.7115976875000001 0.7895421812500001 0.74698944375 0.7649354203125001 0.7142886328125 0.691522371875
2 0.9524949328125001 0.52485625 0.9360518296875 0.5219208359375 0.9119089468749999 0.60356215 0.9276413984375 0.6043631046875 0.9524949328125001 0.52485625
2 0.5900412265625 0.1894103140625 0.5771058515624999 0.1873153859375 0.5683364921875 0.26169735625 0.58625301875 0.25818860312499997 0.5900412265625 0.1894103140625
2 0.5711476328125 0.187493946875 0.5533526921874999 0.18684480312500001 0.5497384390625 0.2300416609375 0.5620721546875 0.2341777171875 0.5711476328125 0.187493946875
2 0.4413812609375 0.1724678 0.42430287968749997 0.1700831625 0.4118243171875 0.22099296562499998 0.4278957765625 0.2274735890625 0.4413812609375 0.1724678
2 0.41775235625 0.1702203046875 0.40190010625 0.1673246421875 0.3887048796875 0.2199714953125 0.40513618281249997 0.22141808593749998 0.41775235625 0.1702203046875
2 0.347244034375 0.5152689765625 0.317267634375 0.53579041875 0.34823199531250004 0.5861684140625 0.37576848125 0.5648795921875001 0.347244034375 0.5152689765625
2 0.16385385937500002 0.35721474999999997 0.12111865156249998 0.38160560781249997 0.13545100000000002 0.4147486171875 0.186594590625 0.388268896875 0.16385385937500002 0.35721474999999997
2 0.22429312031249998 0.24121069999999997 0.19954627187500001 0.195435440625 0.169321365625 0.219510703125 0.1870910578125 0.2630124734375 0.22429312031249998 0.24121069999999997
2 0.0344967328125 0.24281884062499998 0.01709745 0.25588696093749996 0.016241640625 0.29957430937499996 0.0546614890625 0.27756009062500003 0.0344967328125 0.24281884062499998
2 0.042780314062500005 0.124358109375 0.0739797296875 0.1033254234375 0.064697415625 0.0830363109375 0.032056103125 0.0989074046875 0.042780314062500005 0.124358109375
2 0.0860053609375 0.11845270156250001 0.0534542171875 0.1417700984375 0.061881575 0.16973859062500002 0.0950944890625 0.15003866875 0.0860053609375 0.11845270156250001