2 0.8962384968749999 0.7048432546875001 0.910959221875 0.670730790625 0.8796979171875 0.655567825 0.8650553140625 0.691084803125 0.8962384968749999 0.7048432546875001
2 0.7024355124999999 0.8353576374999999 0.723676796875 0.8056222265624999 0.695100628125 0.784882528125 0.672003084375 0.8130536062499999 0.7024355124999999 0.8353576374999999
2 0.6210349093749999 0.74011999375 0.5996691578125 0.7668457562500001 0.650865359375 0.794691178125 0.6714316234375 0.767319903125 0.6210349093749999 0.74011999375
2 0.2591291171875 0.9299567234375001 0.24432497031249997 0.9513115703125001 0.286667003125 0.9724439359374999 0.3003784203125 0.9541827984375001 0.2591291171875 0.9299567234375001
2 0.0664515328125 0.6832925249999999 0.0385373140625 0.6640767000000001 0.019480053125 0.69709259375 0.0503440140625 0.7109887406250001 0.0664515328125 0.6832925249999999
2 0.15428475 0.6809934234374999 0.17528194375 0.650901375 0.152721021875 0.63771915 0.1332362984375 0.6658628765625 0.15428475 0.6809934234374999
2 0.16508830937500002 0.46475718437499997 0.18208235 0.4333714140625 0.12751600624999998 0.40971441249999996 0.1159614921875 0.4409160328125 0.16508830937500002 0.46475718437499997
2 0.15884392187500002 0.27644155625 0.1927670625 0.320354571875 0.2283337828125 0.3007631671875 0.1927614484375 0.2482851484375 0.15884392187500002 0.27644155625
2 0.089449334375 0.08262780625 0.12142784531249999 0.0610205765625 0.0739396484375 0.007855992187499999 0.066598775 0.0481316109375 0.089449334375 0.08262780625
2 0.49191527031250004 0.32559113281249996 0.518793975 0.29631988593749997 0.49463092499999994 0.2780810265625 0.4715333765625 0.3062521046875 0.49191527031250004 0.32559113281249996
2 0.5718149859375 0.373372215625 0.6007929937500001 0.3441407984375 0.5573095 0.3150332453125 0.5328533078125 0.344191440625 0.5718149859375 0.373372215625
2 0.7161656234375 0.42415225312500004 0.7264355515625 0.3934701390625 0.6895530859375001 0.3834236375 0.6779059328125 0.41521015468750005 0.7161656234375 0.42415225312500004
2 0.776519521875 0.49855501875 0.788765225 0.4591938796875 0.763581684375 0.44739814375 0.7473951578125 0.4850720296875 0.776519521875 0.49855501875
2 0.8366397078125001 0.5801266703125 0.8504430062500001 0.5404300625 0.8108419484375 0.5323559999999999 0.7976207546875 0.5626940734375 0.8366397078125001 0.5801266703125
2 0.3507518796875 0.5868055453125 0.3355337734375 0.5728088375 0.30910560781249996 0.603031021875 0.3274685640625 0.61614950625 0.3507518796875 0.5868055453125
2 0.6761905609375 0.5626792734375 0.6842747703125001 0.551490546875 0.6578366375 0.526740625 0.6463488765625 0.54233870625 0.6761905609375 0.5626792734375