2 0.9373624062499999 0.782616246875 0.9827772390625 0.7637573484375 0.9829890890625 0.7607277546875 0.9603244671875 0.7161650265625 0.91439861875 0.7376715421875 0.9373624062499999 0.782616246875
2 0.8765408140625001 0.7086938578125 0.838477684375 0.7248758484375 0.8681982390625 0.776119834375 0.8969728109374999 0.766203325 0.8765408140625001 0.7086938578125
2 0.752611565625 0.688662975 0.721064821875 0.6980821765624999 0.7341168421875001 0.7314907703125 0.7611925734375 0.724010034375 0.752611565625 0.688662975
2 0.5696102984375 0.615440959375 0.5342462890624999 0.6238052421875 0.5527515640625 0.6772247703125001 0.589259346875 0.6676323234375 0.5696102984375 0.615440959375
2 0.8375150937500001 0.0505877484375 0.8359387859374999 0.1145113875 0.89096424375 0.1176382453125 0.890610140625 0.056458646875 0.8375150937500001 0.0505877484375
2 0.719214928125 0.191663240625 0.6861969859375 0.193113309375 0.6857075328125 0.2471945859375 0.7249442562499999 0.24760674531250002 0.719214928125 0.191663240625
2 0.44457060000000004 0.1869937828125 0.39121498125 0.1867791734375 0.377040571875 0.2573793609375 0.42958362031249997 0.264456196875 0.44457060000000004 0.1869937828125
2 0.5031663562500001 0.33377417343750004 0.4879472640625 0.336089534375 0.48740474687499996 0.4056195734375 0.5023461874999999 0.408068365625 0.5031663562500001 0.33377417343750004
2 0.2262343921875 0.2103622171875 0.21794052343749998 0.24511190156249998 0.24919823281250003 0.25530848437500003 0.261199096875 0.22458969843749998 0.2262343921875 0.2103622171875
2 0.3294254765625 0.289341825 0.320005434375 0.3259131703125 0.331448653125 0.3302648953125 0.3414621375 0.293674390625 0.3294254765625 0.289341825
2 0.4176873578125 0.33586799843750004 0.406913715625 0.3300060453125 0.39845245937499996 0.360007115625 0.4105720625 0.366714796875 0.4176873578125 0.33586799843750004
2 0.9568007078124999 0.309021234375 0.8595245359374999 0.3064770734375 0.8644412484374999 0.4132470875 0.9575867 0.40880458906249995 0.9568007078124999 0.309021234375
2 0.354690725 0.7266202093749999 0.32003665 0.73525675625 0.33504370781250004 0.7905792171875 0.3685861078125 0.7810903234375 0.354690725 0.7266202093749999
2 0.3517630890625 0.6907786734375 0.3669773625 0.75203501875 0.400581928125 0.744326290625 0.38131754375 0.6861819375 0.3517630890625 0.6907786734375
2 0.36270719375 0.8796227062499999 0.3309114234375 0.89350644375 0.348698925 0.9433848046875 0.3817101015625 0.9356967984375 0.36270719375 0.8796227062499999
2 0.20159654374999997 0.7319663750000001 0.17173186093749998 0.7428121203125 0.1889052546875 0.7921178140625 0.21616591875000002 0.789977625 0.20159654374999997 0.7319663750000001
2 0.155220903125 0.9771116453124999 0.14668681249999999 0.9459818203125 0.1297207453125 0.9522199140625001 0.13793601875 0.97590296875 0.155220903125 0.9771116453124999
2 0.20837698124999998 0.98082868125 0.20062021406250002 0.959249840625 0.1824917328125 0.965824021875 0.1878087765625 0.9793904124999999 0.20837698124999998 0.98082868125
2 0.0331624859375 0.92707443125 0.01414363125 0.850799528125 0.013142406249999999 0.8493492109374999 0.016001982812500003 0.9312367984375 0.0331624859375 0.92707443125
2 0.5854586312500001 0.9671990156250001 0.533378996875 0.99040570625 0.5490728687499999 0.9973434749999999 0.6024794359375 0.9951220093750001 0.5854586312500001 0.9671990156250001
2 0.9005702484375 0.5872500125 0.8837154437500001 0.5908091546875001 0.89134408125 0.6220306890625 0.9073686875 0.621471096875 0.9005702484375 0.5872500125
2 0.8577451078125 0.595873278125 0.8668076734374999 0.6341756453125 0.8815849015625 0.6318772781249999 0.8719703890625 0.594782409375 0.8577451078125 0.595873278125