2 0.9491713781250001 0.1094827703125 0.951405378125 0.06654959375 0.9206593203125 0.0588930859375 0.91398770625 0.10089867187499998 0.9491713781250001 0.1094827703125
2 0.8255486281250001 0.0984266953125 0.8354864921875 0.073424453125 0.8030303468750001 0.061585898437499995 0.7924412046875 0.089878840625 0.8255486281250001 0.0984266953125
2 0.6704410765625 0.053905103125 0.6365225796875 0.040881471875 0.631930615625 0.0657176140625 0.658470834375 0.0762683484375 0.6704410765625 0.053905103125
2 0.5660077484375 0.525379296875 0.5586204765625 0.5574427546875 0.592322934375 0.5657431453124999 0.602318390625 0.5374414046875 0.5660077484375 0.525379296875
2 0.9262653375 0.5031992171875 0.9402293328125 0.4685876515625 0.9155130218749999 0.4556980796875 0.900749128125 0.48510426874999996 0.9262653375 0.5031992171875
2 0.4807245328125 0.359118703125 0.44765559218749995 0.34845557031249996 0.43876461093749997 0.3815241875 0.468302653125 0.390345728125 0.4807245328125 0.359118703125
2 0.3947976109375 0.9440894156249999 0.3895345359375 0.9905421359375 0.4250431234375 0.997522284375 0.43115960937500003 0.953298859375 0.3947976109375 0.9440894156249999
2 0.809512225 0.9830409265625001 0.8156973015625001 0.9689092203125 0.78095086875 0.9522862171875 0.77355780625 0.96758139375 0.809512225 0.9830409265625001
2 0.8237994625 0.947100425 0.7887230359374999 0.932282875 0.7816998296875 0.9433994968749999 0.8211644484375 0.9618863781250001 0.8237994625 0.947100425
2 0.8296481015625 0.9181324609375 0.792721228125 0.9074426203125 0.7885924109375 0.92275570625 0.8287645671874999 0.93472894375 0.8296481015625 0.9181324609375
2 0.407431621875 0.3224402296875 0.413406090625 0.303363465625 0.3773688546875 0.2926485234375 0.3729130296875 0.3097749296875 0.407431621875 0.3224402296875
2 0.3415975015625 0.3177327359375 0.35126853125 0.29100682187500004 0.3265315234375 0.27930300625000004 0.3153471578125 0.307585559375 0.3415975015625 0.3177327359375