2 0.098259128125 0.5198270109375 0.130244365625 0.5340883859375001 0.1484742171875 0.4794492640625 0.114518365625 0.47112105312499997 0.098259128125 0.5198270109375
2 0.034952640624999996 0.1412439421875 0.0376939453125 0.1437576140625 0.0597095546875 0.11342142343749999 0.039574365625 0.097271175 0.034952640624999996 0.1412439421875
2 0.15583990781249998 0.15868064531249998 0.179505284375 0.13061302187499998 0.06890690625 0.0319094140625 0.0468816421875 0.0578292703125 0.15583990781249998 0.15868064531249998
2 0.8782267796875001 0.8333579656250001 0.88527839375 0.874528859375 0.9215057 0.8642251078125 0.9148293546874999 0.8284207968749999 0.8782267796875001 0.8333579656250001
2 0.9795293609375 0.72096900625 0.9586186375000001 0.7302191828125 0.97111301875 0.7597398421875 0.9756119406250001 0.7582407671875 0.9795293609375 0.72096900625
2 0.93894273125 0.772690475 0.9363726390625 0.735936475 0.9031615515625001 0.7382588203125 0.90543735625 0.7708043484375 0.93894273125 0.772690475
2 0.496687921875 0.1155695859375 0.526150059375 0.1363525375 0.5347118453124999 0.12242449531249999 0.5057350875 0.1000710453125 0.496687921875 0.1155695859375
2 0.5121486328125 0.08951356875000001 0.5387086984375 0.111398515625 0.5479243687500001 0.0983097171875 0.5213613609375 0.0763826828125 0.5121486328125 0.08951356875000001
2 0.439506828125 0.06486294375 0.393345996875 0.03538615625 0.380396321875 0.0547256515625 0.43092771250000006 0.0785431546875 0.439506828125 0.06486294375
2 0.889918409375 0.1142359640625 0.8901072265625001 0.1510280421875 0.9230198625 0.152949353125 0.9272258828125001 0.1193569390625 0.889918409375 0.1142359640625
2 0.749483853125 0.8501404359375 0.7991453234375 0.8359150109375 0.7982350031250001 0.8228968015625 0.741246178125 0.8346116140625 0.749483853125 0.8501404359375
2 0.6572139609375001 0.962386221875 0.65461595625 0.98916079375 0.7302297515625 0.9838733640624999 0.7277593859375 0.9741031375 0.6572139609375001 0.962386221875
2 0.062179162499999996 0.7197652375 0.0600085921875 0.705748128125 0.0145084625 0.7070439640624999 0.01562565625 0.7230205765625 0.062179162499999996 0.7197652375