2 0.54453125 0.95546875 0.05 0.0515625
2 0.834486090625 0.4678137609375 0.7933917484374999 0.4950866734375 0.81321910625 0.53542646875 0.863669475 0.5204140140625 0.834486090625 0.4678137609375
2 0.5396975234375 0.3451632875 0.5485880125 0.378203784375 0.5997990765625001 0.3590524234375 0.593103109375 0.3088475765625 0.5396975234375 0.3451632875
2 0.231780359375 0.041840984375 0.22277684999999997 0.030283809374999998 0.19015190625 0.03428965 0.17861739375000002 0.0444270140625 0.20031323437499998 0.07282769375 0.231780359375 0.041840984375
2 0.0020982109375 0.5451574 0.0025527140625 0.551371503125 0.0078843265625 0.594793990625 0.041728140625 0.5929027203125 0.0409070609375 0.5458630109375 0.0020982109375 0.5451574
2 0.9298233015624999 0.349055246875 0.965741540625 0.34289307343750003 0.9505864781250001 0.2684259109375 0.9106785390625 0.2843451375 0.9298233015624999 0.349055246875
2 0.9989512484375 0.506997853125 0.9980128 0.45323424687499997 0.99583398125 0.4354891921875 0.9398716984375 0.44852158906249995 0.9562691421875 0.5146626765625 0.9989512484375 0.506997853125
2 0.700542003125 0.7087224734375 0.710842678125 0.74314013125 0.74805005625 0.7314202375 0.7419774218749999 0.7010794109375 0.700542003125 0.7087224734375
2 0.25307297968750003 0.32271215781249996 0.2607559171875 0.35461417968750003 0.29967863437500003 0.3391028328125 0.28875478593750004 0.30864509375 0.25307297968750003 0.32271215781249996
2 0.027976693749999997 0.758433190625 0.10032825781250002 0.7407478390625 0.0974896828125 0.7312209265625 0.0262357125 0.7442540359375001 0.027976693749999997 0.758433190625
2 0.2677748109375 0.756726365625 0.2710779546875 0.7418367609375001 0.2153153515625 0.7451823359375 0.21645050000000002 0.7591834078125 0.2677748109375 0.756726365625
2 0.2347611796875 0.7365369578125 0.23205527343750001 0.7176000484375 0.21429724218750001 0.720876090625 0.21432643750000002 0.739648753125 0.2347611796875 0.7365369578125