2 0.6063433109374999 0.9434640156249999 0.71880246875 0.9638130265625 0.7267130453124999 0.9102687843749999 0.6226426 0.889120178125 0.6063433109374999 0.9434640156249999
2 0.7163016390625 0.8804119781249999 0.7522342078124999 0.882924628125 0.7625237421875 0.8350961953124999 0.7256911296874999 0.8255865296874999 0.7163016390625 0.8804119781249999
2 0.658258596875 0.8167094875 0.7448461656250001 0.8296999234375001 0.7532705109375 0.788676709375 0.6653019390625 0.775589703125 0.658258596875 0.8167094875
2 1 0.48135312656250007 0.9486129468750001 0.47775979375000005 0.941378134375 0.5216401359375 0.9988446968750001 0.5339819875 0.9993908265625 0.5261719640625 1 0.50872751875 1 0.48135312656250007
2 0.8003429843750001 0.5325849296875 0.8370790265625001 0.543475596875 0.84739825 0.5150684203125 0.8088951453125001 0.5096020765625 0.8003429843750001 0.5325849296875
2 0.6961404484375 0.5530393921875 0.7388878046875 0.5574147671875 0.7444192078125 0.498157834375 0.7091638546875 0.48598295 0.6961404484375 0.5530393921875
2 0.5443417984375001 0.49942610312499996 0.6389322374999999 0.517134725 0.655073909375 0.42533083125 0.55820264375 0.40052550781249996 0.5443417984375001 0.49942610312499996
2 0.8331901531250001 0.0826943859375 0.8145744046875001 0.17016514062500002 0.9043117046875 0.17782637343750002 0.9128681406249999 0.095200090625 0.8331901531250001 0.0826943859375
2 0.30727177031249997 0.5133635109375 0.43493297656249996 0.5347739859375 0.4551541140625 0.4640591578125 0.3251154 0.4369345421875 0.30727177031249997 0.5133635109375
2 0.19484657656249998 0.45279232968749994 0.256459371875 0.465422546875 0.2573948296875 0.4321990578125 0.20249880468749998 0.42281089843749997 0.19484657656249998 0.45279232968749994
2 0.20227441875 0.406151540625 0.26536623593750003 0.4174989953125 0.274109865625 0.391755584375 0.20568395 0.3772611890625 0.20227441875 0.406151540625
2 0.0461113109375 0.2759425328125 0.031062489062499997 0.3719861125 0.0857655953125 0.3841331609375 0.10682562031250001 0.281575846875 0.0461113109375 0.2759425328125
2 0.0404077953125 0.47667113906249997 0.028254742187499998 0.5313033421875 0.08305430781249999 0.542070946875 0.097779565625 0.4903909890625 0.0404077953125 0.47667113906249997
2 0.1322243421875 0.6134763765625 0.12736859375 0.6630709671874999 0.187695290625 0.6742250656250001 0.18888909843749999 0.6174387640625 0.1322243421875 0.6134763765625
2 0.1863838859375 0.5936827015625 0.2566749890625 0.60137188125 0.2675733 0.5646833609375 0.18346125625 0.556027728125 0.1863838859375 0.5936827015625
2 0.48975951562500003 0.62460638125 0.5173998328125 0.62653918125 0.5225764265625 0.59222450625 0.50024051875 0.5740173921875 0.48975951562500003 0.62460638125
2 0.5543773640625 0.41551549843749996 0.5299832390625 0.40687405 0.5179919640625 0.439324440625 0.5504852046875001 0.45130774687499997 0.5543773640625 0.41551549843749996
2 0.552381640625 0.463923890625 0.519790275 0.45332148125 0.5158996734375 0.4891138375 0.5445349359375 0.49666409843750003 0.552381640625 0.463923890625
2 0.564558871875 0.5437004765625 0.50663725625 0.5378661703125001 0.5024474 0.56373691875 0.5495006734375 0.5717841046875 0.564558871875 0.5437004765625
2 0.5624486296875 0.5738783468750001 0.5093481718749999 0.5671923343749999 0.5086578265624999 0.5855764625 0.551013984375 0.592701559375 0.5624486296875 0.5738783468750001
2 0.5379228328125001 0.499025803125 0.514822990625 0.4974105046875 0.506073265625 0.5289081312499999 0.5318450265625 0.53487196875 0.5379228328125001 0.499025803125
2 0.53227408125 0.5117126703125 0.53386041875 0.5315857984375 0.584189178125 0.543884328125 0.5922355640625 0.5224449515625 0.53227408125 0.5117126703125