2 0.0892520953125 0.5547362515625001 0.10047890468750001 0.5500864828124999 0.087832115625 0.471326453125 0.07664641875 0.4762724234375 0.0892520953125 0.5547362515625001
2 0.117565425 0.5432559921875 0.12587923750000002 0.5437062765625 0.12150319218750001 0.46301879843749993 0.1090902890625 0.465610828125 0.117565425 0.5432559921875
2 0 0.1178238734375 0.012796584375 0.11514113125 0.0123643953125 0.0563600328125 0 0.053729290625 0 0.1178238734375
2 0.030644971875 0.1023589375 0.043429978125000004 0.10273117812499999 0.0438799796875 0.0605590875 0.0296254859375 0.059620221875000004 0.030644971875 0.1023589375
2 0.39191246562500004 0.3882240515625 0.35063534375 0.2666134140625 0.2767484578125 0.28215528437500004 0.3164757265625 0.41685902812500003 0.39191246562500004 0.3882240515625
2 0.39182557500000004 0.610918859375 0.43250873125 0.606644128125 0.4180203484375 0.5243532015625 0.37720051875 0.5310041187500001 0.39182557500000004 0.610918859375
2 0.322472559375 0.7944384375 0.31421503125 0.7292601249999999 0.26394903593749997 0.7384512875 0.27560839531250003 0.7946626140624999 0.322472559375 0.7944384375
2 0.2709563734375 0.7199199203125 0.3074542546875 0.715719803125 0.29724115156250003 0.6404803390625 0.2640497484375 0.642247378125 0.2709563734375 0.7199199203125
2 0.76507045 0.179507884375 0.8139461453125 0.1629164203125 0.8028551796875 0.139357959375 0.753878534375 0.15446345625 0.76507045 0.179507884375
2 0.7018681375 0 0.6412325578125 0.0228156 0.677282653125 0.08275963125 0.7493279203125 0.0636853 0.7099504671875 0 0.7018681375 0
2 0.9503061796875001 0.2597091640625 0.935201971875 0.21009021093750002 0.902861725 0.226688403125 0.916604015625 0.2662358421875 0.9503061796875001 0.2597091640625
2 0.9492527078125 0.588718284375 0.9838172421875001 0.5821765546875 0.9754546218750001 0.5449090125 0.9446881062499999 0.5496029265625 0.9492527078125 0.588718284375
2 0.9063025281250001 0.9822949984375 0.9410359046875 0.9861425296874999 0.9415096625 0.9113103640625001 0.90358246875 0.91375390625 0.9063025281250001 0.9822949984375
2 1 0.8624592171875 0.963394025 0.873516421875 0.9863355484375 0.9292338984375 1 0.920994359375 1 0.8624592171875
2 1 0.685041184375 0.9862258765625 0.6860565890625 0.9979547703125 0.780272490625 1 0.7793887453125 1 0.685041184375
2 0.3213283265625 0.1908149109375 0.3763834953125 0.1782755921875 0.36437914375 0.1363208953125 0.31247882968749996 0.15385591406250002 0.3213283265625 0.1908149109375
2 0.3122626625 0.1075401328125 0.3039414921875 0.07264722968750001 0.28794903125000004 0.0741140609375 0.29991193437499997 0.1136941203125 0.3122626625 0.1075401328125
2 0.3298647609375 0.6289248421875 0.36870468437500004 0.6220100015625001 0.3652612796875 0.5947534453125 0.3238923640625 0.603789309375 0.3298647609375 0.6289248421875