2 0.6455827609375 0.39694552031249997 0.6147963234375 0.28939036875 0.552456809375 0.30761302343749997 0.5907079125 0.4162192390625 0.6455827609375 0.39694552031249997
2 0.6274817406250001 0.6952308171875 0.6240454718749999 0.6563301703125 0.5710535046875 0.6700660546874999 0.5799905062499999 0.7048175171875 0.6274817406250001 0.6952308171875
2 0.7306084828125 0.68806331875 0.7249706828125 0.6712295078125 0.6800881421875 0.6959734578125001 0.69069233125 0.7104590765625 0.7306084828125 0.68806331875
2 0.36717079531249996 0.8968133375 0.381632428125 0.8430790265624999 0.354169178125 0.8392836062500001 0.339868075 0.8891083703125 0.36717079531249996 0.8968133375
2 0.7655971640625 0.966949621875 0.7154844328125 0.875991559375 0.6710594390625 0.9137931203124999 0.7272626171875001 0.9920590234375 0.7655971640625 0.966949621875
2 0.8159377953125 0.83480131875 0.8565380625 0.797969765625 0.8452129812500001 0.7799430859375 0.8012347609375 0.8135702640625 0.8159377953125 0.83480131875
2 0.24494815781249998 0.6123430546875 0.238060434375 0.593742415625 0.163734909375 0.62605133125 0.1702698828125 0.6430570609374999 0.24494815781249998 0.6123430546875
2 0.921494559375 0.48890516718750004 0.8940291859375 0.4424713484375 0.864326028125 0.45955431718749995 0.8873669453125 0.5068868453125 0.921494559375 0.48890516718750004
2 0.9805987937499999 0.3950493484375 0.9755543140625 0.361179765625 0.9436149515625001 0.3652656734375 0.9412568562500001 0.3998174546875 0.9805987937499999 0.3950493484375
2 0.9161888843750001 0.5326216515625 0.895303665625 0.54702024375 0.915942553125 0.5766070437499999 0.9384836078125 0.55858595625 0.9161888843750001 0.5326216515625
2 1 0.85864569375 0.971051365625 0.86171839375 0.971528071875 0.875369446875 1 0.8739618374999999 1 0.85864569375
2 0.3191018671875 0.9409412390625 0.2795907765625 0.940865421875 0.2752350109375 0.9947705859375 0.313273971875 0.9952230078125 0.3191018671875 0.9409412390625
2 0.6081203390625001 0.778785546875 0.585063946875 0.748023025 0.5585971125 0.772716434375 0.582651278125 0.7980251859374999 0.6081203390625001 0.778785546875