2 0.14609526718750002 0.0494434453125 0.11540943906250001 0.071105678125 0.1605359328125 0.144494815625 0.19166453125 0.13000750781249998 0.14609526718750002 0.0494434453125
2 0.061607673437499996 0.071673609375 0.0555540921875 0.1098944171875 0.0840162765625 0.10283841406250001 0.061607673437499996 0.071673609375
2 0.1693338890625 0.5855610703125 0.1174720015625 0.5950304984375 0.12138309218750001 0.6533359765625 0.1781859265625 0.64629681875 0.1693338890625 0.5855610703125
2 0.49028313749999997 0.13362816093750002 0.42367697499999996 0.158135396875 0.43816429218749997 0.1960508421875 0.5056562437500001 0.1692247453125 0.49028313749999997 0.13362816093750002
2 0.39021475156249996 0.3045970265625 0.41495447499999993 0.3509669875 0.46402207500000003 0.33892136562499997 0.436306821875 0.2840105375 0.39021475156249996 0.3045970265625
2 0.69989716875 0.32030013125 0.6670627171875 0.32157375625 0.6750484765625 0.3706409640625 0.7100856921875 0.37041260625 0.69989716875 0.32030013125
2 0.798053665625 0.7301157859375 0.7307982109375 0.746840021875 0.7424604546875 0.8110443125 0.8172374953125001 0.7963340375 0.798053665625 0.7301157859375
2 0.37186718281250003 0.9586322359375 0.3828528515625 0.9876782765625001 0.44334446875 0.9972592078125 0.4437396015625 0.9972868390625 0.4235523953125 0.9432000234375 0.37186718281250003 0.9586322359375
2 0.238070828125 0.8201163453125 0.1839608640625 0.8276429703125 0.1859178359375 0.8667654078125 0.2411375890625 0.8613995843750001 0.238070828125 0.8201163453125
2 0.2131969015625 0.74159620625 0.19736569843750001 0.7381083796875 0.20485487500000002 0.8002352625 0.216758175 0.801365221875 0.2131969015625 0.74159620625
2 0.785634853125 0.8566201515625 0.7532683421875 0.8597136640624999 0.7653556499999999 0.9304948749999999 0.7997887687499999 0.9266530749999999 0.785634853125 0.8566201515625
2 0.897909628125 0.894232728125 0.8589973625 0.90579495 0.870634353125 0.9607734406249999 0.9131544203124999 0.957199534375 0.897909628125 0.894232728125
2 0.6528506171874999 1 0.635258665625 0.94669516875 0.6009230624999999 0.9582813874999999 0.6151290375 1 0.6528506171874999 1
2 0.63086124375 0.166671134375 0.5964278953125 0.1737865171875 0.6024679890625 0.20843287500000002 0.6389164968750001 0.2047320046875 0.63086124375 0.166671134375
2 0.596716096875 0.084525121875 0.553200440625 0.1023142078125 0.5705129999999999 0.1419152125 0.616661959375 0.12282226562500001 0.596716096875 0.084525121875
2 0.6061408593750001 0.0105784984375 0.610594125 0.041153178125 0.659538 0.046063667187500004 0.650604796875 0.017620893749999998 0.6061408593750001 0.0105784984375
2 0.5513945625 0.111115928125 0.5163812578125 0.12652512031250002 0.523005896875 0.14246355625 0.561326078125 0.13085680156249999 0.5513945625 0.111115928125
2 0.21550768125 0 0.23729916874999998 0.0308226484375 0.26710432812499996 0.0132652328125 0.2543105796875 0 0.21550768125 0
2 0.27888330781250004 0.6110775078125 0.24575871249999998 0.616500375 0.2510885046875 0.642466665625 0.2845983125 0.640046734375 0.27888330781250004 0.6110775078125