2 0.60619424375 0 0.503860040625 0.0439798984375 0.5319662828125 0.0932643625 0.6286120093750001 0.0492470390625 0.6093083046875 0 0.60619424375 0
2 0.6596301625 0.0701493546875 0.6251837671875 0.08068067343749999 0.646665646875 0.131988775 0.68041503125 0.11443730781250001 0.6596301625 0.0701493546875
2 0.6644044296875 0.123671859375 0.58295830625 0.15580731718750002 0.5990710671875 0.1942887984375 0.681841071875 0.1617485875 0.6644044296875 0.123671859375
2 0.942117984375 0.4207542359375 0.9910996109375001 0.40577905156250005 0.9870934874999999 0.38305920000000004 0.9784150546875001 0.3546733296875 0.9251976703125001 0.379626025 0.942117984375 0.4207542359375
2 0.8186598328124999 0.381812396875 0.7853152 0.4006877484375 0.7988181875 0.4211577359375 0.8351047984375001 0.40717017968749997 0.8186598328124999 0.381812396875
2 0.7198496125 0.39031870625 0.6791821140625001 0.404198003125 0.7069561484375 0.46660616250000003 0.73856915625 0.4468125921875 0.7198496125 0.39031870625
2 0.6315169390625 0.452051484375 0.54333441875 0.490584453125 0.5790878046875 0.5838322203125 0.667896284375 0.5378713640624999 0.6315169390625 0.452051484375
2 0.8807085828125001 0.7506173703125001 0.9185238484375 0.8316586234375001 0.9933465234375 0.801549790625 0.9664225203125 0.72296599375 0.8807085828125001 0.7506173703125001
2 0.4287781953125 0.48075416249999997 0.3092052453125 0.5303334140625 0.34378432187499997 0.60078956875 0.46438844062499995 0.5451078093749999 0.4287781953125 0.48075416249999997
2 0.2704795375 0.5884759546875 0.2132870546875 0.6146423265625 0.227487509375 0.6421339578125 0.27886467812500004 0.6206374968749999 0.2704795375 0.5884759546875
2 0.289938571875 0.6331676234375 0.2310164171875 0.6584168140625 0.2408374765625 0.6857997296875 0.30424911250000003 0.6562843421875 0.289938571875 0.6331676234375
2 0.0718781859375 0.7302208875 0.10814641093749999 0.820417628125 0.1660373984375 0.8012709484375 0.12244676406249999 0.706079646875 0.0718781859375 0.7302208875
2 0.033303823437500005 0.575618553125 0.057434965625 0.62611669375 0.11025000625 0.5998426453125 0.08427669531250001 0.5527997015625 0.033303823437500005 0.575618553125
2 0.100236128125 0.42493235937499996 0.11612377656249999 0.4721635359375 0.170444878125 0.45555591093750003 0.156507528125 0.4004935859375 0.100236128125 0.42493235937499996
2 0.240107684375 0.45596249218749996 0.1733478234375 0.4792666546875 0.178970625 0.5166139828125 0.258979790625 0.4892591015625 0.240107684375 0.45596249218749996
2 0.48848875312500006 0.3727899 0.461991640625 0.3808908796875 0.48358406406250004 0.4278255625 0.5012517937500001 0.4050606109375 0.48848875312500006 0.3727899
2 0.55016355 0.583994378125 0.571988553125 0.5700869234375 0.5601446453125 0.536087575 0.5311798624999999 0.5550731359375 0.55016355 0.583994378125
2 0.5297834328125 0.5410303078124999 0.559154459375 0.523368175 0.5441439234375001 0.49323222031249997 0.5179410203125 0.5070305046875 0.5297834328125 0.5410303078124999
2 0.49794910937500003 0.4616112796875 0.5530737625000001 0.442896978125 0.5320840671875 0.4189204875 0.4880469859375 0.43734610937499996 0.49794910937500003 0.4616112796875
2 0.49399359218749994 0.43242691874999994 0.5442290609375 0.413967265625 0.5288531843750001 0.3981987265625 0.4891854125 0.41466926875 0.49399359218749994 0.43242691874999994
2 0.5150255875 0.499188678125 0.5371700203125 0.492418446875 0.5231843546875 0.45885822656249997 0.4994146921875 0.47046659531249996 0.5150255875 0.499188678125
2 0.5258873187499999 0.46160680625 0.5288121234375 0.481327434375 0.5848225546875 0.45738182343749995 0.5721595875000001 0.43830198125 0.5258873187499999 0.46160680625