2 0.5502002234375001 0.48716914375 0.5798198828125 0.48435803593750004 0.582464365625 0.424203696875 0.547346659375 0.42316098125 0.5502002234375001 0.48716914375
2 0.748136225 0.748900771875 0.7788559078125 0.7284113234375 0.76510956875 0.6777791343749999 0.7268913875 0.68934130625 0.748136225 0.748900771875
2 1 0.6106178984375 0.9981901499999999 0.6059323531249999 0.94769424375 0.6250856046875 0.9599801140625001 0.6590938453125 1 0.644542515625 1 0.6106178984375
2 0.69351858125 0.165868075 0.741591134375 0.165229409375 0.7407660828125 0.1400526875 0.6892843671875 0.13797647500000002 0.69351858125 0.165868075
2 0.4947990421875 0.15930534375 0.5609123453125 0.15850174374999998 0.573212534375 0.11895091093750002 0.50006185 0.10984315156249999 0.4947990421875 0.15930534375
2 0.6206325078125 0.0804455984375 0.6771591109374999 0.086756990625 0.67619514375 0.047133346874999996 0.6190938828125 0.047253834375 0.6206325078125 0.0804455984375
2 0.8879403421875001 0.0797344640625 0.9248109703124999 0.08046967968749999 0.9279128406250001 0.054600534374999996 0.8837022828125001 0.0521449984375 0.8879403421875001 0.0797344640625
2 0 0.475521628125 0.0096054984375 0.47517109218750003 0.00307420625 0.40397358906249997 0 0.40391603125 0 0.475521628125
2 0.1639948515625 0.37379020937499996 0.1826877328125 0.3704941484375 0.184783140625 0.33455300781249997 0.16698498125 0.331360753125 0.1639948515625 0.37379020937499996
2 0.1954702640625 0.37125479375000003 0.20842510781249998 0.3695734125 0.2085618828125 0.35327073750000004 0.1958450109375 0.351595740625 0.1954702640625 0.37125479375000003
2 0.6211589015625 0.4933474078125 0.633770878125 0.5170486890625 0.6492337671875 0.5022639734375 0.6368280015625001 0.47973215312499995 0.6211589015625 0.4933474078125