2 0.0626486578125 0.4123101578125 0.05790085625 0.4491587453125 0.09213063125 0.4551175359375 0.0964162015625 0.41694037812499996 0.0626486578125 0.4123101578125
2 0.2129694046875 0.23343233749999998 0.2007471609375 0.267870740625 0.233932971875 0.2799303625 0.24837075625 0.24648403437500002 0.2129694046875 0.23343233749999998
2 0.3174677359375 0.3025435890625 0.3306391984375 0.2709639390625 0.2737510125 0.2583087859375 0.2615259953125 0.290288575 0.3174677359375 0.3025435890625
2 0.146073740625 0.05644846875 0.19468244375 0.06988093437500001 0.20604009687499997 0.047889109375 0.152298584375 0.038937453125 0.146073740625 0.05644846875
2 0.56990220625 0 0.56669883125 0.008388307812499999 0.61302781875 0.020306056250000003 0.6199134671875 0 0.56990220625 0
2 0.8662312703125 0.20430576406249998 0.8983607359375 0.2150829984375 0.9075793359375 0.178093190625 0.8740806953125 0.17324261875 0.8662312703125 0.20430576406249998
2 0.7824342796875 0.23072591718750002 0.770544975 0.265439859375 0.7958654359375 0.2718927984375 0.80683789375 0.23946859375 0.7824342796875 0.23072591718750002
2 0.831652015625 0.441563396875 0.8239673859375 0.476417528125 0.8829406765625001 0.48411757343749995 0.88544725625 0.4509397953125 0.831652015625 0.441563396875
2 0.8895613265625 0.6208628109375 0.8448482453124999 0.5880013953125001 0.8160594421875 0.616637378125 0.8647186671875 0.6572774234375001 0.8895613265625 0.6208628109375
2 1 0.799607775 0.9849060375 0.8176254765625 1 0.8271408906250001 1 0.799607775
2 0.5558451390625 0.6654241109375 0.5380759203125 0.7009702140625 0.566330246875 0.711842290625 0.5807680328125 0.678395965625 0.5558451390625 0.6654241109375
2 0.46587035156249995 0.64151733125 0.446072175 0.67760379375 0.49589431875 0.6935980953125 0.5113660328125 0.6588283984375 0.46587035156249995 0.64151733125
2 0.313114740625 0.632492853125 0.31169978593750003 0.6648171703125 0.3499226796875 0.6643083046875 0.35235708906249996 0.6305427531250001 0.313114740625 0.632492853125
2 0.2345906671875 0.5776081171875 0.23366874062499998 0.61881984375 0.261128059375 0.6232171078125 0.2663032171875 0.5825410328125 0.2345906671875 0.5776081171875
2 0.154315240625 0.51576778125 0.15198852812500002 0.5577313125 0.19228101875 0.55457706875 0.1966277390625 0.5217699859375 0.154315240625 0.51576778125
2 0.61953965 0.375418796875 0.6380262484375 0.38467861875 0.6551002671874999 0.3483426015625 0.6338327171875 0.340793821875 0.61953965 0.375418796875
2 0.3133580125 0.4883135140625 0.3086710046875 0.5012971203125 0.3409069703125 0.5178009359375 0.3476503015625 0.49964064218750004 0.3133580125 0.4883135140625