2 0.47026308749999995 0.76429485 0.46385945624999997 0.8054675640625 0.5239584796875 0.8091614843749999 0.525858709375 0.7680217875 0.47026308749999995 0.76429485
2 0.30393433281250004 0.797767121875 0.3654510234375 0.7952297390624999 0.3701609375 0.756647625 0.3042607640625 0.7580774109374999 0.30393433281250004 0.797767121875
2 0.24613409218750001 0.3170674234375 0.25820159062500003 0.364792221875 0.31505289062499997 0.34798080468750003 0.2970734234375 0.3027822578125 0.24613409218750001 0.3170674234375
2 0.7255757828125 0.48609725781249996 0.8342306171875 0.517389846875 0.8659316640625001 0.425287403125 0.7600788406250001 0.3946061953125 0.7255757828125 0.48609725781249996
2 0.08882069375 0.8894913375 0.08930241718750001 0.92099920625 0.122351890625 0.9190140640625 0.121167775 0.8849692140625001 0.08882069375 0.8894913375
2 0.3080570796875 0.5486219796875 0.30682850156249997 0.5883090375 0.35896239531249996 0.5872593234375 0.36209875625 0.5501287375 0.3080570796875 0.5486219796875
2 0.0794407375 0.43172912343750003 0.07969250156249999 0.44471524375 0.11620896875 0.4437344859375 0.11243650937500001 0.427517153125 0.0794407375 0.43172912343750003
2 0.089918246875 0.47132285625000003 0.12528991875 0.46691967187500005 0.1275704703125 0.45094435937500005 0.0853452484375 0.4576321765625 0.089918246875 0.47132285625000003
2 0.11278941093749999 0.15266240312499998 0.1499954296875 0.216773603125 0.17613645625000002 0.2072276578125 0.1485811796875 0.1395250328125 0.11278941093749999 0.15266240312499998
2 0.058586581250000005 0.2089786921875 0.0661033421875 0.2336645484375 0.08252520468749999 0.23106357968750002 0.081745753125 0.207164715625 0.058586581250000005 0.2089786921875
2 0.08350523125 0.24105674062500002 0.088247153125 0.2709960421875 0.10457637500000001 0.267810178125 0.10700728281250001 0.2452031328125 0.08350523125 0.24105674062500002
2 0.041770426562500004 0.17111502812499998 0.0435252390625 0.189795503125 0.0628793 0.1867301203125 0.061081315625 0.16779703906250001 0.041770426562500004 0.17111502812499998
2 0.0110841296875 0.17386454375 0.028240678125 0.1729984859375 0.0325883390625 0.15489231875 0.0116695015625 0.15710165468749998 0.0110841296875 0.17386454375