2 0.4296875 0.76953125 0.0390625 0.0640625
2 0.559383328125 0.02795355 0.552760921875 0.081822740625 0.6862128859375 0.086993209375 0.6898975109375 0.038754856250000004 0.559383328125 0.02795355
2 0.3113691515625 0.0747681734375 0.38088731249999996 0.080243203125 0.3805579921875 0.017727934375 0.31951239375 0.015241850000000001 0.3113691515625 0.0747681734375
2 0.10294881250000001 0.132219175 0.1042768078125 0.218902428125 0.22923295625 0.2225056375 0.2320909109375 0.1401554734375 0.10294881250000001 0.132219175
2 0.491222903125 0.43307568906249994 0.48980985937500005 0.51402898125 0.5281075671875 0.517538528125 0.5281996671875 0.4308800625 0.491222903125 0.43307568906249994
2 0.7087107703125 0.3445282 0.7054313921875 0.4510215640625 0.7253143015625 0.4513686203125 0.732805953125 0.3477898421875 0.7087107703125 0.3445282
2 0.701146315625 0.4523672953125 0.7057962125 0.3487389140625 0.6830235375 0.35118247343750003 0.6883886765625 0.45072408125 0.701146315625 0.4523672953125
2 0.96885215 0.49823857968749996 0.9696276796875001 0.5351905546875 0.9994280359375001 0.5371312515625 0.9972819859375001 0.49731429531250004 0.96885215 0.49823857968749996
2 0.9558338187500001 0.918530078125 0.9926602640625 0.924856565625 0.993478346875 0.8779887046875 0.955207015625 0.8730575249999999 0.9558338187500001 0.918530078125
2 0.240547028125 0.7952325124999999 0.25258573906250004 0.8380632015625 0.3055058296875 0.8176774296874999 0.287712371875 0.7790078765625 0.240547028125 0.7952325124999999
2 0.21659354843749998 0.70247065 0.218937928125 0.7309252734375 0.25750833125 0.7188122 0.2507781328125 0.6973852296875 0.21659354843749998 0.70247065
2 0.6314863953125001 0.24551536875000002 0.70131553125 0.24857358437500002 0.7015664828125 0.164005709375 0.6305296593749999 0.166749175 0.6314863953125001 0.24551536875000002
2 0.60583081875 0.2052333578125 0.6235603249999999 0.2079947640625 0.6240481328125 0.1693942734375 0.60403196875 0.167818140625 0.60583081875 0.2052333578125
2 0.6105920796875 0.8806646375 0.7081480015625 0.8756258296875 0.7036491375 0.8173274984375001 0.612723321875 0.8181923187500001 0.6105920796875 0.8806646375
2 0.1921635296875 0.3745099625 0.31473680000000004 0.37603689375 0.32014916250000003 0.2532579640625 0.19737658125 0.2514212578125 0.1921635296875 0.3745099625
2 0.1886981453125 0.6784176453125 0.20777010625 0.67446083125 0.1994109578125 0.6399956328124999 0.1831896328125 0.6427770171875 0.1886981453125 0.6784176453125