2 0.05988336875 0.8977904062500001 0.091790734375 0.907406328125 0.10797776562500001 0.871188159375 0.072298915625 0.85935528125 0.05988336875 0.8977904062500001
2 0.1739783625 0.9333740531249999 0.2074389578125 0.9489845265625 0.2151298390625 0.9194602515625 0.1868796390625 0.8992896796875 0.1739783625 0.9333740531249999
2 0.2902873515625 0.9651775984375 0.29287975 0.9529813203125 0.239118009375 0.9330557031250001 0.2310243296875 0.95116555 0.2902873515625 0.9651775984375
2 0.5035740265624999 0.747067090625 0.43062885624999997 0.7641396375 0.458010859375 0.854941925 0.528535615625 0.8359396 0.5035740265624999 0.747067090625
2 0.833509465625 0.665644625 0.7402631453125 0.6784020296875 0.741586084375 0.7254233625000001 0.8482796765625 0.7226071671875001 0.833509465625 0.665644625
2 0.8782340609375 0.0958546109375 0.880683553125 0.0710212203125 0.8224837703125001 0.058650473437499996 0.8210142578124999 0.0921903734375 0.8782340609375 0.0958546109375
2 0.766992234375 0.0468553859375 0.664129315625 0.0249911953125 0.67587285 0.10949505 0.7774426890624999 0.1041728703125 0.766992234375 0.0468553859375
2 0.3252079078125 0.6411685515625 0.290419665625 0.6451060890625 0.298682465625 0.6794383265625 0.334334840625 0.6714353625 0.3252079078125 0.6411685515625
2 0.3317780125 0.5703303187500001 0.2952618296875 0.5823971796875 0.30721100625000003 0.6260127828125001 0.34150925625 0.617721990625 0.3317780125 0.5703303187500001
2 0.1818838109375 0.6432800000000001 0.145455146875 0.6482841578125 0.161577953125 0.705534203125 0.2005130265625 0.695396796875 0.1818838109375 0.6432800000000001
2 0.056324471875000004 0.7015751984375 0.055687448437499995 0.731183515625 0.0908510375 0.7188291515625 0.0861858859375 0.70084113125 0.056324471875000004 0.7015751984375
2 0.0579995890625 0.5872038734375 0.0447242953125 0.5631366078125 0.011868009375 0.56465099375 0.0160696453125 0.5981216 0.0579995890625 0.5872038734375
2 0.049562953124999996 0.5669988953125 0.05483559375 0.535542109375 0.0221497625 0.522930115625 0.0092472828125 0.5570126359375001 0.049562953124999996 0.5669988953125
2 0.1754384484375 0.5271842125 0.13532461406250001 0.52290685625 0.141885625 0.5852057859375 0.17696169374999998 0.5799141234375 0.1754384484375 0.5271842125
2 0.11747527656250001 0 0.1135510546875 0.019715184375 0.1752341671875 0.0356585375 0.1777795734375 0 0.11747527656250001 0
2 0.096805046875 0 0.09258640625 0.0251725171875 0.11510581093750001 0.0257100640625 0.11843197187500001 0 0.096805046875 0
2 0.1873140359375 0.3115856921875 0.17070244375000002 0.24998424218749998 0.1344740890625 0.2606969828125 0.1511747296875 0.31523605 0.1873140359375 0.3115856921875
2 0.30670376093749996 0.40211620468750003 0.27712864531250003 0.40149582500000003 0.28366285625 0.44396044218749997 0.316320359375 0.43673780000000006 0.30670376093749996 0.40211620468750003
2 0.0206553875 0.6042559562500001 0.032986021875 0.6517960031250001 0.09883470625 0.633013778125 0.0898854453125 0.590743478125 0.0206553875 0.6042559562500001
2 0.53136616875 0.6836741765625 0.4977371625 0.6935209265625 0.510773225 0.7406055 0.5538217000000001 0.7312417859375 0.53136616875 0.6836741765625