2 0.34131191250000004 0.4592327328125 0.350759703125 0.494380521875 0.4505303203125 0.48054552968750003 0.4397340265625 0.44768111250000003 0.34131191250000004 0.4592327328125
2 0.269904565625 0.4589947796875 0.216871521875 0.468368215625 0.23479914062499999 0.5439497703125 0.28956767656250004 0.5352928921875 0.269904565625 0.4589947796875
2 0.0992642734375 0.46490278125 0.21362261249999998 0.4467357625 0.19825033281249999 0.3899375890625 0.09198125 0.40730913593749996 0.0992642734375 0.46490278125
2 0.32084125625 0.3263889859375 0.32669225 0.36188046093750004 0.41073351406249997 0.3517024640625 0.3999775015625 0.31398371875 0.32084125625 0.3263889859375
2 0.334927015625 0.4058635921875 0.340308290625 0.4395381875 0.4235916859375 0.4316864296875 0.41718980781250004 0.3955612328125 0.334927015625 0.4058635921875
2 0.218709484375 0.1016139671875 0.23342729218749997 0.1805391375 0.291240184375 0.17090474218750001 0.275568071875 0.0886032140625 0.218709484375 0.1016139671875
2 0.143705703125 0.0463880640625 0.056622696875 0.0621451703125 0.054625298437500004 0.07635739531249999 0.0642538125 0.0973543078125 0.155224159375 0.08171510781249999 0.143705703125 0.0463880640625
2 0.0851195359375 0 0.09128685625 0.017186942187500002 0.1581359640625 0 0.0851195359375 0
2 0.5388186171875 0.10318654375 0.5407870890625001 0.11759489375000001 0.626176096875 0.130702009375 0.630002909375 0.114278946875 0.5388186171875 0.10318654375
2 0.5912960359375 0.1443176890625 0.590054696875 0.1620696546875 0.6414610796875 0.16744680625 0.6441896218750001 0.153962103125 0.5912960359375 0.1443176890625
2 0.03276761875 0.52209258125 0.045242674999999996 0.57350835625 0.097724834375 0.563501203125 0.08765726406249999 0.5159596765625001 0.03276761875 0.52209258125
2 0.43219663593749996 0.9299880171874999 0.4370154765625 0.954704684375 0.5076390703125 0.9406155671875001 0.5058272109375 0.9197116953125001 0.43219663593749996 0.9299880171874999
2 0.6448161578125 0.8515002890625001 0.6499117062499999 0.863748071875 0.684885934375 0.8572751078125 0.6816031203125 0.8446168374999999 0.6448161578125 0.8515002890625001
2 0.902613 0.9610987015625 0.891894803125 0.978187978125 0.9128039921875001 0.9855958250000001 0.9158222421875 0.9679681140625 0.902613 0.9610987015625
2 0.8745686140625001 0.9365419796875001 0.8646641484375 0.9590402593749999 0.8771569421875001 0.9676436078125 0.889556325 0.94353575625 0.8745686140625001 0.9365419796875001
2 0.8466230687499999 0.919128303125 0.8362887453125 0.939217290625 0.8536456703124999 0.9463767375 0.860862784375 0.9240288671875 0.8466230687499999 0.919128303125
2 0.806651440625 0.89492638125 0.7964955687499999 0.9209751468749999 0.828368928125 0.9333113828125 0.8403464125 0.9110034875 0.806651440625 0.89492638125
2 0.8175666906249999 0.8154144171875 0.80435745 0.808545003125 0.79398326875 0.8292264015624999 0.8117240671875001 0.8393855609375 0.8175666906249999 0.8154144171875
2 0.8284778953125 0.8126109015624999 0.820679909375 0.8304980140625 0.8348652187500001 0.8404101125000001 0.8467376312500001 0.8196047984374999 0.8284778953125 0.8126109015624999
2 0.823010778125 0.7801191375000001 0.8143307796875 0.8021078390625 0.8290572031250001 0.80432644375 0.8401489359375001 0.786151203125 0.823010778125 0.7801191375000001
2 0.8579851125 0.7736446140625 0.8512490375 0.7933915812500001 0.8651731703125 0.7985269515625 0.87554335 0.777925153125 0.8579851125 0.7736446140625
2 0.8453024296875 0.7507557203124999 0.83666218125 0.7721535687500001 0.8535922546875 0.7769055015624999 0.8629397328125 0.7538607875000001 0.8453024296875 0.7507557203124999
2 0.885509996875 0.7375141421875 0.8741596375 0.7551544125 0.8914736937500001 0.7629044953124999 0.8983357046875 0.74563485 0.885509996875 0.7375141421875
2 0.8687769125000001 0.7214781484375 0.8608118031249999 0.7417328078125001 0.87427089375 0.745051625 0.882866496875 0.724247421875 0.8687769125000001 0.7214781484375
2 0.9088620015625001 0.710010471875 0.8957317234375 0.7275247125 0.91182120625 0.7357859328125 0.9236692796874999 0.7153062765625 0.9088620015625001 0.710010471875
2 0.8924982343750001 0.68864820625 0.8830903484375 0.7040450765624999 0.8997276 0.7129398 0.9079054921875 0.698153928125 0.8924982343750001 0.68864820625
2 0.9222131250000001 0.67229210625 0.9115776562500001 0.6881983359375 0.9252963640624999 0.696293775 0.93423765 0.67908024375 0.9222131250000001 0.67229210625
2 0.9059879515624999 0.65748203125 0.8886716874999999 0.6752987593750001 0.9016723875 0.685128025 0.9148855031249999 0.6664291765625 0.9059879515624999 0.65748203125