2 0.0759869984375 0.1212780703125 0.10995319218749999 0.142102228125 0.13957980625 0.099725271875 0.10783697343750001 0.081501665625 0.0759869984375 0.1212780703125
2 0.3102317625 0.829307796875 0.3449681953125 0.838207184375 0.3540465609375 0.812312078125 0.3176807140625 0.8046578156249999 0.3102317625 0.829307796875
2 0.29103955312499996 0.87459268125 0.302054015625 0.8670693249999999 0.2928006890625 0.8171258984374999 0.27134468125 0.8205517875 0.29103955312499996 0.87459268125
2 0.8803105718750001 0.6844803578125 0.949570259375 0.6451799140625 0.92506936875 0.5969602953125 0.85481411875 0.6342114249999999 0.8803105718750001 0.6844803578125
2 0.8888421875000001 0.1809321109375 0.92516895 0.1844227015625 0.9186646140624999 0.1331934921875 0.8872446640625 0.1351849953125 0.8888421875000001 0.1809321109375
2 0.8858923578125 0.24944398125 0.9031679984375 0.25122027812500003 0.892332603125 0.19478905 0.8746025015625 0.19808639374999998 0.8858923578125 0.24944398125
2 0.988791503125 0.17030308125 0.955172821875 0.21073848750000002 0.980389653125 0.23603165312500002 0.990762559375 0.2267468 0.988791503125 0.17030308125
2 0.6381333812500001 0.08915550156249999 0.6821845468750001 0.12687861875 0.7061290390625 0.0986789140625 0.6620970890625 0.0615508015625 0.6381333812500001 0.08915550156249999
2 0.3444517171875 0.31356029531249996 0.37093988125 0.341188640625 0.3918298921875 0.31398833125 0.369788915625 0.29126089374999997 0.3444517171875 0.31356029531249996
2 0.27795868437500004 0.48303723437499996 0.3050178984375 0.5100499609375 0.3274811921875 0.48487723125000004 0.30795530625 0.45819554843750004 0.27795868437500004 0.48303723437499996
2 0.1816474921875 0.66545331875 0.20449545468750002 0.690829209375 0.2235660109375 0.669639809375 0.1981123953125 0.6440578578125 0.1816474921875 0.66545331875
2 0.2226467390625 0.411802325 0.2438198140625 0.44021038749999997 0.26387016874999997 0.4219620234375 0.24054735 0.397493884375 0.2226467390625 0.411802325
2 0.2427550390625 0.12080922812499999 0.2679526546875 0.1455073875 0.29329260156250003 0.11755600937499999 0.2661061421875 0.09263024375 0.2427550390625 0.12080922812499999
2 0.8053926062500001 0.1707601390625 0.8317074765625 0.14247609375 0.8060308468749999 0.1192830671875 0.7801326625 0.1442771265625 0.8053926062500001 0.1707601390625
2 0.13365751718750002 0.2429957953125 0.1468141421875 0.22885302031250002 0.12112156249999999 0.20833718124999998 0.11394092656249999 0.22226970625 0.13365751718750002 0.2429957953125
2 0.14908241718749998 0.2258001234375 0.1627287703125 0.20866812499999998 0.1376555921875 0.1875334171875 0.12339513124999998 0.20409275 0.14908241718749998 0.2258001234375
2 0.22378581406250003 0.240442559375 0.240468065625 0.2422395765625 0.25217470625 0.2144672265625 0.24396405156249998 0.2064254390625 0.22378581406250003 0.240442559375
2 0.19231303125000002 0.1380363734375 0.206768559375 0.1440761859375 0.22002298437499998 0.10940811875 0.2053161953125 0.10248591250000001 0.19231303125000002 0.1380363734375
2 0.9075182500000001 0.443802959375 0.9277063484375001 0.42703662812500004 0.9101590406250001 0.39939311875 0.8870422250000001 0.418342678125 0.9075182500000001 0.443802959375