2 0.9284531250000001 0.1540781265625 0.87734375 0.135078125 0.8702171859375 0.166546875 0.9177296875 0.1926734390625 0.9284531250000001 0.1540781265625
2 0.899953125 0.21642343749999998 0.8779375 0.1980171859375 0.8583374984375001 0.2241421859375 0.87971875 0.24373593906250002 0.899953125 0.21642343749999998
2 0.8634359375 0.2645171875 0.8191390625 0.2372046875 0.795978125 0.2651109375 0.8458671859375 0.2912359375 0.8634359375 0.2645171875
2 1 0.6664890625 0.9486140625000001 0.6326453125 0.9302015625 0.6605515625 1 0.7104265625 1 0.6664890625
2 0.8278124984374999 0.7695046875 0.7840999984375 0.7389265609375 0.7449 0.8000828125 0.7876624999999999 0.8315531249999999 0.8278124984374999 0.7695046875
2 0.7298421875 0.930709375 0.7009515625 0.9081453125 0.6795703140625 0.9408031250000001 0.707484375 0.9592093734375 0.7298421875 0.930709375
2 0.2925421875 0.5753484390625 0.27927187343750004 0.5673312484374999 0.24007343906249998 0.6439265625 0.24957656250000002 0.6557999999999999 0.2925421875 0.5753484390625
2 0.2578078125 0.5610968765625 0.2472 0.55605 0.2127531265625 0.61483125 0.22463124843750001 0.6273 0.2578078125 0.5610968765625
2 0.22040156249999998 0.56020625 0.210378125 0.5518937515625 0.1949359375 0.58276875 0.20800156250000001 0.5928625015625 0.22040156249999998 0.56020625
2 0.34341406406249997 0.4563 0.325596875 0.5038 0.3410390640625 0.5109250000000001 0.36123125 0.46045625 0.34341406406249997 0.4563
2 0.1259953125 0.0988609375 0.08921875 0.091734375 0.07496562500000001 0.1617984375 0.1135703125 0.1701109375 0.1259953125 0.0988609375
2 0.3121359375 0.1674390625 0.29055624999999996 0.1623921875 0.2786765625 0.21820468750000002 0.2970890625 0.2211734375 0.3121359375 0.1674390625
2 0.17587031250000001 0.3393296875 0.121884375 0.3310171859375 0.1135703125 0.3713921875 0.1634578125 0.3874234390625 0.17587031250000001 0.3393296875
2 0.125103125 0.416815625 0.088625 0.41473750000000004 0.08625000000000001 0.45689375 0.1218843765625 0.45808125000000005 0.125103125 0.416815625
2 0.2676046875 0.427503125 0.2519515625 0.42482968750000005 0.24660625 0.44858124843749997 0.2578906234375 0.45451874999999997 0.2676046875 0.427503125
2 0.277490625 0.43136093750000004 0.27036249843750004 0.45570625 0.281053125 0.46401875 0.2893671875 0.43076875000000003 0.277490625 0.43136093750000004