2 0.08502784375 0.31124738281250003 0.15627845468749998 0.2942854375 0.1507765203125 0.251853496875 0.07585680624999999 0.2613882125 0.08502784375 0.31124738281250003
2 0.13288121718749998 0.2176580515625 0.1676331203125 0.21282803125 0.16778321875 0.153213096875 0.1278054203125 0.1602868078125 0.13288121718749998 0.2176580515625
2 0 0.331835525 0.014627465624999999 0.3311150328125 0.015197239062500001 0.28993993906250004 0 0.2923044546875 0 0.331835525
2 0.25508328750000003 0.0812053828125 0.25800971875 0.0192614875 0.202985528125 0.0240754796875 0.20048194531250002 0.081512246875 0.25508328750000003 0.0812053828125
2 0.30300133125 0.015623240625000001 0.2698442 0.0182261046875 0.2723705765625 0.0448258875 0.3046867859375 0.041700575000000004 0.30300133125 0.015623240625000001
2 0.5283423859374999 0.1925959703125 0.52283058125 0.23181936250000001 0.6026296015625 0.23079803281250003 0.605182396875 0.191833521875 0.5283423859374999 0.1925959703125
2 0.5878816640625 0.5187745515625 0.627291625 0.5194987531249999 0.626753975 0.4724603671875 0.5887793359375 0.47310063593749996 0.5878816640625 0.5187745515625
2 0.53153785 0.5630411859375 0.5696644453124999 0.56268563125 0.5699827125 0.5322608671875 0.5321382640625 0.530803684375 0.53153785 0.5630411859375
2 0.4271803296875 0.52866196875 0.42929269375 0.5868869296875 0.4435967734375 0.5868290890625001 0.44331049218749996 0.5290388171875 0.4271803296875 0.52866196875
2 0.68227545625 0.7936262968750001 0.71970550625 0.7921396453125 0.721718559375 0.753818371875 0.6845710656249999 0.7517041953125 0.68227545625 0.7936262968750001
2 0.5868239984375 0.9223744281249999 0.608922371875 0.9228251421874999 0.6065790640625 0.8687909453125 0.5849363109375 0.868599946875 0.5868239984375 0.9223744281249999
2 0.7823607078125 0.8677180468750001 0.79522123125 0.8648032734375001 0.7993492796874999 0.7893438453125 0.783645996875 0.7895256671875 0.7823607078125 0.8677180468750001
2 0.19328574375000002 0.5264764093750001 0.22878451875 0.5233706687499999 0.2272620859375 0.46509409843749994 0.1948217640625 0.46644221249999995 0.19328574375000002 0.5264764093750001
2 0.16179955625 0.5822766984375 0.21777761718750002 0.581552946875 0.21607754843750002 0.5280584921875 0.1650748796875 0.5352027296874999 0.16179955625 0.5822766984375
2 0.2044599765625 0.9540388906249999 0.24394549843750002 0.9487963 0.2357231328125 0.8684572125000001 0.20182647656250002 0.87350728125 0.2044599765625 0.9540388906249999
2 0.053231165625 0.363498728125 0.0520906 0.398167559375 0.13652955625000002 0.392866171875 0.1347529078125 0.36173066249999997 0.053231165625 0.363498728125
2 0.9650501828125 0.09299756406250001 0.9434718328124999 0.092502921875 0.940298053125 0.12436954687499999 0.9684916093749999 0.1323332453125 0.9650501828125 0.09299756406250001
2 0.363900678125 0.997903384375 0.3988597109375 0.995440884375 0.395838125 0.9200109484375 0.36241537031250004 0.9309797359375 0.363900678125 0.997903384375
2 0.893466296875 0.611244534375 0.9085154171875001 0.6129079984375 0.9129962234375 0.5716887421875 0.8988744671875001 0.5708366046875 0.893466296875 0.611244534375
2 0.9208694796874999 0.57010589375 0.9187068625 0.6203606140625 0.9336540421875 0.6208409578125 0.9407555796875 0.5725382125 0.9208694796874999 0.57010589375