2 0.0093293390625 0.6149666296875 0.045319071875 0.604609653125 0.0295263234375 0.546953059375 0.002613884375 0.5510733375 0.0093293390625 0.6149666296875
2 0.20324012656249998 0.43345269062499997 0.2763641078125 0.4300573 0.27074506249999997 0.3870318640625 0.197600359375 0.3910206421875 0.20324012656249998 0.43345269062499997
2 0.45316586406250003 0.7256295203125 0.5020221421875 0.7157363671875 0.48762365937499996 0.6521795265625 0.4356531390625 0.661665309375 0.45316586406250003 0.7256295203125
2 0.4883628 0.48237219062500003 0.5187245328125 0.47540255625 0.5088926734375 0.434013903125 0.4741163046875 0.4441016828125 0.4883628 0.48237219062500003
2 0.5606723359375 0.5527120453125 0.5928729640625 0.5446152718749999 0.57646610625 0.4875313453125 0.5464337203125 0.4977847890625 0.5606723359375 0.5527120453125
2 0.456592178125 0.270684459375 0.49047952031250003 0.2644304859375 0.479910565625 0.22718113281250002 0.4506121 0.23329673125 0.456592178125 0.270684459375
2 0.6740329296875001 0.6708824453125 0.7066937453125 0.6675608921875 0.6986197140625 0.6268293 0.6667863890625 0.6376155296875 0.6740329296875001 0.6708824453125
2 0.7992676296875 0.5661001812500001 0.8356358890625 0.561421253125 0.8157149390624999 0.503023259375 0.7832259500000001 0.515572053125 0.7992676296875 0.5661001812500001
2 0.7076504875 0.57479715 0.7645618375 0.5571538296874999 0.7516193296875 0.5198215890625 0.6971968890625 0.5316028859374999 0.7076504875 0.57479715
2 0.58805945 0.762462803125 0.6078284984375 0.7622619859374999 0.6095407640625 0.7301975234375 0.5978291437500001 0.72562506875 0.58805945 0.762462803125
2 0.567808590625 0.67966499375 0.5782733171875 0.6737844390625 0.555718915625 0.6057777484375 0.540244159375 0.607022821875 0.567808590625 0.67966499375
2 0.7646187234374999 0.9060402218749999 0.8206483140625 0.888664728125 0.8085067390624999 0.8454099562499999 0.7527522546875 0.8613097765625 0.7646187234374999 0.9060402218749999
2 0.77229768125 0.7775221109375 0.7604382328125 0.743201378125 0.7076891187500001 0.7580147968750001 0.7219412796875 0.7918249734375 0.77229768125 0.7775221109375
2 0.8906129625 0.433066421875 0.9054313359374999 0.4323956671875 0.89021125625 0.37535318281249996 0.8776796515624999 0.37729358125 0.8906129625 0.433066421875
2 0.9138825718750001 0.429418484375 0.9278005390624999 0.4206848328125 0.911760421875 0.37015675937500003 0.8955040609375 0.376726234375 0.9138825718750001 0.429418484375
2 0.8460327171875001 0.1549005171875 0.8804561218750001 0.144801975 0.8592752078125001 0.07148998749999999 0.8287101453125001 0.0799393671875 0.8460327171875001 0.1549005171875
2 0.8816980453125 0.1275942109375 0.9184966546875 0.1092485375 0.8965688374999999 0.057325075 0.8656079578125 0.07706439375 0.8816980453125 0.1275942109375
2 0.8460420031250001 0.07816503281250001 0.8647547250000001 0.0675162984375 0.8544954125 0.0213551328125 0.8320847671875 0.0342527453125 0.8460420031250001 0.07816503281250001
2 0.8712131484375 0.07101413906250001 0.8936864515625 0.054844843750000004 0.8713644328125 0.014209814062500001 0.8547444546875 0.014223543750000001 0.8712131484375 0.07101413906250001
2 0.5566699765625 0.0555679546875 0.6126936656249999 0.045032359375 0.6091961203125 0.00921816875 0.5525261296874999 0.0173531828125 0.5566699765625 0.0555679546875
2 0.9422360484375 0.840860209375 0.9541835921875 0.8380051203125 0.9475338984375 0.8074356765624999 0.9326717484374999 0.8081064671875 0.9422360484375 0.840860209375