2 0.0550359453125 0.7420719359375 0.023530359375 0.730520696875 0.012158315625 0.76816486875 0.044356400000000004 0.7780438562499999 0.0550359453125 0.7420719359375
2 0.155841665625 0.11945303125 0.145187978125 0.11536747656249999 0.127079771875 0.176165525 0.139572046875 0.18458748125 0.155841665625 0.11945303125
2 0.307070384375 0.8344924515625 0.299070621875 0.832185034375 0.285028909375 0.8962771015625 0.302193609375 0.9002274828125 0.307070384375 0.8344924515625
2 0.4832456109375 0.78452953125 0.46228199999999997 0.8432047078125 0.5139710749999999 0.8596546921874999 0.5335262390625 0.801894171875 0.4832456109375 0.78452953125
2 0.5209328265625001 0.3761249 0.5016382187499999 0.469754671875 0.535167634375 0.4774885828125 0.5555858015624999 0.387132703125 0.5209328265625001 0.3761249
2 0.6806776343750001 0.9369732828125 0.649617171875 0.9176238671875 0.623434684375 0.97276008125 0.650432971875 0.993672515625 0.6806776343750001 0.9369732828125
2 0.7425498546875 0.69153475625 0.7155156234375 0.6760746203125 0.6969437843749999 0.7124951312500001 0.72685988125 0.728262721875 0.7425498546875 0.69153475625
2 0.8924182203125 0.7567760703124999 0.8314588437499999 0.7183241375 0.7822064953125001 0.81620735625 0.8351743421875 0.8520501156250001 0.8924182203125 0.7567760703124999
2 0.684058340625 0.3276372796875 0.7002682984375 0.33411788593749997 0.7210713 0.2823908390625 0.7089210296874999 0.2734345640625 0.684058340625 0.3276372796875
2 0.625802740625 0.01684463125 0.588668284375 0.008951459375 0.5862005906250001 0.027001584375 0.6195073015625 0.04075830625 0.625802740625 0.01684463125
2 0.5154886640624999 0.2790593796875 0.5255980375 0.2799941640625 0.5447600734375 0.20485175781249998 0.52747633125 0.202693925 0.5154886640624999 0.2790593796875
2 0.8294811796875001 0.09995798593750001 0.7980264406249999 0.0938790890625 0.7914263859374999 0.12252503125 0.8183838265625001 0.1321990109375 0.8294811796875001 0.09995798593750001
2 0.7497225015625 0.06722237343750001 0.73726416875 0.105851275 0.770386778125 0.1183548359375 0.786040290625 0.08465419375 0.7497225015625 0.06722237343750001
2 0.82207506875 0.27745471093749996 0.7899794953125 0.37139703125 0.8275822828124999 0.38849497187500004 0.8639865312499999 0.29455796562500003 0.82207506875 0.27745471093749996
2 0.5882255296875 0.89546945 0.5739321921875 0.8942507531249999 0.5657341312499999 0.9271080421875 0.5801915921874999 0.928058115625 0.5882255296875 0.89546945
2 0.9786961875 0.3423103234375 0.9637712281249999 0.3354958359375 0.9311442921875001 0.42355857343750003 0.9444766203125001 0.4291256109375 0.9786961875 0.3423103234375