2 0.9374619953125001 0.8442802765625 0.9339748578125 0.8107817546874999 0.8966896984374999 0.8150065312500001 0.8983669390625 0.8485210046875 0.9374619953125001 0.8442802765625
2 0.8382374609375001 0.918823403125 0.8440460609375 0.9424825671875 0.8720224359375001 0.9370445109375 0.8691280406249999 0.9128188828124999 0.8382374609375001 0.918823403125
2 0.3476203375 0.969807090625 0.35049166718749997 0.9550171703125001 0.28417804375 0.9654909640625 0.284579996875 0.9768940875000001 0.3476203375 0.969807090625
2 0.9487708921875001 0.5430441328125 0.9457004546875 0.5257004078125 0.8832855328125 0.5468960359375 0.8842873000000001 0.5551614359375 0.9487708921875001 0.5430441328125
2 0.82560495625 0.3466112765625 0.7647953046875 0.351179484375 0.7684572765625 0.4042479515625 0.830659196875 0.4006188375 0.82560495625 0.3466112765625
2 0.46553704375000005 0.4764239328125 0.37438600312500003 0.492933765625 0.3777932609375 0.529133090625 0.4715189265625 0.510309803125 0.46553704375000005 0.4764239328125
2 0.9030176531249999 0.1396295875 0.9036295234375 0.1785625203125 0.9456734328125 0.1770371375 0.9396433890625 0.1413476328125 0.9030176531249999 0.1396295875
2 0.886948175 0.20165569374999998 0.8956491015625 0.16863250000000002 0.8316396515625 0.1629462953125 0.8259647109375001 0.199098021875 0.886948175 0.20165569374999998
2 0.6186507328124999 0.235683828125 0.6214757265624999 0.20198502812500002 0.5815368953125 0.2018930890625 0.5778688796875 0.2328189859375 0.6186507328124999 0.235683828125
2 0.68080354375 0.11667549375 0.6931007921875 0.053913453125 0.58303360625 0.03844671875 0.571457140625 0.1095844890625 0.68080354375 0.11667549375
2 0 0.1611541921875 0.029358646874999998 0.16178234375 0.030276071874999998 0.12292938906249999 0 0.121363425 0 0.1611541921875
2 0.213310271875 0.38152946718749997 0.2098134671875 0.3962133484375 0.26942195625 0.397920884375 0.2690536515625 0.380467365625 0.213310271875 0.38152946718749997
2 0.030921409374999997 0.6054671421875 0.0305705703125 0.569432975 0.006098090625 0.5729818078125 0.0133419765625 0.6102483656250001 0.030921409374999997 0.6054671421875
2 0.2108254578125 0.5741217421875 0.2155924578125 0.590874640625 0.2905711828125 0.5720709859374999 0.287481609375 0.5624000109375 0.2108254578125 0.5741217421875
2 0.0386630984375 0.3792318171875 0.0370349328125 0.3506374390625 0.00302083125 0.35301984375 0.0097155234375 0.384349296875 0.0386630984375 0.3792318171875
2 0.0430452421875 0.400228303125 0.0059073234375 0.3989870609375 0.0040517390624999995 0.43922891562500005 0.0444776890625 0.43560335625 0.0430452421875 0.400228303125
2 0.2693624859375 0.2420274046875 0.16866874375000002 0.2452212296875 0.1693012265625 0.290483709375 0.26831632656250004 0.28332165 0.2693624859375 0.2420274046875
2 0.8674706562500001 0.27260700625 0.8626962218750001 0.25892761875 0.8295590875000001 0.264265746875 0.8340221250000001 0.27789901562499997 0.8674706562500001 0.27260700625
2 0.2611738 0.13299763281250002 0.261088928125 0.11854994375000001 0.1678043859375 0.1209721015625 0.1673632640625 0.13737323125 0.2611738 0.13299763281250002