2 0.37889421562500003 0.2921759484375 0.37652794843750004 0.21873748437499999 0.337297084375 0.21969807812500003 0.3438226875 0.29336185625 0.37889421562500003 0.2921759484375
2 0.4422072609375 0.254466590625 0.4447912515625 0.292062675 0.5395538765625 0.283682546875 0.5410897453125 0.2480208671875 0.4422072609375 0.254466590625
2 0.4325994296875 0.4317336046875 0.430448240625 0.39904193593750004 0.3874988765625 0.40379310625000003 0.38889129218749996 0.4315455234375 0.4325994296875 0.4317336046875
2 0.6463625171875 0.497219409375 0.6532544890625 0.536384365625 0.68665320625 0.52851653125 0.680838815625 0.4897406984375 0.6463625171875 0.497219409375
2 0.3119733 0.7188100265624999 0.30540598281250003 0.6541437734375 0.22196366875 0.66530885 0.23992811249999998 0.7375424640625 0.3119733 0.7188100265624999
2 0.1293440921875 0.79298440625 0.1198994109375 0.731820759375 0.0822314765625 0.7391441671875 0.0831207828125 0.79279148125 0.1293440921875 0.79298440625
2 0.366126171875 0.8779051156250001 0.3468283234375 0.8008871421875 0.298843640625 0.8119876359375 0.3097206671875 0.8891701875000001 0.366126171875 0.8779051156250001
2 0.49818595156249995 1 0.5504086484374999 0.9863463265625001 0.54141716875 0.9492907640625001 0.49048690781250004 0.963690953125 0.49737053906249995 1 0.49818595156249995 1
2 0.8376864718749999 0.7410010578125 0.8377737656249999 0.7029561453125 0.7707499062500001 0.70344915 0.7713038296875 0.7415277640625 0.8376864718749999 0.7410010578125
2 0.8435226921875 0.59746200625 0.8378223031250001 0.5772593953125 0.808150115625 0.5895667984374999 0.8092411765625 0.6055016109375 0.8435226921875 0.59746200625
2 0.8352424796875001 0.5725026453125001 0.83410533125 0.5354610375 0.8145955562499999 0.5371600515625 0.8168136921875 0.572781740625 0.8352424796875001 0.5725026453125001
2 0 0.514275309375 0.028904940624999997 0.50676393125 0.0252232265625 0.4714462359375 0 0.477964759375 0 0.514275309375
2 0.2152422234375 0.3357534265625 0.17965304375 0.3372596921875 0.18497109375 0.39009100625 0.22192033906250003 0.38615157031249997 0.2152422234375 0.3357534265625
2 0.7349066 0.214534975 0.6978199546875 0.2171682984375 0.6964380171875 0.2560126328125 0.7448080921875 0.2487669984375 0.7349066 0.214534975
2 0.6880347984374999 0.2544045953125 0.68781514375 0.21820384062499998 0.66604124375 0.218798565625 0.6643300765625 0.255774878125 0.6880347984374999 0.2544045953125
2 0.49527854062500004 0.18154178906250001 0.4965603640625 0.16611525625 0.44215364687500003 0.1704190796875 0.4432272078125 0.18447933593750002 0.49527854062500004 0.18154178906250001
2 0.9434519375000001 0.520190225 0.9314632984375001 0.447986125 0.877881334375 0.4601612109375 0.882180309375 0.5364722609375 0.9434519375000001 0.520190225