2 0.1461024734375 0 0.11375664062499999 0.05192258749999999 0.1394113359375 0.0607935203125 0.1695709515625 0 0.1461024734375 0
2 0.0890050828125 0 0.0810438390625 0.015479946875000001 0.1044730125 0.027005728125 0.11910319843749999 0 0.0890050828125 0
2 0.7969766703125 0.9813112515625001 0.8640933937499999 0.9979530078125001 0.8764015609375001 0.950606453125 0.8086242125 0.9308543078125 0.7969766703125 0.9813112515625001
2 0.9246184156249999 1 0.9298790046875001 0.9741068078125 0.9142186890625 0.9701235796875001 0.9025124828125 1 0.9246184156249999 1
2 0.38481475781249996 0.8348742281250001 0.410438278125 0.8401364796875 0.4353267328125 0.7665283406250001 0.410880909375 0.7605524734375 0.38481475781249996 0.8348742281250001
2 0.214221109375 0.7008499406250001 0.2616091546875 0.7167715859375 0.2759180765625 0.687176884375 0.2221075828125 0.6657293906249999 0.214221109375 0.7008499406250001
2 0.122018415625 0.9451037453125 0.16542731875 0.9519790390624999 0.1763300734375 0.9286979765625001 0.143276859375 0.9129427171875 0.122018415625 0.9451037453125
2 0.018095559375 0.705254625 0.04905865625 0.7185748125 0.0741123484375 0.6894796140625 0.0359241265625 0.6741133500000001 0.018095559375 0.705254625
2 0.11933517499999999 0.4988618890625 0.1577778203125 0.4953321875 0.1594299421875 0.4583224875 0.11825866249999999 0.461720590625 0.11933517499999999 0.4988618890625
2 0.12071955937500001 0.44076949218749994 0.12194680937499999 0.45959955468749997 0.1521455265625 0.4511572359375 0.152493371875 0.43377894531249994 0.12071955937500001 0.44076949218749994
2 0.6202295359375001 0.6545419609375001 0.6697192890625 0.664784971875 0.68252206875 0.6181210703125 0.63371766875 0.5947612828125 0.6202295359375001 0.6545419609375001
2 0.5941938078125 0.0330328921875 0.5522009046874999 0.0020352484375 0.5284609578125 0.030436796874999998 0.5725674125 0.06327207343749999 0.5941938078125 0.0330328921875
2 0.5101416000000001 0.9737535640624999 0.56669931875 0.9887229375000001 0.5773077484375 0.9483225671875 0.519885078125 0.9320123125 0.5101416000000001 0.9737535640624999