2 0.5976290234375 0.3132579328125 0.6367366265625 0.3216849890625 0.6449217875000001 0.26888547812499997 0.6082411828125001 0.26079878437500004 0.5976290234375 0.3132579328125
2 0.9302981921875 0.2681436453125 0.9665439593749999 0.28343871875 0.9763080531250001 0.24838230156250002 0.9428948390624999 0.23458057656250003 0.9302981921875 0.2681436453125
2 0.9616610031249999 0.1090249203125 0.9368902421874999 0.09789695937500001 0.9213998359375 0.14370458749999998 0.9657884359375 0.156949771875 0.9616610031249999 0.1090249203125
2 0.9121129187499999 0.4360282765625 0.962005296875 0.450486053125 0.9794583140625001 0.37491963125 0.9252466859374999 0.3564381703125 0.9121129187499999 0.4360282765625
2 0.97478353125 0.606159409375 0.98909829375 0.5264451765625 0.9323047484375 0.5145053734375 0.9195752875000001 0.5922619234375001 0.97478353125 0.606159409375
2 1 0.8753888578125 0.9933854562500001 0.8740591249999999 0.9844576359375001 0.908432196875 1 0.911383365625 1 0.8753888578125
2 0.8319762562499999 0.741768778125 0.8867789687500001 0.7575030921875 0.8995721124999999 0.6689919093750001 0.8424997781249999 0.6600649390625 0.8319762562499999 0.741768778125
2 0.3651053265625 0.11799202812500001 0.31120359531249997 0.1051496921875 0.308199046875 0.1400926734375 0.3587255265625 0.153886784375 0.3651053265625 0.11799202812500001
2 0.2070422234375 0.051619275 0.20594831406249997 0.08098825468750001 0.2414780625 0.095166115625 0.2498473078125 0.05547856718750001 0.2070422234375 0.051619275
2 0.076471303125 0.0820594078125 0.042276978124999996 0.0749070046875 0.027843371875 0.13075447812500002 0.0689995375 0.1359811203125 0.076471303125 0.0820594078125
2 0.2419199296875 0.23004631718750002 0.22441674374999998 0.22830228125000002 0.2028219171875 0.2792307328125 0.221982384375 0.28467964375 0.2419199296875 0.23004631718750002
2 0.023123542187500002 0.26199648125 0.0392260625 0.2674698546875 0.0488999484375 0.2121226484375 0.02776571875 0.20956935156249998 0.023123542187500002 0.26199648125
2 0.07866210312500001 0.34153465 0.1184207125 0.3504903046875 0.12421924531249999 0.31525366250000003 0.084822234375 0.30924510625 0.07866210312500001 0.34153465
2 0.3571422640625 0.650181975 0.419840715625 0.6728461078125 0.4361881203125 0.582470378125 0.37030779062499997 0.5652137749999999 0.3571422640625 0.650181975
2 0.3375329265625 0.78179645625 0.395041259375 0.7948567453125001 0.4076818703125 0.728751434375 0.3518459046875 0.7134258015625 0.3375329265625 0.78179645625
2 0.21972902656249998 0.8711937953125 0.2309267921875 0.8300164875 0.175938053125 0.812512234375 0.1651731796875 0.8578231875 0.21972902656249998 0.8711937953125
2 0.29351388749999996 0.9482156093749999 0.33237184375 0.95428239375 0.34341876718750003 0.8841654453125001 0.3026670484375 0.8762097015625001 0.29351388749999996 0.9482156093749999
2 0.138543665625 0.9680873312499999 0.20515910625 0.982576934375 0.2062130359375 0.9505255640625 0.1470657875 0.9355495312500001 0.138543665625 0.9680873312499999
2 0.6552977453125 0.9698942203125 0.7147724140625 0.9789269062500001 0.7228896421875 0.931146365625 0.6677788734375001 0.9199252265625001 0.6552977453125 0.9698942203125
2 0.637832640625 0.7753085468750001 0.719651340625 0.7923809390625001 0.725798096875 0.7562121671875001 0.64710441875 0.7385128125 0.637832640625 0.7753085468750001
2 0.6385048734375001 0.8385220703125 0.6964176765625 0.8497503562500001 0.7056972 0.8120567046874999 0.6429269890625 0.8010420140625 0.6385048734375001 0.8385220703125
2 0.7074841828125 0.8527663625 0.7455952640625 0.8630876484375 0.756179540625 0.8407825390625 0.7174686390625 0.8284315828125 0.7074841828125 0.8527663625
2 0.841411734375 0.820180803125 0.7895297484375 0.8095142640624999 0.778086278125 0.8617622781250001 0.8303969859375 0.8744748984375 0.841411734375 0.820180803125
2 0.825817 0.96725565 0.8258134671875 0.950181234375 0.75568525 0.9306860828125 0.7426299046875 0.9759989671874999 0.825817 0.96725565
2 0.53303274375 0.6418444890624999 0.549601471875 0.6460732515625 0.5602382125 0.5954025796875 0.541933921875 0.5901621921875 0.53303274375 0.6418444890624999
2 0.126510621875 0.47859802812499996 0.15974051250000001 0.48226967343749993 0.1678880734375 0.4688743265625 0.1314205703125 0.4604682953125 0.126510621875 0.47859802812499996