2 0.9409612546874999 0.9121068187500001 0.9136400578125 0.8967278765625 0.90591243125 0.9113585125 0.938827146875 0.9255810484375001 0.9409612546874999 0.9121068187500001
2 0.9339574296875 0.95063395 0.9365072718749999 0.9402281578125 0.9036309328125001 0.9257633296875 0.9014582046875 0.9394813953125001 0.9339574296875 0.95063395
2 0.7947102734375 0.7784371171875 0.7703669015625 0.8448481671874999 0.85042548125 0.8707408703124999 0.8756997921874999 0.7984720828125 0.7947102734375 0.7784371171875
2 0.95293166875 0.8365285984374999 0.9305124593749999 0.8300526703125 0.923929021875 0.8469479906249999 0.949962346875 0.8552761578125001 0.95293166875 0.8365285984374999
2 0.6624897062499999 0.9262559703125 0.6961914421875 0.9412027281249999 0.7137104843750001 0.88752463125 0.6749461859375 0.8741774843749999 0.6624897062499999 0.9262559703125
2 0.4765539859375 0.7148334421875 0.4708083546875 0.7283368125 0.5202695140625 0.7443637484375001 0.5236509578125 0.7325029468750001 0.4765539859375 0.7148334421875
2 0.47335087343750004 0.69330639375 0.5421476671875001 0.7144128125 0.5438811015625 0.6996728203125 0.47891098281250005 0.6809743578125 0.47335087343750004 0.69330639375
2 0.21500055625 0.57851731875 0.1949499875 0.6329967625 0.2427276953125 0.64636828125 0.266202609375 0.5968370046875 0.21500055625 0.57851731875
2 0.5547193781249999 0.1188375671875 0.522105040625 0.1767311390625 0.5664470406250001 0.20230606406249999 0.601508559375 0.1346548703125 0.5547193781249999 0.1188375671875
2 0.0962349390625 0.166935084375 0.08041970000000001 0.202264753125 0.1423754109375 0.2324043921875 0.15906940625 0.19910753125 0.0962349390625 0.166935084375
2 0.3799565265625 0.10256864843749999 0.37035084375 0.12146583281250001 0.4075152234375 0.1411089625 0.41600402187499996 0.1178869390625 0.3799565265625 0.10256864843749999
2 0.1672503546875 0.0070208453125 0.16020558437500002 0.0287266609375 0.19641508125 0.0392265953125 0.19950609531250002 0.012129653125 0.1672503546875 0.0070208453125
2 0.03092295625 0.7235284390625 0.021528924999999997 0.756271384375 0.05874005 0.777537115625 0.07490595312500001 0.7304946625000001 0.03092295625 0.7235284390625
2 0.648160640625 0.0184946125 0.6378420390625 0.0305064375 0.6718518109375 0.0473038546875 0.6848131375000001 0.0242997984375 0.648160640625 0.0184946125