2 0.906262896875 0.2319302453125 0.902332040625 0.14754779843750002 0.8448050734375 0.14489734375000002 0.848551053125 0.23820545625 0.906262896875 0.2319302453125
2 0.7738443609375001 0.1392866734375 0.7328620078125 0.1380836859375 0.7305467734375 0.18496655312500002 0.7780753 0.17690795937499998 0.7738443609375001 0.1392866734375
2 0.62377494375 0.0101706234375 0.587138328125 0.006965334375 0.5967869046875001 0.060020654687499994 0.631819371875 0.052357275 0.62377494375 0.0101706234375
2 0.459119396875 0.2315514296875 0.40004862656249995 0.23293960625 0.3966171765625 0.2993934125 0.4584306625 0.2991407890625 0.459119396875 0.2315514296875
2 0.37897029375 0.20844680625 0.3783741390625 0.17442162187500002 0.34147877968749996 0.1741737859375 0.34279061875 0.21362574687500002 0.37897029375 0.20844680625
2 0.3706552171875 0.5689078249999999 0.314614346875 0.5765212625 0.31635194218749996 0.6315085093749999 0.3755018375 0.6244650843749999 0.3706552171875 0.5689078249999999
2 0.04375313125 0.82758985625 0.007033578125 0.8321271140625001 0.018258428125 0.8807906031250001 0.050571851562500006 0.878551509375 0.04375313125 0.82758985625
2 0.2282289703125 0.454528059375 0.2101924375 0.45652617500000003 0.2180815578125 0.53648678125 0.2317671109375 0.53231995 0.2282289703125 0.454528059375
2 0.1926247515625 0.487174175 0.17797569062500002 0.4912567109375 0.1805000046875 0.523662534375 0.19832690625 0.5267137984375 0.1926247515625 0.487174175
2 0.0770677359375 0.0044188140625 0.042441476562500004 0.0073495890625 0.0366579890625 0.07836733125 0.0814446015625 0.0766219125 0.0770677359375 0.0044188140625
2 0.20071329062499998 0.0748382 0.161579140625 0.07976022656250001 0.165617628125 0.1152786125 0.20429325 0.11151007500000001 0.20071329062499998 0.0748382
2 0.22395185 0.7688529468749999 0.1878755375 0.7728504640625 0.184813703125 0.8214544984375 0.22376483593750002 0.8177100640624999 0.22395185 0.7688529468749999
2 0.43491061562500005 0.8689639187499999 0.43047573124999994 0.8107621671875 0.407401453125 0.8158956453125 0.4123743859375 0.87474205625 0.43491061562500005 0.8689639187499999