2 0.5359375 0.95703125 0.046875 0.04765625
2 0.1454003375 0.583254421875 0.1976911375 0.5892781874999999 0.210212340625 0.546108259375 0.165006421875 0.5263856421875001 0.1454003375 0.583254421875
2 0.375118065625 0.3279187953125 0.37724180625 0.3785236609375 0.43100045781249996 0.3884913625 0.43401845781250004 0.3544090078125 0.375118065625 0.3279187953125
2 0.68576569375 0 0.6845863046875 0.0022255984375 0.7209561578125 0.027277340625 0.7350814531250001 0 0.68576569375 0
2 1 0.47588651249999997 0.9981790437500001 0.45801161874999996 0.9600823140625 0.465445596875 0.9674420671874999 0.5119132468750001 1 0.50803008125 1 0.47588651249999997
2 0.058112517187500004 0.358935 0.016046525 0.35018756406249996 0.014052789062500001 0.42615505000000004 0.050495398437500005 0.42598647031250003 0.058112517187500004 0.358935
2 0 0.5313802671875 0.009844107812499999 0.593533515625 0.053208759375000005 0.593670221875 0.057871809375000006 0.52568658125 0 0.52254294375 0 0.5313802671875
2 0.2966158296875 0.7400435015625 0.2959040828125 0.7709778859374999 0.3345813359375 0.7760587343750001 0.3387489578125 0.7403752640625 0.2966158296875 0.7400435015625
2 0.6748074953125001 0.2748698578125 0.669338534375 0.3067617828125 0.7103634453125001 0.31527861874999996 0.7123899328125 0.2825271296875 0.6748074953125001 0.2748698578125
2 1 0.6582176828125 0.9365463734375 0.6578129781250001 0.9354052546875 0.6676880671875 1 0.6719057875 1 0.6582176828125
2 0.8242484718749999 0.7060079765625 0.8229351156250001 0.6920224953125 0.76743871875 0.6984108203125 0.77327723125 0.7125006328125 0.8242484718749999 0.7060079765625
2 0.8229481078124999 0.68640125625 0.819717021875 0.6679087234375001 0.8016598968749999 0.6677660984375 0.8022834578125 0.686885190625 0.8229481078124999 0.68640125625