2 0.5390599296875 0.0938842 0.6364591453124999 0.0515602796875 0.617588959375 0.0008308109375000001 0.5118181015625 0.04411671875 0.5390599296875 0.0938842
2 0.653065990625 0.13460449218749998 0.68711655 0.11764470625000001 0.667107778125 0.0730007515625 0.63248283125 0.0829292953125 0.653065990625 0.13460449218749998
2 0.6043913734374999 0.1960643875 0.6877166796874999 0.16497367031250001 0.670947221875 0.12659842968749999 0.5889526625 0.1573075625 0.6043913734374999 0.1960643875
2 0.9434336765625 0.428482328125 0.9943749703125 0.413875146875 0.9939012765624999 0.40846080625000003 0.9808784906250001 0.3630449546875 0.9272337281249999 0.38706507968750004 0.9434336765625 0.428482328125
2 0.8001486625 0.42638484062500004 0.8366738640625 0.413032703125 0.8206739578125 0.3873917765625 0.7870049828125001 0.4056823109375 0.8001486625 0.42638484062500004
2 0.70750743125 0.47022313281250006 0.7394610703125 0.4509842984375 0.7217303312500001 0.394172315625 0.6808268 0.40733975312500004 0.70750743125 0.47022313281250006
2 0.577612684375 0.5851997234375 0.667209765625 0.5407957890625 0.632333725 0.454354075 0.54349214375 0.49134217500000005 0.577612684375 0.5851997234375
2 0.9880086140625 0.8101139453125 0.9624601875 0.73107223125 0.8762767218749999 0.7572234796874999 0.912671865625 0.8389123578125 0.9880086140625 0.8101139453125
2 0.3420490953125 0.5980478796875001 0.463606625 0.54447943125 0.4291249296875 0.4795141015625 0.3087049140625 0.526998965625 0.3420490953125 0.5980478796875001
2 0.2250484359375 0.6373563109375 0.27679294374999996 0.6167597796875001 0.2689703765625 0.5844567953124999 0.2113299390625 0.6096210359375 0.2250484359375 0.6373563109375
2 0.2376342953125 0.6812484203125 0.3015513875 0.652844215625 0.287646471875 0.6294812640624999 0.2282926296875 0.653698275 0.2376342953125 0.6812484203125
2 0.160830359375 0.7953966109375 0.1189076796875 0.699459046875 0.06792548281250001 0.72271406875 0.10261403437500001 0.8135300390625 0.160830359375 0.7953966109375
2 0.108566871875 0.5930253624999999 0.08341852968749999 0.5455362890625 0.032055175000000005 0.5674620640625 0.0553013296875 0.6183736609375 0.108566871875 0.5930253624999999
2 0.1712707265625 0.44981115000000005 0.15829646875 0.3945139703125 0.10160712499999999 0.4179669515625 0.11666805625000001 0.4654682125 0.1712707265625 0.44981115000000005
2 0.1787295671875 0.5110087171875 0.2592039546875 0.48505435468749997 0.2409158265625 0.45143345156250003 0.1737594203125 0.47356894687500006 0.1787295671875 0.5110087171875
2 0.48484618125 0.427550059375 0.5029085234374999 0.40509691718749996 0.4907106296875 0.372608375 0.46407617031250004 0.3802456828125 0.48484618125 0.427550059375
2 0.559505671875 0.537131746875 0.53021395625 0.5556089125 0.54869000625 0.584857059375 0.570754403125 0.571332621875 0.559505671875 0.537131746875
2 0.5442553140624999 0.49400367031250003 0.5178155890625 0.5073425453125 0.52906281875 0.5415438531250001 0.5587376203125001 0.524397003125 0.5442553140624999 0.49400367031250003
2 0.5334942109374999 0.41949278124999995 0.4891422671875 0.4371470421875 0.4986193984375 0.46158133437500004 0.554062265625 0.44383193906249996 0.5334942109374999 0.41949278124999995
2 0.5306254671875 0.3987177890625 0.4906762859375 0.41449352656249994 0.4951738203125 0.4323323859375 0.5457238046875 0.414752271875 0.5306254671875 0.3987177890625
2 0.5238988484375 0.4592691140625 0.4999302109375 0.4704608765625 0.515037459375 0.499451034375 0.5372966765625 0.4930683078125 0.5238988484375 0.4592691140625
2 0.5855534265625 0.458868671875 0.5732253765624999 0.43957073593749996 0.526553428125 0.4620644484375 0.5291336156249999 0.48183312031250003 0.5855534265625 0.458868671875