2 0.8488819781249999 0.521585940625 0.8991655625 0.5099770593749999 0.8935513125 0.4698361828125 0.8396633953125001 0.4737444328125 0.8488819781249999 0.521585940625
2 0.66745639375 0.17347256718749998 0.7460403906249999 0.115416415625 0.728476303125 0.0844311359375 0.6471719499999999 0.1409841484375 0.66745639375 0.17347256718749998
2 0.8693921234375 0.13050824218749998 0.87291966875 0.1747870796875 0.9236001593750001 0.1569928859375 0.9195886828125 0.1237943953125 0.8693921234375 0.13050824218749998
2 0.8812233453125 0.2898686921875 0.92032996875 0.2890682890625 0.9201157140625 0.2473744375 0.8802774093749999 0.2462141796875 0.8812233453125 0.2898686921875
2 0.24956662500000001 0.3595287328125 0.253315503125 0.40741268125 0.3246758515625 0.4000783671875 0.3255503125 0.351125434375 0.24956662500000001 0.3595287328125
2 0.1537039609375 0.7881104734375 0.0612736453125 0.81493400625 0.0757811234375 0.856677928125 0.1715910390625 0.8339490984375001 0.1537039609375 0.7881104734375
2 0.3905588015625 0.6511635359375 0.3976377296875 0.6818257453125 0.446587934375 0.6723528046875 0.43852716249999996 0.63216578125 0.3905588015625 0.6511635359375
2 0.35099868437500004 0.5457339109375 0.3598567046875 0.5814696953125 0.396846228125 0.5729299906249999 0.388832346875 0.5382180578125 0.35099868437500004 0.5457339109375
2 0.5218304703125 1 0.5266215546875 0.9995808343749999 0.5240894875000001 0.9737706296875001 0.490075084375 0.9767485296875 0.4883748828125 1 0.5218304703125 1
2 0.699202390625 0.313612103125 0.71197305625 0.30792160625 0.7045647109375001 0.2550919109375 0.6880696296875 0.2601188375 0.699202390625 0.313612103125
2 0.672615790625 0.31975010312499996 0.688706534375 0.3178617625 0.6783322640625 0.2574919421875 0.661570053125 0.261361803125 0.672615790625 0.31975010312499996
2 0.7857101375 0.11874997812500002 0.818177825 0.09967462499999999 0.8025461640625 0.0703776015625 0.7714293062500001 0.0885317234375 0.7857101375 0.11874997812500002
2 0.1017422125 0.1200472203125 0.14027941093750002 0.1053612078125 0.138063253125 0.0716873 0.0848900515625 0.08396329999999999 0.1017422125 0.1200472203125
2 0.3062311453125 0.13560374375 0.34884950625 0.1230223640625 0.3320444109375 0.068096503125 0.2854945828125 0.0800621140625 0.3062311453125 0.13560374375
2 0.3350625546875 0.342226309375 0.37147354843749997 0.3338201703125 0.368572596875 0.29488098281249997 0.3349161359375 0.30204182031250004 0.3350625546875 0.342226309375
2 0.46383641718749996 0.5202926328124999 0.47451479062499996 0.542811428125 0.506119721875 0.5214993890625 0.4910397671875 0.4957312046875 0.46383641718749996 0.5202926328124999