2 0.5793811578125 0.14224342343750002 0.5399312296875001 0.15548052968749998 0.54944103125 0.20843337499999998 0.596697628125 0.19538120625 0.5793811578125 0.14224342343750002
2 0.505251946875 0.7462770484375 0.5362560656250001 0.7375556453125001 0.5172659796875 0.644994459375 0.47951207343749996 0.6505812609375 0.505251946875 0.7462770484375
2 0.5581297671875001 0.6801877078125 0.57024599375 0.7283240890625 0.6044501609374999 0.719646284375 0.5879421296875 0.6700141234375 0.5581297671875001 0.6801877078125
2 0.4493912796875 0.97696143125 0.48048145 0.97011664375 0.4633989578125 0.8908133609375 0.430368675 0.9003125359374999 0.4493912796875 0.97696143125
2 0.3314295921875 0.9497412265625 0.390835784375 0.9371132031249999 0.366345265625 0.8434818 0.30352831875 0.8631430203124999 0.3314295921875 0.9497412265625
2 0.2990690265625 1 0.2886064796875 0.967449790625 0.21111120625000002 0.9902015234375 0.2143984078125 1 0.2990690265625 1
2 0.9829635734375 0.7676919437499999 0.9928601015625 0.7619850453125 0.9855538062500001 0.7247221515625 0.9720204953125 0.7257814796875001 0.9829635734375 0.7676919437499999
2 0.8677777843750001 0.8487951812500001 0.9014709 0.8371335906249999 0.8935202875 0.806476278125 0.8601249078125001 0.81452729375 0.8677777843750001 0.8487951812500001
2 0.7601523578125 0.8551291328125 0.7445082968750001 0.7911751687499999 0.7241657796875 0.794530309375 0.740391759375 0.8604885453125 0.7601523578125 0.8551291328125
2 0.6774344984375 0.9661261906249999 0.7472969484374999 0.9393085093750001 0.7450930640625 0.92196511875 0.6715993453125 0.9422268109375 0.6774344984375 0.9661261906249999
2 0.8698352140625 0.8922704765624999 0.8666499953125 0.8740318015625 0.8295076609375001 0.8800215046875 0.82917924375 0.907876840625 0.8698352140625 0.8922704765624999
2 0.37551840468750003 0.4348317671875 0.40698829375 0.43228982031249996 0.408456715625 0.4062881265625 0.37180032343749997 0.40477571093750003 0.37551840468750003 0.4348317671875
2 0.3531665625 0.44786378281249994 0.32038101874999997 0.4420035234375 0.3090481640625 0.48705898124999997 0.34874476875 0.48771901875 0.3531665625 0.44786378281249994
2 0.22453128281249998 0.32488664218749996 0.2442334375 0.3198676625 0.23766180312500002 0.2696029125 0.2173343375 0.273271946875 0.22453128281249998 0.32488664218749996