2 0.035841928125 0.3693818984375 0.014295501562499998 0.3889426109375 0.042568540625 0.41837825312500004 0.0638633359375 0.40031557656250005 0.035841928125 0.3693818984375
2 0.2294839359375 0.7094338015625 0.19603852187499998 0.6719437578125 0.161490178125 0.70407873125 0.19290714375 0.7482137296875 0.2294839359375 0.7094338015625
2 0.2567478859375 0.6176295390625001 0.233206771875 0.633134396875 0.2609479828125 0.675082209375 0.2853372953125 0.64913114375 0.2567478859375 0.6176295390625001
2 0.391187403125 0.5873974 0.41706762656249996 0.5711753890625 0.3999267171875 0.538778075 0.371799459375 0.5482787874999999 0.391187403125 0.5873974
2 0.03283031875 0.48191248125 0.007980515625 0.49510610312500003 0.0205516 0.525661934375 0.0452660171875 0.5038542203125 0.03283031875 0.48191248125
2 0.845837559375 0.3994687359375 0.8306914187500001 0.371128834375 0.805921125 0.384615571875 0.8205812625 0.4162510484375 0.845837559375 0.3994687359375
2 0.78501338125 0.394927053125 0.766250596875 0.3655875625 0.743366296875 0.3807575875 0.7610657 0.4140190421875 0.78501338125 0.394927053125
2 0.8015510875 0.67648020625 0.7805053375 0.682934253125 0.77894438125 0.6856916 0.7932492578125 0.722102215625 0.8155725453124999 0.7173649125 0.8015510875 0.67648020625
2 0.6026770124999999 0.8486259546875001 0.59348506875 0.8205685718750001 0.5585761609375 0.83191110625 0.568006209375 0.8557940578125001 0.6026770124999999 0.8486259546875001
2 0.5143851296874999 0.8413602750000001 0.4988325015625 0.8166090671875 0.478004271875 0.827213665625 0.49446058125 0.8578631624999999 0.5143851296874999 0.8413602750000001
2 0.8169633 0.063860584375 0.8044905265625 0.0752164203125 0.8355351984375 0.12353288437500001 0.8452347 0.11499949375 0.8169633 0.063860584375
2 0.8784115703125 0.0689656890625 0.8624253749999999 0.0359117296875 0.849235365625 0.044926896875 0.8692135390625 0.07479725625 0.8784115703125 0.0689656890625
2 0.34278013125 0.8991095937500001 0.31633796406250003 0.915954053125 0.334198546875 0.9393936140625 0.361201015625 0.9219252250000001 0.34278013125 0.8991095937500001
2 0.53531973125 0.9348005125000001 0.5135005984375 0.903837503125 0.48908932031249996 0.9167108578125 0.5065089390625 0.9517691062500001 0.53531973125 0.9348005125000001