2 0.40957257656249996 0.5604537203125 0.43282229843750003 0.5575829375 0.41694038125 0.465471771875 0.392280934375 0.4681694625 0.40957257656249996 0.5604537203125
2 0.4510781125 0.6070514921875 0.4679715765625 0.5976763453125 0.46542218281250003 0.5601547203125 0.441480090625 0.56866440625 0.4510781125 0.6070514921875
2 0.402599375 0.6755178203125001 0.416327203125 0.6686159390624999 0.409721725 0.6291653125 0.388599084375 0.6380211828125 0.402599375 0.6755178203125001
2 0.5334710078125 0.7402448374999999 0.5484104828125 0.7234748765625 0.5047780562499999 0.670890465625 0.48595558906249997 0.684321696875 0.5334710078125 0.7402448374999999
2 0.5653039484375 0.7140997296875 0.583062875 0.6976759515625 0.5606276640625001 0.670591465625 0.5425223625 0.6898362453125 0.5653039484375 0.7140997296875
2 0.6209330859375 0.773881065625 0.637379253125 0.721518484375 0.61905126875 0.7192680921875 0.603297471875 0.76599176875 0.6209330859375 0.773881065625
2 0.6180895015625001 0.8436577515625 0.6296156734375 0.7964149828125 0.6144533265625001 0.7916913234375 0.601344334375 0.8401707234375 0.6180895015625001 0.8436577515625
2 0.7411214296875 0.94892528125 0.7448041296875 0.860647328125 0.7118580578125 0.8608949953125 0.706419446875 0.9518193078125 0.7411214296875 0.94892528125
2 0.6809227828125 0.35799986875 0.6775208953125 0.40079646875 0.7343862734375 0.4111742828125 0.7377964953125 0.3625146828125 0.6809227828125 0.35799986875
2 0.6836293421875 0.2756077640625 0.6807629093750001 0.354276065625 0.7114889609375 0.3605187234375 0.71419551875 0.27812661875 0.6836293421875 0.2756077640625
2 0.4243117609375 0.45206707812499997 0.4461517578125 0.449023203125 0.4436015125 0.3299278125 0.41859607031249996 0.33544340156249997 0.4243117609375 0.45206707812499997