1 0.21824829375000002 0.8066789468750001 0.19204948125000001 0.803216771875 0.1860113296875 0.8606659499999999 0.2129477171875 0.8638521484374999 0.21824829375000002 0.8066789468750001
1 0.20926597343750003 0.78094123125 0.1952540921875 0.7794685234375 0.1926399 0.8043408953125001 0.20665178125 0.8058136031249999 0.20926597343750003 0.78094123125
1 0.1433518171875 0.6532392609375 0.080018740625 0.63914506875 0.078933971875 0.6528442250000001 0.1416398796875 0.6661639312500001 0.1433518171875 0.6532392609375
1 0.100812865625 0.6165385546875 0.0976266671875 0.6434749421875 0.14587743125 0.6527977171875 0.1494134296875 0.6258965234375 0.100812865625 0.6165385546875
1 0.27555896875 0.7500122421875 0.3151858453125 0.7807414671874999 0.34491804843749996 0.7438440749999999 0.304628646875 0.7126917171875 0.27555896875 0.7500122421875
1 0.40054955468750003 0.8679860890625 0.427456034375 0.8708140734375001 0.43226080624999996 0.83066040625 0.40483718125 0.82719204375 0.40054955468750003 0.8679860890625
1 0.43050815625 0.8722990546875 0.45712715625 0.875096825 0.46150591875 0.8334356812499999 0.43488691875 0.8306379109375 0.43050815625 0.8722990546875
1 0.81987126875 0.520521509375 0.8641928890624999 0.5525485765625 0.8895073859375 0.520791003125 0.8440857890625001 0.487405578125 0.81987126875 0.520521509375
1 0.7921184718750001 0.4255487171875 0.8141108828125001 0.4017358515625 0.7788992296874999 0.36983673437500003 0.7568637 0.3940598421875 0.7921184718750001 0.4255487171875
1 0.8150204140625 0.42463763125 0.8041179421875 0.41395511875 0.79380255 0.42531094999999997 0.8044241375000001 0.43471962499999994 0.8150204140625 0.42463763125
1 0.8252942421875 0.4136922046875 0.821667528125 0.4087500984375 0.8106163375 0.41919905 0.8151497687499999 0.42340691093749994 0.8252942421875 0.4136922046875
1 0.8255970296875 0.28061358593749997 0.808885884375 0.25812485 0.7989570015624999 0.2657883546875 0.814028575 0.2881063359375 0.8255970296875 0.28061358593749997
1 0.7956069671875 0.2384823453125 0.8082378765625 0.2563976515625 0.8561317015625001 0.2228671109375 0.842487053125 0.2027729671875 0.7956069671875 0.2384823453125