2 0.2405159296875 0.5163975078124999 0.2262268484375 0.5499483781250001 0.303048378125 0.5942029343749999 0.3161055734375 0.563376934375 0.2405159296875 0.5163975078124999
2 0.351794903125 0.5162988937499999 0.25820668750000003 0.4551421953125 0.24149839375 0.493779903125 0.336906434375 0.5449873484375 0.351794903125 0.5162988937499999
2 0.2971229875 0.43538765156250003 0.282276115625 0.449121265625 0.3585982515625 0.4949942125 0.3711514828125 0.47559351875000005 0.2971229875 0.43538765156250003
2 0.2503394234375 0.3925433765625 0.22114214062499998 0.3769910734375 0.2004428515625 0.40915665937499995 0.2350164140625 0.42477087812500003 0.2503394234375 0.3925433765625
2 0.32390164375 0.3878137265625 0.31262148125 0.416347015625 0.3796711453125 0.4646707 0.40200465 0.4313755421875 0.32390164375 0.3878137265625
2 0.7617809984374999 0.616902578125 0.8660598546875 0.6835593859375 0.8964693140625 0.6356598921875001 0.7876706359375001 0.5668250859375 0.7617809984374999 0.616902578125
2 0.9078939515625001 0.6156940078125 0.884422165625 0.6606829203125 0.92298653125 0.6827708125 0.9490428156249999 0.6313489203125 0.9078939515625001 0.6156940078125
2 1 0.3823279375 0.998270109375 0.38145744062500003 0.9776017749999999 0.427986990625 1 0.44274190312500006 1 0.3823279375
2 0.660500225 0.57454854375 0.6360568046874999 0.6128347062499999 0.7037753343750001 0.6703269953125 0.7319632390625 0.6210197078124999 0.660500225 0.57454854375
2 0.660519759375 0.686445928125 0.6701252078125 0.6325759359375 0.622585775 0.6226710062499999 0.6156365046875 0.671960246875 0.660519759375 0.686445928125
2 0.47411800312499996 0.47985814531250004 0.46571191093750003 0.5093441078125001 0.507677946875 0.5378317609375001 0.52356155625 0.501038546875 0.47411800312499996 0.47985814531250004
2 0.39715120000000004 0.6146155234374999 0.39013213125 0.6376899203125 0.4567151328125 0.67518539375 0.466772740625 0.6493009828125 0.39715120000000004 0.6146155234374999
2 0.4991046859375 0.7294559046875 0.46889359375 0.7562645515625 0.5042940703125 0.7797601671875001 0.52576915625 0.75345625625 0.4991046859375 0.7294559046875
2 0.5843086703125 0.8637815265625 0.6138884531250001 0.8859626687500001 0.6472660765625 0.8455447328125001 0.6147058875 0.82084094375 0.5843086703125 0.8637815265625
2 0.521238390625 0.9194649374999999 0.5482538609375001 0.9479146671875001 0.586603475 0.9035561046874999 0.55378191875 0.8834169859375001 0.521238390625 0.9194649374999999
2 0.45883115625000004 0.9746331250000001 0.4937872171875 0.9968761796875001 0.5136799109375 0.9664077578124999 0.491173815625 0.9475163265625 0.45883115625000004 0.9746331250000001
2 0.313713440625 0.8897966140625 0.2895699046875 0.930512434375 0.31804320937499997 0.9519610828125 0.3440594484375 0.9106093734374999 0.313713440625 0.8897966140625
2 0.26336136875 0.973443103125 0.30815001406250003 0.9789424578125001 0.32551098125 0.9666572812500001 0.2906965125 0.9408250390624999 0.26336136875 0.973443103125
2 0.1222432171875 0.895008928125 0.105607284375 0.9330573125000001 0.154336378125 0.9600565171875 0.1721001703125 0.9298745328125 0.1222432171875 0.895008928125
2 0.0410180390625 0.898799259375 0.022004299999999997 0.9269811921875 0.055471571875 0.9418613671875 0.0699919046875 0.913747959375 0.0410180390625 0.898799259375
2 0.286817753125 0.1977636703125 0.3163870890625 0.21515785781250002 0.3286594546875 0.18099256875 0.300444959375 0.164731315625 0.286817753125 0.1977636703125
2 0.274846115625 0.11012803593750001 0.2405724375 0.096943475 0.2292094703125 0.1212791328125 0.2598127359375 0.1399966875 0.274846115625 0.11012803593750001
2 0.5154378562499999 0.0361505 0.502399971875 0.0692552140625 0.544500284375 0.0917772640625 0.5608188671875001 0.058749503125000005 0.5154378562499999 0.0361505