2 0.5177161515625001 0.44988150468750004 0.5501837640625 0.437944834375 0.535204296875 0.3399858234375 0.50040764375 0.3506544984375 0.5177161515625001 0.44988150468750004
2 0.4468216265625 0.2364945171875 0.457384625 0.2909275703125 0.5329500265625 0.26861367187499996 0.521731475 0.2159400640625 0.4468216265625 0.2364945171875
2 0.599464453125 0.1945930265625 0.5783947515625 0.08899494062499999 0.5210903625000001 0.098283515625 0.5432373640625 0.21193816875000002 0.599464453125 0.1945930265625
2 0.6450918406249999 0.4056123828125 0.6824122296875 0.393546559375 0.6672527046875001 0.31489145937499996 0.631987046875 0.321977521875 0.6450918406249999 0.4056123828125
2 0.5656053437499999 0.4212541234375 0.6014851125 0.41359539375 0.5883180984374999 0.331742259375 0.5548518203125 0.3382954828125 0.5656053437499999 0.4212541234375
2 0.82160916875 0.27988209531249997 0.9033136109375001 0.2613472484375 0.8883264484375 0.20497736562500002 0.8099630031249999 0.222440659375 0.82160916875 0.27988209531249997
2 0.9409011156249999 0.1280919203125 0.92065478125 0.03489260625 0.9186052578125 0.034713295312499996 0.8871930890625 0.0504671265625 0.90599758125 0.1408362546875 0.9409011156249999 0.1280919203125
2 1 0.062027442187500004 0.9682550593749999 0.0746859015625 0.9916039124999999 0.15392403593749998 1 0.1520740453125 1 0.062027442187500004
2 0.8734765078125 0.61321091875 0.89002311875 0.6164622421875 0.8979264765625 0.52494638125 0.8835956046875 0.5274164953125 0.8734765078125 0.61321091875
2 0.8372875328125 0.6297689671875 0.8508592437500001 0.6320252375 0.8586518234374999 0.5788272875 0.8408673515625 0.5782062390625 0.8372875328125 0.6297689671875
2 0.4224982796875 0.10018604843750001 0.46965949062499995 0.0884654359375 0.4616147 0.033823264062500004 0.4106656203125 0.048085106249999995 0.4224982796875 0.10018604843750001
2 0.05991944375 0.5230116781249999 0.080747346875 0.5204713890625 0.0679076171875 0.44724430625 0.04337418125 0.45292281093750003 0.05991944375 0.5230116781249999
2 0.1493949609375 0.6972420296874999 0.16193095 0.693519446875 0.153767846875 0.6569951234375 0.14170535625 0.6625150093750001 0.1493949609375 0.6972420296874999
2 0.029106639062500002 0.9294995734375 0.046828945312499995 0.9319007859375 0.053233178125 0.9184598515625 0.0357802515625 0.9083445921875001 0.029106639062500002 0.9294995734375
2 0.045803856250000004 0.8932477140625 0.070329753125 0.904798190625 0.07679620625 0.88957553125 0.0539659703125 0.880462278125 0.045803856250000004 0.8932477140625
2 0.0662372375 0.8690085625 0.088823371875 0.87544135 0.09322398750000001 0.8610392828125001 0.07278657656250001 0.85141235 0.0662372375 0.8690085625
2 0.0784124875 0.8432912453125001 0.10112480312500001 0.854482896875 0.1160161765625 0.8202473687499999 0.08962884531250001 0.811006771875 0.0784124875 0.8432912453125001
2 0.18123402187499998 0.8052940171875 0.171700196875 0.8233785578124999 0.19586064375 0.8283810421875 0.2022648765625 0.814940109375 0.18123402187499998 0.8052940171875
2 0.1714838828125 0.84654136875 0.19269086562499999 0.8576804546875 0.199043246875 0.8391877609374999 0.1808948828125 0.8320187734375001 0.1714838828125 0.84654136875
2 0.20734287343750002 0.8394775890625 0.225894140625 0.8499282593749999 0.23132441875 0.8325900265625 0.209046184375 0.824682709375 0.20734287343750002 0.8394775890625
2 0.21439926250000002 0.87536915625 0.23535042499999997 0.8850140281250001 0.239015584375 0.867317096875 0.21904555937499998 0.8612742843750001 0.21439926250000002 0.87536915625
2 0.23560337343749999 0.8630407203124999 0.2589602703125 0.8715782515624999 0.2614479140625 0.8538433296875001 0.23976156093749998 0.8459551187500001 0.23560337343749999 0.8630407203124999
2 0.2509178921875 0.9004104546875 0.2684165015625 0.9066655812500001 0.27608465 0.8935642781249999 0.25805900312499996 0.8828364703125 0.2509178921875 0.9004104546875
2 0.26815951875 0.8825950765625 0.28925103124999996 0.8904593859375 0.2915268984375 0.8762817390625001 0.2710066 0.8690283609374999 0.26815951875 0.8825950765625
2 0.2787300546875 0.9197991453125001 0.2996107265625 0.9309252734375001 0.3043865390625 0.91594219375 0.28642472812499997 0.9034311515625 0.2787300546875 0.9197991453125001
2 0.3011402109375 0.9069155890625 0.3162024765625 0.9145724812499999 0.32516470468750003 0.8988428624999999 0.309448884375 0.8899780515625 0.3011402109375 0.9069155890625
2 0.3186684328125 0.9318878390625001 0.336183521875 0.9402229343749999 0.342547875 0.9279688328125 0.32628016406250004 0.917894959375 0.3186684328125 0.9318878390625001
2 0.32900291406250004 0.907888575 0.348151503125 0.920441059375 0.356782678125 0.9112366765625 0.3383724734375 0.8945527578125001 0.32900291406250004 0.907888575