2 0.024186965625 0.1808578296875 0.0016970062500000001 0.21094228125 0.06729334375 0.26679464375 0.092421575 0.2433971296875 0.024186965625 0.1808578296875
2 0.211957665625 0.6835548625000001 0.16556029375 0.7085870265625 0.1872973453125 0.7628302375 0.23914483125000002 0.7385825609375 0.211957665625 0.6835548625000001
2 0.377543590625 0.15456235000000002 0.3217705171875 0.19845255312500001 0.3472652921875 0.23003545781249998 0.40316423281249997 0.1836661625 0.377543590625 0.15456235000000002
2 0.3352051859375 0.3480862359375 0.37306316562499997 0.3845416953125 0.416006925 0.3579229046875 0.3726797734375 0.31426408906250003 0.3352051859375 0.3480862359375
2 0.6345831921875 0.267323646875 0.6037493453125 0.2786813390625 0.6265068546875 0.3228792921875 0.659758659375 0.3118350140625 0.6345831921875 0.267323646875
2 0.85457556875 0.62674946875 0.7957799046875 0.6634382421875 0.8267115734375 0.72089631875 0.893283040625 0.6837986390624999 0.85457556875 0.62674946875
2 0.5393508578125 1 0.5997789328125 0.9904291328125 0.600163265625 0.9903333078125 0.5642503453125001 0.9451318796875 0.5198636046875 0.9757803953125 0.5392792484375 1 0.5393508578125 1
2 0.34981194531250004 0.8853893015625 0.300676165625 0.9092684453125001 0.31462685625 0.9458713578125 0.36548583125 0.9237043125 0.34981194531250004 0.8853893015625
2 0.301891378125 0.8183986781250001 0.2857572109375 0.81997366875 0.312078103125 0.8767455625 0.3237479921875 0.8741418968750001 0.301891378125 0.8183986781250001
2 0.8818565749999999 0.7508998953125 0.8520301421875001 0.7638438015625 0.8853984531249999 0.8274255515625001 0.9169591125000001 0.8131313625000001 0.8818565749999999 0.7508998953125
2 1 0.7521552046875 0.9668243171875 0.7749976453125 0.994881040625 0.8236892703124999 1 0.8215369796875001 1 0.7521552046875
2 0.7376002734375 0.9046645578125 0.7700135312499999 0.9479848796875 0.807471496875 0.9386455609375 0.7666750343750001 0.8830351249999999 0.7376002734375 0.9046645578125
2 0.5214521546875 0.1425470625 0.49090286875 0.1599546828125 0.5073536515625 0.19103883593749998 0.5408746125 0.176255890625 0.5214521546875 0.1425470625
2 0.463593675 0.0749729921875 0.4277049578125 0.10533849531249999 0.45640756250000003 0.1376514140625 0.4943977859375 0.1052321296875 0.463593675 0.0749729921875
2 0.46064914218749997 0 0.44970639375 0.0017331609375 0.46338979687500004 0.0294352765625 0.5114556125 0.0189809390625 0.49794846875000004 0 0.46064914218749997 0
2 0.428707346875 0.11426747500000001 0.4001694171875 0.13974219375000002 0.411395071875 0.152853421875 0.44425304375 0.12997315625 0.428707346875 0.11426747500000001
2 0.0892738234375 0.08838376875000001 0.054782609375 0.09735055000000001 0.1051728875 0.13496484375 0.1280937390625 0.1090564484375 0.0892738234375 0.08838376875000001
2 0.3240303671875 0.673969803125 0.2942027625 0.6893633203125 0.307295721875 0.7124117328125 0.33841764375 0.6997551421875 0.3240303671875 0.673969803125