2 0.5761594859375 0.87126903125 0.5768503968750001 0.8934939703125 0.6513397375000001 0.8799602046875 0.6483370015625 0.8536131484375 0.5761594859375 0.87126903125
2 0.536804375 0.6003460328125 0.5485758 0.6609047609375 0.5930777203125001 0.6502424984374999 0.5818134109375 0.5891808953125001 0.536804375 0.6003460328125
2 0.445078559375 0.6574552125 0.452457634375 0.6705232546875 0.5284338703125 0.6537477796875 0.5219172703125 0.6388932859375 0.445078559375 0.6574552125
2 0.443465225 0.6335965765625 0.446651415625 0.6468763609375 0.5182405640625001 0.633981146875 0.5167902140625 0.6187403703125 0.443465225 0.6335965765625
2 0.3764189765625 0.587409771875 0.3726398 0.6177555984375 0.40743842187499996 0.6147415828125 0.409139259375 0.5876983109375 0.3764189765625 0.587409771875
2 0.2991308921875 0.4574075890625 0.305808609375 0.491761475 0.3876167390625 0.475418671875 0.383870678125 0.4421439796875 0.2991308921875 0.4574075890625
2 0.2173003140625 0.43161808749999997 0.221511478125 0.4906236578125 0.30216984375 0.47615339375000004 0.290863771875 0.41176520156249996 0.2173003140625 0.43161808749999997
2 0.0616337859375 0.3869468 0.07174095625 0.4327201828125 0.14778238906250002 0.41782780312499995 0.1398814390625 0.366298003125 0.0616337859375 0.3869468
2 0.003085225 0.4871563984375 0.010441807812499999 0.525002728125 0.06373005312499999 0.517533559375 0.06217846875000001 0.47687796875000005 0.003085225 0.4871563984375
2 0.1681286203125 0.6454224265625 0.176426128125 0.6818777234375 0.2354233515625 0.6679935578125 0.22445512031249998 0.634905028125 0.1681286203125 0.6454224265625
2 0.1617856546875 0.2393724390625 0.17688991406250001 0.3077418625 0.23266600624999997 0.29440104843750003 0.2248794375 0.2216692578125 0.1617856546875 0.2393724390625
2 0.088447678125 0.23549951562500002 0.08953002812500001 0.2503947875 0.165562196875 0.23857468437499998 0.1616609078125 0.22006017187500002 0.088447678125 0.23549951562500002
2 0.086009775 0.2136141578125 0.088613125 0.2270072328125 0.16100525937500001 0.21046364843749998 0.1585253390625 0.1977055625 0.086009775 0.2136141578125
2 0.0892842234375 0.1900151578125 0.09363763124999999 0.20306805625000002 0.15484368125 0.18810032968749998 0.1533019625 0.173945375 0.0892842234375 0.1900151578125
2 0.3121469171875 0.1914119265625 0.3513120984375 0.1844038484375 0.3456395390625 0.1365587375 0.30529520468750004 0.1452636078125 0.3121469171875 0.1914119265625
2 0.737210609375 0.07857500625 0.7793221124999999 0.06495036562499999 0.7699564765625 0.0323270953125 0.7336177703125 0.042976825 0.737210609375 0.07857500625
2 0.8681037078125 0 0.8687637953125 0.0209761578125 0.9140642515625 0.0097543734375 0.9121681921875 0 0.8681037078125 0
2 0.1699199046875 0.0758439984375 0.175913540625 0.1284608296875 0.21347560781250002 0.1163253734375 0.202526078125 0.0646543609375 0.1699199046875 0.0758439984375
2 0.326566625 0.610999203125 0.3197312234375 0.6256221234375 0.35544225625000003 0.636629115625 0.359218715625 0.623383934375 0.326566625 0.610999203125