2 0.1364645109375 0.6651503421875 0.1872867453125 0.6561890125 0.1770793265625 0.608548684375 0.1259481640625 0.626006809375 0.1364645109375 0.6651503421875
2 0.123249846875 0.2421245828125 0.218271146875 0.2648603390625 0.22424883593749997 0.2270288296875 0.1273107625 0.2067396484375 0.123249846875 0.2421245828125
2 0 0.34824480156250004 0.0296548234375 0.34635125 0.0156008265625 0.30421404218750003 0 0.3085059078125 0 0.34824480156250004
2 0.0306666375 0.470072340625 0.06697721875 0.455528940625 0.050790779687499996 0.41497514375 0.0145727765625 0.43160923125000006 0.0306666375 0.470072340625
2 0.69089753125 0.3183856109375 0.675638640625 0.2728434 0.60241185625 0.294797315625 0.6223442375 0.33951705 0.69089753125 0.3183856109375
2 1 0.6216905328125 0.931340915625 0.629898446875 0.93278635 0.6790821625000001 1 0.6676480328125 1 0.6216905328125
2 0.6652699453124999 0.62737535625 0.6598054546875 0.5963846875 0.6082273296875 0.597639890625 0.616509671875 0.6377818359375 0.6652699453124999 0.62737535625
2 0.6608353296875 0.5202349015625 0.6550260953125 0.4838788328125 0.6172633484375 0.49174324374999995 0.623449565625 0.5268270203125 0.6608353296875 0.5202349015625
2 0.662942440625 0.9455206765625 0.6728778203125 0.97723028125 0.707340565625 0.9581910140625001 0.6954164234375 0.9349713609375 0.662942440625 0.9455206765625
2 0.229826765625 0.40601537812500005 0.24380567968750003 0.4062636109375 0.23315195625000001 0.352672884375 0.216003978125 0.354490715625 0.229826765625 0.40601537812500005
2 0.2551276390625 0.406074384375 0.27067708125 0.4015254578125 0.258030609375 0.3434628296875 0.2410888375 0.3464501203125 0.2551276390625 0.406074384375
2 0.050696182812500004 0.2558205296875 0.08803618125 0.26069334843749997 0.08937454218749999 0.227297334375 0.05363794374999999 0.2227447015625 0.050696182812500004 0.2558205296875
2 0.491837865625 0.093931053125 0.5359842109375 0.08885995468749999 0.5333704734375 0.02963119375 0.48584579375 0.0368052578125 0.491837865625 0.093931053125
2 0.553377590625 0.2968113734375 0.590178625 0.290322359375 0.574612075 0.25327513125 0.540833175 0.259834171875 0.553377590625 0.2968113734375
2 0.540187015625 0.5294502624999999 0.5412177171875 0.5045492296874999 0.5065799859375 0.4925695109375 0.502767246875 0.5221814578124999 0.540187015625 0.5294502624999999