2 0.543910959375 0.364021625 0.5451346234375001 0.4119926125 0.6174621265625 0.4221276734375 0.617273278125 0.3697586125 0.543910959375 0.364021625
2 0.542867440625 0.5153899562500001 0.53883159375 0.55404839375 0.643732634375 0.5608483265624999 0.639415071875 0.5244037609375 0.542867440625 0.5153899562500001
2 0.5243400984375 0.591537484375 0.53003871875 0.6272752406250001 0.5667038265625 0.6232186578125 0.5606645203125 0.590677690625 0.5243400984375 0.591537484375
2 0.46752155 0.5907148609374999 0.4667547953125 0.6239783531249999 0.49488824375 0.6262446500000001 0.493597071875 0.5898582546875 0.46752155 0.5907148609374999
2 0.2055716609375 0.4899365578125 0.214399865625 0.52632671875 0.2714941046875 0.5252935859375001 0.2634868546875 0.48501111249999995 0.2055716609375 0.4899365578125
2 0.67015575625 0.42006334531249995 0.6699673484375 0.47370315781250005 0.70821433125 0.4717792875 0.7075533187499999 0.4184510828125 0.67015575625 0.42006334531249995
2 0.8845585421875001 0.4563448265625 0.8796953546875 0.5005689890625 0.9185604156249999 0.502150415625 0.9197847171875001 0.4578047328125 0.8845585421875001 0.4563448265625
2 0.7751991687500001 0.2943281734375 0.7653463203124999 0.347866534375 0.81077904375 0.3525023390625 0.8209901671875001 0.3027054828125 0.7751991687500001 0.2943281734375
2 0.7251099953125 0.218833825 0.7252309 0.274227828125 0.7662948265625 0.2814411140625 0.770924803125 0.22391790781249998 0.7251099953125 0.218833825
2 0.792746725 0.1647452296875 0.78024438125 0.216943625 0.8462426890625 0.2287960140625 0.8552415640625 0.17382480312499998 0.792746725 0.1647452296875
2 0.9171057234375001 0.1964239734375 0.9532728031250001 0.1912525625 0.9474911328125 0.1584630796875 0.9116117718750001 0.1618559484375 0.9171057234375001 0.1964239734375
2 0.56423500625 0.26045174531250004 0.5564181484375 0.2913440765625 0.6123398718749999 0.30075763437499997 0.615517775 0.2657727359375 0.56423500625 0.26045174531250004
2 0.668388609375 0.34508423125 0.66535423125 0.3757361921875 0.7075548109375001 0.37913794375 0.7074756734375 0.346206065625 0.668388609375 0.34508423125
2 0.47092195625000005 0.15523661875 0.46134452656249997 0.2069176859375 0.510213090625 0.224200565625 0.5222234875 0.167511559375 0.47092195625000005 0.15523661875
2 0.52399616875 0.141662596875 0.5324687781249999 0.10764167656250001 0.49367525937499995 0.0927979015625 0.48224413750000006 0.133966146875 0.52399616875 0.141662596875
2 0.2883603796875 0.0362428203125 0.27624293906249997 0.06668922968749999 0.33470646249999997 0.08709877499999999 0.3451541421875 0.050601959375000005 0.2883603796875 0.0362428203125