2 0.3505247125 0.11450583750000001 0.36688623593749997 0.1450839265625 0.39795055 0.1197104359375 0.3785679609375 0.0917768125 0.3505247125 0.11450583750000001
2 0.1772294390625 0.1305942296875 0.2181291171875 0.1622685921875 0.252113778125 0.1158812390625 0.21094685000000002 0.0839509578125 0.1772294390625 0.1305942296875
2 0.334470053125 0.4230150234375 0.3100587703125 0.4650012390625 0.3389246828125 0.48523360000000004 0.36517701874999997 0.43598929843749995 0.334470053125 0.4230150234375
2 0.096430546875 0.61300210625 0.12017483749999999 0.5768611406249999 0.0932662421875 0.5574894703125 0.074952215625 0.5902612953124999 0.096430546875 0.61300210625
2 0.3599017703125 0.8028871515624999 0.3833650375 0.8192488687499999 0.41349800625000005 0.757865025 0.38965005625 0.7421740484375 0.3599017703125 0.8028871515624999
2 0.4092571828125 0.6422496671875 0.456519465625 0.6773271265624999 0.484351753125 0.619964825 0.43820267656249995 0.5973553515625001 0.4092571828125 0.6422496671875
2 0.528107534375 0.24055417499999998 0.5465026374999999 0.23459752968749997 0.530934215625 0.1668022453125 0.5147494890625001 0.1672444109375 0.528107534375 0.24055417499999998
2 0.8137961015625 0.2779045 0.8655279546875001 0.288075884375 0.8664539015624999 0.25234095 0.8201320781250001 0.2424198640625 0.8137961015625 0.2779045
2 0.8445997468750001 0.22062117812499998 0.8484128171875 0.221757559375 0.8579651328125 0.190530659375 0.826729596875 0.17734813124999999 0.8240155687499999 0.20978089375 0.8445997468750001 0.22062117812499998
2 0.63560495625 0.3174620984375 0.6660532421875 0.3148063359375 0.672065096875 0.28058784531250003 0.6378396203125 0.2811949484375 0.63560495625 0.3174620984375
2 0.629367903125 0.27696109999999996 0.630931678125 0.242018065625 0.6067068546875001 0.2378488203125 0.6041636015625 0.2678398328125 0.629367903125 0.27696109999999996
2 0.7445693906249999 0.2340388625 0.7114528734375 0.235356375 0.712200271875 0.265671521875 0.74556686875 0.2670230046875 0.7445693906249999 0.2340388625
2 0.8988277671875 0.374449390625 0.8907920890625001 0.42259178750000004 0.9200663312499999 0.4231575890625 0.930544928125 0.386944084375 0.8988277671875 0.374449390625
2 0.8605400234375 0.12315209062500002 0.8558359515625 0.16287079843750002 0.8878599859375 0.165363375 0.8916726140625 0.1255019859375 0.8605400234375 0.12315209062500002