2 0.611580990625 0.5268917828124999 0.5578276796875 0.5310300296875 0.5655528624999999 0.6016435109375 0.6171065203125 0.598579828125 0.611580990625 0.5268917828124999
2 0.5034482046875 0.43511838437500006 0.508362990625 0.4682358640625 0.5523392625 0.46237236406250004 0.5482913375 0.42619369531249995 0.5034482046875 0.43511838437500006
2 0.21996856875 0.48080069375 0.2200613015625 0.534068890625 0.29071455625 0.5337679890625 0.28458143593749996 0.47921189374999995 0.21996856875 0.48080069375
2 0.209477053125 0.143008240625 0.217385275 0.195920284375 0.31551467187500004 0.19636685625 0.310666546875 0.1421446421875 0.209477053125 0.143008240625
2 0.4452911140625 0.055846931249999995 0.4596543921875 0.0934351546875 0.5052165750000001 0.0807538796875 0.496065446875 0.04626854375 0.4452911140625 0.055846931249999995
2 0.23624023749999998 0.0461683015625 0.24596562031250002 0.1033457453125 0.3540086984375 0.0861774703125 0.34426594062500004 0.0232067296875 0.23624023749999998 0.0461683015625
2 0 0.31097261249999997 0.026327610937500003 0.3094460921875 0.027543451562499998 0.27518524843750003 0 0.27431846718749997 0 0.31097261249999997
2 0.040164684374999995 0.24032275468750003 0.0415326359375 0.2724529640625 0.0781092046875 0.2674738359375 0.07367599999999999 0.23805742031250002 0.040164684374999995 0.24032275468750003
2 0.68630578125 0.321567228125 0.70225951875 0.35235907499999997 0.8036699921875 0.31969364375 0.7959273109375 0.2861229640625 0.68630578125 0.321567228125
2 0.3830422140625 0.96527968125 0.38874585625 0.99354109375 0.4244701796875 0.9916919312499999 0.4184694984375 0.957749378125 0.3830422140625 0.96527968125
2 0.9837734984375001 0.7871953015625001 0.9383480609375001 0.7962437640625 0.94033471875 0.8255731953125001 0.9952461984375001 0.8211871734375 0.9837734984375001 0.7871953015625001
2 0.8650105859374999 0.47120101718749996 0.89073705 0.5408379828125 0.9066676234375001 0.5358160890625 0.8828045093749999 0.46924144375 0.8650105859374999 0.47120101718749996
2 0.9422115984375001 0.48029404062500003 0.9550405359375 0.513512021875 0.9880902703125001 0.49907990937499996 0.9754909546875 0.46836258124999997 0.9422115984375001 0.48029404062500003
2 0.8642212 0.29042889843749997 0.881415903125 0.347057003125 0.9178182984375001 0.33125572187499996 0.89496549375 0.2808573265625 0.8642212 0.29042889843749997
2 0.6498714140625 0 0.65523615 0.0154724375 0.68633195 0 0.6498714140625 0