2 0.7157413874999999 0.7841538921875 0.7272834875 0.8191793984375 0.799241665625 0.7961873265625 0.7851595765625 0.7585753421875 0.7157413874999999 0.7841538921875
2 0.4941175890625 0.5827461640625 0.5092325375 0.6346849609375 0.5551970984375 0.6198467890625 0.5417677375000001 0.5697800234375 0.4941175890625 0.5827461640625
2 0.337755165625 0.66197605625 0.3422538953125 0.67826976875 0.4124021078125 0.6557789703125 0.40983919999999996 0.636612321875 0.337755165625 0.66197605625
2 0.36762665625 0.69327761875 0.3762742984375 0.7097903328124999 0.42364397968749995 0.6908607156250001 0.41967751406250003 0.6757855921875 0.36762665625 0.69327761875
2 0.407610615625 0.7245161546875 0.4250233703125 0.7212652 0.4203692671875 0.70793616875 0.4015841125 0.714684153125 0.407610615625 0.7245161546875
2 0.3240275734375 0.1411109703125 0.298144571875 0.1698441734375 0.3425885171875 0.195366103125 0.36539669375 0.1686090609375 0.3240275734375 0.1411109703125
2 0.366146078125 0.0862400828125 0.35411511406249996 0.1002202171875 0.39653149062500004 0.130395534375 0.41085290937499996 0.11806096875000001 0.366146078125 0.0862400828125
2 0.1739361578125 0.061005384375000006 0.14643048281249998 0.0923087484375 0.167716396875 0.1059132890625 0.1925854921875 0.08521146562500001 0.1739361578125 0.061005384375000006
2 0.1622938203125 0.14131238125 0.1335979390625 0.11597113750000002 0.11236515 0.152375415625 0.135150121875 0.1714111625 0.1622938203125 0.14131238125
2 0.0425301203125 0.180235275 0.016163509375 0.178488896875 0.014310490625 0.213846625 0.040789459374999996 0.2134490703125 0.0425301203125 0.180235275
2 0.14013591718750001 0.2634685734375 0.1335852546875 0.292060234375 0.1859199 0.30312845 0.1966167546875 0.2691949 0.14013591718750001 0.2634685734375
2 0.6040704546875 0.872837275 0.611741921875 0.9023338796875 0.66004715625 0.888212940625 0.6524570875 0.862835615625 0.6040704546875 0.872837275
2 0.47601882656249994 0.9677985234375001 0.47912802499999996 0.982213815625 0.527371109375 0.9692787484375 0.5210639734375 0.953486390625 0.47601882656249994 0.9677985234375001
2 0.35619669374999996 0.9454390625 0.2907376921875 0.9464943375000001 0.28913677031249996 0.9883867140625 0.3537683859375 0.9917739140625 0.35619669374999996 0.9454390625
2 0.171077565625 0.6771267140624999 0.17817386875000002 0.7118957546875 0.234811284375 0.697616921875 0.22681384843750002 0.6573525640625 0.171077565625 0.6771267140624999
2 0.1903119265625 0.4462528953125 0.19478872187500001 0.474280290625 0.2714305984375 0.464022671875 0.2679614890625 0.43945744531250003 0.1903119265625 0.4462528953125
2 0.5486433015625 0.76759064375 0.5863957281250001 0.75061975625 0.5733771078125 0.70406054375 0.5237616218750001 0.7204926390625 0.5486433015625 0.76759064375
2 0 0.6895372656250001 0.030744115625000002 0.70009495625 0.037424090625 0.6860831671875001 0 0.666933025 0 0.6895372656250001