2 0.0244027984375 0.2527279234375 0.016554706250000002 0.285510325 0.071963084375 0.307439775 0.081192284375 0.274752384375 0.0244027984375 0.2527279234375
2 0.8132555531250001 0.57037459375 0.7269785609375 0.632393228125 0.7573449890624999 0.6747913249999999 0.84657879375 0.610202375 0.8132555531250001 0.57037459375
2 0.5465791359375001 0.9878124828124999 0.5749660296875 0.9987676265625 0.605466565625 0.9982352375 0.614976234375 0.982873153125 0.5618201968750001 0.9486020046875 0.5465791359375001 0.9878124828124999
2 0.864488921875 0.969766665625 0.8763653015624999 0.9935066828125001 0.8968245515625 0.993149565625 0.9191912656250001 0.9819246234375001 0.89534803125 0.945536828125 0.864488921875 0.969766665625
2 0.8492278656250001 0.92981259375 0.8348660890625 0.8968664484375 0.7932410890625 0.9161770640625001 0.81489905 0.9440792515625 0.8492278656250001 0.92981259375
2 0.7542439640625 0.9773354265625 0.7614731921875 0.9931172187499999 0.794322659375 0.9801380015625 0.7860024625 0.9601119562499999 0.7542439640625 0.9773354265625
2 0.789897675 0.9242760671875001 0.7411681796875 0.9458669640625 0.752446853125 0.9633212421874999 0.7979280546874999 0.9484466781249999 0.789897675 0.9242760671875001
2 0.79581821875 0.0650162609375 0.6900093078125 0.0687288234375 0.6917097421875 0.0841255703125 0.801762903125 0.0793220421875 0.79581821875 0.0650162609375
2 0.656610009375 0.506647003125 0.6987758484375 0.5193160796875 0.7148866859375 0.46766722656250004 0.6714349640624999 0.4535189125 0.656610009375 0.506647003125
2 0.1289363109375 0.3864189140625 0.07629305625 0.3646828234375 0.0666477484375 0.383452596875 0.12382373124999999 0.3999499296875 0.1289363109375 0.3864189140625
2 0.12157139374999999 0.4122916265625 0.0726876625 0.3963741453125 0.0635256359375 0.408232671875 0.1188373328125 0.4315446828125 0.12157139374999999 0.4122916265625
2 0.75528470625 0.6829753546874999 0.7024758609374999 0.5870015578125 0.6387465859375 0.6301736953125 0.69477984375 0.722595009375 0.75528470625 0.6829753546874999
2 0.9141583578124999 0.5559609187500001 0.867829725 0.4949696890625 0.8009900562500001 0.544319590625 0.838718046875 0.6048629046875 0.9141583578124999 0.5559609187500001
2 0.8513004343749999 0.501554578125 0.8536357703125 0.4511117953125 0.7486860046875 0.45389452500000005 0.7494036000000001 0.5032147218749999 0.8513004343749999 0.501554578125
2 0.9038673671874999 0.0902601953125 0.9156395937499999 0.0410740703125 0.8989066609374999 0.037803559375000004 0.8857561281249999 0.0854209671875 0.9038673671874999 0.0902601953125