2 0.28244675468749997 0.039342203125 0.31665008125 0.0423238515625 0.3204460078125 0.00565976875 0.28562139375 0.001456428125 0.28244675468749997 0.039342203125
2 0.07150255625 0.199523321875 0.0881974953125 0.2033710890625 0.09936058125 0.12131161093750001 0.0853010875 0.117601959375 0.07150255625 0.199523321875
2 0.1212586609375 0 0.119235165625 0.0254375625 0.13478304531250002 0.0283333703125 0.13868468750000001 0 0.1212586609375 0
2 0.132007884375 0.32577075624999996 0.1130431515625 0.324182290625 0.10679563125 0.38747331093750004 0.124942053125 0.39258471250000004 0.132007884375 0.32577075624999996
2 0.0397324515625 0.556382478125 0.0234080453125 0.5558242328125 0.015898440625 0.6484816343750001 0.0337937453125 0.6470396625 0.0397324515625 0.556382478125
2 0 0.6447759484375 0.014245571874999998 0.646015184375 0.01751083125 0.5950553000000001 0.0008791812499999999 0.5947766718749999 0 0.606345325 0 0.6447759484375
2 0.26662976718750003 0.3411483328125 0.22969199218749997 0.34188804687499996 0.227202565625 0.40210747812500003 0.25809882968750003 0.4019429875 0.26662976718750003 0.3411483328125
2 0.40984037031250004 0.61204903125 0.40651191875 0.65289956875 0.4770026828125 0.65659383125 0.4843216328125 0.618925253125 0.40984037031250004 0.61204903125
2 0.3501467875 0.8443682953125 0.31645137343749996 0.8449806546874999 0.31180667500000003 0.8958698093749999 0.3475054578125 0.89476788125 0.3501467875 0.8443682953125
2 0.335447015625 0.94348636875 0.34061642187499996 0.9015431843749999 0.275300475 0.9010929453125 0.270880934375 0.9401026046875 0.335447015625 0.94348636875
2 0.0262418546875 0.2949646 0.052688065625 0.29782962031250004 0.060388840624999995 0.2581000765625 0.03251531875 0.2553555046875 0.0262418546875 0.2949646
2 0.07506618125 0.61888141875 0.051188678125 0.620602875 0.051533514062499994 0.6485654953125 0.074605109375 0.6503691890625001 0.07506618125 0.61888141875
2 0.043044176562499994 0.776546590625 0.049771753125 0.73884701875 0.0089292328125 0.7361119875 0.002918890625 0.7714708875 0.043044176562499994 0.776546590625
2 0.47534519218750004 0.8015807859375 0.4408052921875 0.8006624734375001 0.4368823421875 0.8554541265625 0.4715810171875 0.862030690625 0.47534519218750004 0.8015807859375
2 0.763952175 0.6555789671875 0.7292428937500001 0.6507871093750001 0.7199391796875 0.7020250953125 0.751272925 0.704857921875 0.763952175 0.6555789671875
2 0.904659071875 0.6908976499999999 0.8707691109375 0.6867432953125 0.8643273109375 0.746456740625 0.9011451359375 0.7466025875 0.904659071875 0.6908976499999999
2 0.938662865625 0.631437971875 0.9487845234375 0.5742956359375 0.91505255625 0.5719332546875 0.905489640625 0.6296994359375 0.938662865625 0.631437971875
2 0.8088906046875 0.5461543375 0.8172045046875 0.48505259062499995 0.7841876484375 0.48480866406249995 0.7736905734375 0.5377693703124999 0.8088906046875 0.5461543375
2 0.7365667234375 0.2147572171875 0.718280946875 0.2140961828125 0.70951759375 0.2888493671875 0.7242026609375001 0.2919972375 0.7365667234375 0.2147572171875
2 0.6759463218749999 0.32871107187500004 0.641249671875 0.32421559218749996 0.6388237578125 0.3683851 0.672149315625 0.36715723125 0.6759463218749999 0.32871107187500004
2 0.8328360421875001 0.191263365625 0.8157096109375 0.1906630921875 0.8044541109375001 0.3134469828125 0.81976326875 0.31603143125 0.8328360421875001 0.191263365625
2 0.83756526875 0.3163698296875 0.8396171453125 0.2885328171875 0.825433353125 0.2871949125 0.8226316078125 0.31796545 0.83756526875 0.3163698296875
2 0.76843070625 0.944179184375 0.7519062437499999 0.94212404375 0.7563698265625 0.98159925 0.7713967125 0.978224821875 0.76843070625 0.944179184375
2 0.78947401875 0.9393348046875 0.7727941031250001 0.9402459078125001 0.779629428125 0.979845409375 0.7934393671875 0.9770017703124999 0.78947401875 0.9393348046875
2 0.810361878125 0.9374566671875 0.797874709375 0.9388847828125 0.801948634375 0.9732857671874999 0.8157290578125 0.9710351453125 0.810361878125 0.9374566671875
2 0.7953481515624999 0.6572243609374999 0.7715549734375 0.65924751875 0.769699896875 0.715931240625 0.7990985828125 0.7103371828125 0.7953481515624999 0.6572243609374999
2 0.5936148671875 0.9023164093749999 0.71646528125 0.8605934109375 0.703904684375 0.826641071875 0.5835693859375 0.8673051875000001 0.5936148671875 0.9023164093749999
2 0.4442107796875 0.8742697046875 0.43085824375000004 0.8714905140625 0.4300002734375 0.907416721875 0.4419724578125 0.905664334375 0.4442107796875 0.8742697046875
2 0.47482477031250003 0.8681463375 0.46241450781250004 0.8642258359375001 0.45397407031250003 0.9033204890625001 0.47156002812500003 0.90781108125 0.47482477031250003 0.8681463375
2 0.07065020625 0.6804831640625 0.0596590421875 0.679907140625 0.0532901328125 0.717032509375 0.066229025 0.7194943031250001 0.07065020625 0.6804831640625
2 0.093598384375 0.6959569484375 0.076679415625 0.6950702625 0.07916695781250001 0.7106593140624999 0.09213692343749999 0.7125281718750001 0.093598384375 0.6959569484375
2 0.148813665625 0.7077691296874999 0.13414081718749998 0.70343276875 0.13201361250000002 0.7223473625 0.147414353125 0.72315448125 0.148813665625 0.7077691296874999
2 0.1745160484375 0.7727345718749999 0.1635107734375 0.7718605281250001 0.15952119843749998 0.786812846875 0.1777296875 0.7907399374999999 0.1745160484375 0.7727345718749999
2 0.151876975 0.7513329046874999 0.14232920468750002 0.7511298078124999 0.1429015890625 0.76394295 0.150633034375 0.7637535734374999 0.151876975 0.7513329046874999