2 0.197190009375 0.91293748125 0.22789757812500003 0.9286147 0.24580216250000003 0.8961918875 0.2112947046875 0.877790653125 0.197190009375 0.91293748125
2 0.3133963890625 0.700988603125 0.3480057484375 0.7168236625 0.3598165859375 0.6607143765625 0.3262747328125 0.6501741515624999 0.3133963890625 0.700988603125
2 0.2138400828125 0.6045328046875 0.2480789578125 0.6211362281249999 0.256395071875 0.5953626109375 0.2244762984375 0.5823377296875 0.2138400828125 0.6045328046875
2 0.162680153125 0.5160523171875 0.23796510781250002 0.54646728125 0.2471442203125 0.5178521359375 0.1685408296875 0.4876988625 0.162680153125 0.5160523171875
2 0.19782745625 0.492834128125 0.23638395 0.5091297796875 0.246116859375 0.4594634984375 0.213132903125 0.441771465625 0.19782745625 0.492834128125
2 0.22647669218750002 0.4419679046875 0.24122997031249999 0.383522284375 0.2044913203125 0.3728835484375 0.19070213593750002 0.432241978125 0.22647669218750002 0.4419679046875
2 0 0.26506504999999997 0.025416624999999998 0.276936578125 0.036464825 0.23942701875 0.0041911843749999995 0.22716315156250003 0 0.2351565140625 0 0.26506504999999997
2 0.482742234375 0.0725723375 0.44726957812499996 0.0640002375 0.429677003125 0.13548619687500002 0.46768332968750004 0.14439982499999998 0.482742234375 0.0725723375
2 0.46663469687500003 0.1533098828125 0.43175996406249995 0.14294052031249999 0.4223264953125 0.169120821875 0.460690275 0.184224565625 0.46663469687500003 0.1533098828125
2 0.5508317 0.2856867375 0.5876637921875 0.3003968609375 0.609876334375 0.239868146875 0.57141404375 0.22796120000000003 0.5508317 0.2856867375
2 0.6525926656250001 0.2078924296875 0.68884033125 0.2117594578125 0.6949561796875 0.18362739374999998 0.6539043171875 0.1732948296875 0.6525926656250001 0.2078924296875
2 0.9349907906249999 0.4453654578125 0.9179613640625 0.44555937187500005 0.9174672718749999 0.510188475 0.936952434375 0.5081529625 0.9349907906249999 0.4453654578125
2 0.59697518125 0.9042259687499999 0.6995570390625 0.9442915296875001 0.7283833093750001 0.8658751546874999 0.694790709375 0.8534594953125 0.68444648125 0.8875535515624999 0.6125931984374999 0.8637894203125001 0.59697518125 0.9042259687499999
2 0.4906023890625 0.5581391421874999 0.5034819734375 0.5205948671875 0.465120778125 0.5124422562500001 0.4523417046875 0.5467906703125001 0.4906023890625 0.5581391421874999
2 0.46083315 0.600884628125 0.41434531406249997 0.5865263015625 0.40532205 0.6207730875 0.453577934375 0.6335384484375 0.46083315 0.600884628125
2 0.53791436875 0.3491491671875 0.48391660156249994 0.3678549640625 0.49930009374999995 0.41533335937500004 0.5573422640625 0.39420773750000004 0.53791436875 0.3491491671875