2 0.7328601890625001 0.7774359265624999 0.76159670625 0.7453067859375 0.6891219703125 0.698740559375 0.663979578125 0.7360320640625 0.7328601890625001 0.7774359265624999
2 0.5514688203125 0.9371724875 0.5525911406249999 0.921459690625 0.468616090625 0.9354730437500001 0.46952571406250004 0.95215131875 0.5514688203125 0.9371724875
2 0.24947942968749998 0.55614070625 0.2551455046875 0.538785334375 0.1802492515625 0.5384244484375 0.18075213750000002 0.5515187125 0.24947942968749998 0.55614070625
2 0.2285944234375 0.5292138921875 0.22599229843750002 0.5164680515625 0.18267695625 0.514790990625 0.18115260312499998 0.5325324015625 0.2285944234375 0.5292138921875
2 0.2382922546875 0.395220615625 0.2338185546875 0.3784791625 0.1817674703125 0.384660365625 0.18205300156249998 0.40190206093749997 0.2382922546875 0.395220615625
2 0.23505558437500002 0.3718926890625 0.23562224999999998 0.35540756562500003 0.1817597234375 0.36208840000000003 0.1827019 0.37817538125 0.23505558437500002 0.3718926890625
2 0.5795360015625 0.3846013171875 0.60402199375 0.35986453906250004 0.557793115625 0.32299145 0.5337714328125001 0.35024347499999997 0.5795360015625 0.3846013171875
2 0.4272962359375 0.1753140703125 0.45981141562500005 0.1277787625 0.4286621234375 0.1095141296875 0.399244959375 0.148958296875 0.4272962359375 0.1753140703125
2 0.30291294999999996 0.1605419203125 0.2619010171875 0.137603146875 0.2343217171875 0.1646687265625 0.2767398921875 0.194809715625 0.30291294999999996 0.1605419203125
2 0.307842896875 0 0.3014664078125 0.006624025 0.3334912359375 0.03087236875 0.35659706562500004 0 0.307842896875 0
2 0.1502871359375 0 0.1391943359375 0.0171270046875 0.1582009859375 0.028812749999999998 0.18287915 0.0004091296875 0.1821661875 0 0.1502871359375 0
2 0.20199279531249997 0.0554630359375 0.2255935140625 0.0248985015625 0.1988605296875 0.0131254578125 0.1717499515625 0.042592296875000005 0.20199279531249997 0.0554630359375