2 0.2271109375 0.198659375 0.2579859375 0.15542499999999998 0.21048593750000003 0.1269515625 0.181984375 0.170846875 0.2271109375 0.198659375
2 0.2092984375 0.2653734375 0.23601718749999998 0.2337234375 0.2045484375 0.2111828125 0.18020468750000002 0.23846875 0.2092984375 0.2653734375
2 0.09440625 0.40680781250000003 0.11429843749999999 0.39506718749999997 0.0863921875 0.3594765625 0.072140625 0.3695609375 0.09440625 0.40680781250000003
2 0.3117203125 0.5002078125 0.34645468749999997 0.45201250000000004 0.2853 0.4152359375 0.2775796875 0.43006406249999996 0.28767343749999996 0.4401484375 0.2668921875 0.46209531249999997 0.3117203125 0.5002078125
2 0.45451874999999997 0.23194374999999998 0.42601875 0.209403125 0.40108125 0.2396546875 0.44323750000000006 0.2693140625 0.45451874999999997 0.23194374999999998
2 0.5121125 0.11415625 0.52101875 0.0925484375 0.49311249999999995 0.074159375 0.48183125000000004 0.0967 0.5121125 0.11415625
2 0.5325968750000001 0.0785734375 0.54358125 0.0605171875 0.5097375000000001 0.0439078125 0.49845625 0.0605171875 0.5325968750000001 0.0785734375
2 0.6946921875000001 0.27337968749999997 0.7098328125 0.2491453125 0.6688640625 0.2171140625 0.6486765625 0.24084218750000003 0.6946921875000001 0.27337968749999997
2 0.566440625 0.1443984375 0.586925 0.12279999999999999 0.5566453124999999 0.1050046875 0.53645625 0.1281375 0.566440625 0.1443984375
2 0.9194281249999999 0.47870468749999995 0.86213125 0.46373749999999997 0.8618328125 0.48463593749999995 0.9081453125 0.5083640625 0.9194281249999999 0.47870468749999995
2 0.841053125 0.92180625 0.8585671874999999 0.8871499999999999 0.8190828124999999 0.8696078125 0.8048328124999999 0.9010453125 0.841053125 0.92180625
2 0.573565625 0.87380625 0.539425 0.855371875 0.52458125 0.8856234374999999 0.5566453124999999 0.8992671874999999 0.573565625 0.87380625
2 0.6124562499999999 0.7800374999999999 0.5726765625 0.7750703125 0.5691140625 0.8049515625 0.6011765625 0.8120703125000001 0.6124562499999999 0.7800374999999999
2 0.1522984375 0.6567640625 0.176046875 0.640640625 0.1522984375 0.6038640625 0.129140625 0.6264062499999999 0.1522984375 0.6567640625
2 0.5946453125 0.9740062500000001 0.56020625 0.9627578124999999 0.55783125 0.9834968749999999 0.5881140625 0.9947671874999999 0.5946453125 0.9740062500000001
2 0.1905953125 0.6300765625 0.2170171875 0.609203125 0.2015796875 0.5920015624999999 0.1748609375 0.6044578125 0.1905953125 0.6300765625
2 0.10687500000000001 0.5980546875 0.125578125 0.5884421875 0.1083609375 0.5605625 0.097078125 0.571240625 0.10687500000000001 0.5980546875
2 0.7128015624999999 0.7284328125 0.6748000000000001 0.7224999999999999 0.6736140625 0.737328125 0.7110203125 0.7426671875 0.7128015624999999 0.7284328125
2 0.6813328125 0.704796875 0.7157703125 0.71004375 0.7157703125 0.69580625 0.6825203125 0.6886890625000001 0.6813328125 0.704796875
2 0.7962234375 0.41481250000000003 0.8101765625 0.3926953125 0.7810828125 0.371340625 0.7662390625 0.39506718749999997 0.7962234375 0.41481250000000003
2 0.6644109375 0.4753015625 0.6724265625 0.463875 0.6427375 0.4401484375 0.63383125 0.4502328125 0.6644109375 0.4753015625
2 0.6510515625 0.4128625 0.6439265625 0.4259125 0.6676765625 0.4443015625 0.6750984375 0.4450578125 0.6813328125 0.4342171875 0.6510515625 0.4128625
2 0.6323484374999999 0.188875 0.6136453125 0.20762343749999998 0.6368 0.2313515625 0.6563953125 0.2135546875 0.6323484374999999 0.188875