2 0.6605092953125 0.211957403125 0.6526501859375 0.26585970312499996 0.7107312375 0.268258096875 0.7115291125 0.22254787187499997 0.6605092953125 0.211957403125
2 0.9481969640625 0.8557559859375001 0.9387360812500001 0.9221009765625 0.9747071640625 0.9227288546875 0.97992039375 0.8618527531250001 0.9481969640625 0.8557559859375001
2 0.6426400859375 0.8393379703124999 0.631867575 0.9015031828125 0.7436883937500001 0.9173118203125 0.74632830625 0.8453047390625 0.6426400859375 0.8393379703124999
2 0.5927457421875 1 0.5906091375 0.9659085578125 0.5340799765625001 0.9538357734374999 0.52913354375 0.9993376265625 0.5670808453125 1 0.5927457421875 1
2 0.31510235781249996 0.258581634375 0.3023669265625 0.3539692109375 0.356250259375 0.35906506875 0.37022475625 0.27201445 0.31510235781249996 0.258581634375
2 0.35591614531250004 0.45743984531250004 0.333592975 0.5471170359374999 0.3611413125 0.5545255109375 0.37662088437499996 0.46057198125000004 0.35591614531250004 0.45743984531250004
2 0.316206725 0.4331915640625 0.2977427765625 0.5395636515625 0.3169908171875 0.5468272437499999 0.33693565312499996 0.4349379765625 0.316206725 0.4331915640625
2 0.2774930640625 0.43112966718749995 0.2651912890625 0.5015835140625 0.280360934375 0.5046190359375 0.298197803125 0.43426180312499996 0.2774930640625 0.43112966718749995
2 0.1667025125 0.59408655 0.1574608015625 0.647964715625 0.1726546078125 0.6496160718749999 0.1860488125 0.5958103890625 0.1667025125 0.59408655
2 0.19983429375 0.5988217484375 0.1864159015625 0.654013159375 0.202993871875 0.655688678125 0.2150039125 0.6018588328125001 0.19983429375 0.5988217484375
2 0.36100218125 0.6418191921874999 0.340767225 0.770329365625 0.3669571484375 0.77632798125 0.385807940625 0.6477936468750001 0.36100218125 0.6418191921874999
2 0.8481913015625 0.941603409375 0.865052759375 0.8593539046875 0.8473948953124999 0.8513241984375 0.8345201046874999 0.9431462984375001 0.8481913015625 0.941603409375
2 0.8828571921874999 0.8929181843749999 0.8886928359375 0.8645157046874999 0.8793383390624999 0.856634059375 0.8698713546875 0.889128475 0.8828571921874999 0.8929181843749999
2 0.29645488750000004 0.77163433125 0.3165791171875 0.7743609640625 0.3238875 0.7406396265625 0.305348965625 0.7379406734375 0.29645488750000004 0.77163433125