2 0.5767221796875 0.9407560328125 0.5575697749999999 0.9610763171875 0.5854853796875 0.9908511515624999 0.6061469374999999 0.9703579828125 0.5767221796875 0.9407560328125
2 0.23605444062499997 0.7936814921875001 0.2784847171875 0.82736525 0.3123837703125 0.79454606875 0.276695503125 0.7591844140624999 0.23605444062499997 0.7936814921875001
2 0.33983865625 0.7065635953125 0.31264671875 0.729561309375 0.35308518125 0.75945988125 0.3698008359375 0.736762490625 0.33983865625 0.7065635953125
2 0.4450778796875 0.6254981296875 0.4560376375 0.5979066484375 0.42458180937499995 0.5790936859375 0.40702756406249996 0.604089446875 0.4450778796875 0.6254981296875
2 0.4723521234375 0.953909071875 0.4492808453125 0.977448290625 0.4791368796875 0.9916013156249999 0.4936129578125 0.9674760687499999 0.4723521234375 0.953909071875
2 0.600412103125 0.1842411640625 0.6312369734375001 0.200536884375 0.646001603125 0.176506378125 0.618493228125 0.1598978 0.600412103125 0.1842411640625
2 0.599526246875 0.24379197812500003 0.6318158031250001 0.26320789375000003 0.648162709375 0.24114889375 0.619845396875 0.2208763125 0.599526246875 0.24379197812500003
2 0.29354964843750003 0.1955286984375 0.3291617046875 0.2117195546875 0.3319969671875 0.21030504687499998 0.33954361718750004 0.1896259171875 0.29944876875 0.1734839359375 0.29354964843750003 0.1955286984375
2 0.148252715625 0.41346616875000003 0.1716094046875 0.4241332296875 0.1847633859375 0.3898657859375 0.15722552343750001 0.37921802968749996 0.148252715625 0.41346616875000003
2 0.1423373671875 0.4868027171875 0.1720836015625 0.50484054375 0.1837637328125 0.48459586093749996 0.1598604078125 0.46776916718750006 0.1423373671875 0.4868027171875
2 0.9025410640624999 0.1753878015625 0.8935117359375001 0.1846274078125 0.9401372312499999 0.218158221875 0.9521302796875 0.206296859375 0.9025410640624999 0.1753878015625
2 0.9439431624999999 0.153545846875 0.9727270078125001 0.175059934375 0.9824201312499999 0.16235982031250001 0.9502481250000001 0.1446656234375 0.9439431624999999 0.153545846875
2 0.07138883124999999 0.6165269046875 0.0525311828125 0.6425781421875 0.0750038703125 0.6616409796875 0.0932091203125 0.6361166234375 0.07138883124999999 0.6165269046875
2 0.049190678125 0.46985621406250005 0.08328920937499999 0.48908676562500003 0.097422509375 0.46538268125000004 0.0676438578125 0.4419729734375 0.049190678125 0.46985621406250005