2 0.068828775 0.8432431671874999 0.11835790625 0.85426985625 0.13316825625 0.80602034375 0.084205559375 0.7928155 0.068828775 0.8432431671874999
2 0.15528381875 0.8310927031249999 0.185343225 0.8358619062500001 0.20571383437500002 0.7802355125 0.16541899375 0.77090895625 0.15528381875 0.8310927031249999
2 0.2816744625 0.7659624328125 0.3096378703125 0.76862786875 0.316690259375 0.7334603671875 0.2839871546875 0.7296622968750001 0.2816744625 0.7659624328125
2 0.4412057515625 0.680585334375 0.47882460781249997 0.6836925421875 0.4877725421875 0.6278711671874999 0.45149334999999996 0.625774853125 0.4412057515625 0.680585334375
2 0.03830395625 0.131025775 0.048578959375 0.1913374078125 0.10222548437500001 0.1787029859375 0.0895729 0.1160242109375 0.03830395625 0.131025775
2 0.234645521875 0.2905023265625 0.27321458125000003 0.28328304375 0.26334145000000003 0.230108375 0.230573321875 0.2344138421875 0.234645521875 0.2905023265625
2 0.5284448453125 0.255806959375 0.5789607671875 0.239713634375 0.552742103125 0.17264738125 0.5002343437500001 0.1821238375 0.5284448453125 0.255806959375
2 0.481725696875 0.409872425 0.4960149140625 0.40486628125 0.4834068734375 0.3364867671875 0.46801693593750004 0.33684934843750003 0.481725696875 0.409872425
2 0.6873484828125 0.18730645625 0.7045012890625 0.2154746265625 0.7335135046875 0.200005109375 0.7193114203125 0.1672235671875 0.6873484828125 0.18730645625
2 0.62030125 0.2692791296875 0.6365164812499999 0.3035749203125 0.6470301828125 0.2973022125 0.6314027062500001 0.26292224062499997 0.62030125 0.2692791296875
2 0.56492459375 0.35321069843749997 0.575695296875 0.344500378125 0.562152953125 0.31642437343749996 0.5525609046875 0.324068090625 0.56492459375 0.35321069843749997
2 0.033529153125 0.48964914843749996 0.126030946875 0.4778496171875 0.11233254687500001 0.37184790156249997 0.01697600625 0.391245240625 0.033529153125 0.48964914843749996
2 0.67822824375 0.7540001468749999 0.7129087875 0.75752030625 0.718081209375 0.70043236875 0.6824538875 0.6979446484375 0.67822824375 0.7540001468749999
2 0.64920955625 0.6627444234375 0.6403345046875 0.7233506578125 0.6747671468750001 0.7251069015625 0.6791132265625001 0.662139246875 0.64920955625 0.6627444234375
2 0.6921507640625 0.908536759375 0.7259954359375 0.9103756375 0.7348514203125001 0.8581662734375 0.7011278125 0.8500147374999999 0.6921507640625 0.908536759375
2 0.8298760890624999 0.7362849437500001 0.85709424375 0.7336588515625 0.8654448890625 0.6821200953125001 0.8341505765624999 0.6766250687500001 0.8298760890624999 0.7362849437500001
2 0.9191478500000001 0.9447472687499999 0.9332622640625001 0.9427636187499999 0.9431810437499999 0.8810513609375 0.9253894953125 0.8778541625 0.9191478500000001 0.9447472687499999
2 0.8656269562500001 0.9522691406250001 0.8847387265625001 0.9474246484375 0.893574096875 0.903612375 0.8745794328125 0.9002860500000001 0.8656269562500001 0.9522691406250001
2 0.5253934453125 1 0.538035446875 0.9983091249999999 0.5522861625 0.98875154375 0.49696793437500003 0.9749409484375 0.4871650984375 1 0.5253934453125 1
2 0.1199133921875 0.6903645078125 0.135791721875 0.68813295625 0.1378829015625 0.6560610484375 0.12066612031249999 0.6554827828125 0.1199133921875 0.6903645078125
2 0.15013946875 0.6579344328125 0.147112478125 0.6961352890625 0.1620643140625 0.6958327 0.164338065625 0.656538534375 0.15013946875 0.6579344328125