2 0.9009378578125 0.28918512343749997 0.8954432499999999 0.32004108124999997 0.9364637515625001 0.328809475 0.9394507734375 0.2943883625 0.9009378578125 0.28918512343749997
2 0.7764335984375 0.2523540296875 0.7117773984375 0.23712528125 0.7048234843750001 0.2729207515625 0.7600412296875 0.289380878125 0.7764335984375 0.2523540296875
2 0.5456259609375 0.23497808281250002 0.5821791515625 0.24410229218750001 0.5913261328125 0.183795840625 0.5544299421875001 0.18069461250000002 0.5456259609375 0.23497808281250002
2 0.3830566625 0.15478692968750002 0.42579199687499997 0.16304212812500002 0.4322184 0.10897409218750001 0.391147534375 0.10305834375 0.3830566625 0.15478692968750002
2 0.37297420937500003 0.08269083125 0.38355291406249997 0.0453169046875 0.34795390625 0.039545670312499996 0.342650959375 0.0713958203125 0.37297420937500003 0.08269083125
2 0.32121211875 0.09489962656249999 0.3277834421875 0.0742587140625 0.302632484375 0.064670646875 0.2918150484375 0.08369359062500001 0.32121211875 0.09489962656249999
2 0.3110720125 0.11741531406250001 0.317308290625 0.10438599062500001 0.2811599921875 0.094224846875 0.277916128125 0.111774046875 0.3110720125 0.11741531406250001
2 0.19386123125000002 0.06676204375 0.17064153437500001 0.054662453124999996 0.08146684062500001 0.07199625625 0.178289759375 0.103344403125 0.19386123125000002 0.06676204375
2 0.31294155625000003 0.344864021875 0.311953775 0.31022069375 0.25366641562500003 0.3044186578125 0.2512789109375 0.3357005140625 0.31294155625000003 0.344864021875
2 0.121967821875 0.3674847625 0.1291404109375 0.3312584 0.071016075 0.316959778125 0.05905984843749999 0.3519146015625 0.121967821875 0.3674847625
2 0.17674564375 0.5870654125 0.2076325390625 0.6028159843750001 0.24000517656250003 0.56087148125 0.20772784687499998 0.5441830484375 0.17674564375 0.5870654125
2 0.20698169375000003 0.8670782265625 0.17649128593750002 0.840912203125 0.12282397656249999 0.9008950875 0.1485258421875 0.92732019375 0.20698169375000003 0.8670782265625
2 0.605873934375 0.5947150453125001 0.5676448 0.6283127296875 0.6010486421875 0.67257883125 0.6438615015625 0.63766835 0.605873934375 0.5947150453125001
2 0.5414466828125 0.711357646875 0.5076197015624999 0.74270845625 0.535070090625 0.7687936828125 0.5376786609375 0.7604313671875 0.5540096671875 0.775988596875 0.580014384375 0.7510719984375 0.5414466828125 0.711357646875
2 0.245124859375 0.1453413921875 0.26485258749999996 0.1145823453125 0.22245541875 0.0971757375 0.20910722499999998 0.131192996875 0.245124859375 0.1453413921875
2 0.4753848265625 0.7215708015625 0.4903088234375 0.694104471875 0.4504697015625 0.6758631765625001 0.439115125 0.7076815140625 0.4753848265625 0.7215708015625
2 0.47367237500000003 0.795230578125 0.46261546249999996 0.786579834375 0.42422350781249996 0.830222834375 0.43291520781250004 0.8375967359375001 0.47367237500000003 0.795230578125
2 0.422899134375 0.8171860140625 0.4570830640625 0.7767804234375 0.4442484125 0.7683192453125 0.405706546875 0.809651521875 0.422899134375 0.8171860140625
2 0.2152525421875 1 0.18644700625 0.9761472093749999 0.16541839375 1 0.2152525421875 1
2 0.3437147640625 0.755230240625 0.36332414218750003 0.7705386015625 0.39458585625000003 0.7368817765625 0.36813847499999997 0.7190601171875 0.3437147640625 0.755230240625
2 0.48195017812499996 0.647991209375 0.5128694281249999 0.6716958078124999 0.5310335796875 0.6577868765625 0.4985808828125 0.6308610015625 0.48195017812499996 0.647991209375
2 0.611004659375 0.8078153718750001 0.6396051078125 0.8382612765624999 0.6658386609375 0.8098461109375 0.6351326562499999 0.7825791234375 0.611004659375 0.8078153718750001
2 0.7174511640625 0.7859766203125 0.6856033296875 0.7528272375 0.6435017453125 0.7851816031250001 0.669900040625 0.8120777921875 0.7174511640625 0.7859766203125
2 0.626074925 0.8526717828124999 0.6069531984375 0.8243134203125001 0.5803012 0.84278829375 0.6082044609375 0.8712033546875 0.626074925 0.8526717828124999