2 0.67017368125 0.35679763750000004 0.7037083953125001 0.34255023125 0.69343491875 0.280772634375 0.654310478125 0.28172131562499997 0.67017368125 0.35679763750000004
2 0.8459969781250001 0.325456478125 0.8927310531250001 0.312665315625 0.8865389390624999 0.2666727203125 0.8324380234375001 0.2755150234375 0.8459969781250001 0.325456478125
2 0.9367165937499999 0.2435223609375 0.946546925 0.290450946875 0.9845495328125 0.2794623140625 0.9812774093750001 0.232668765625 0.9367165937499999 0.2435223609375
2 0.8679351734375 0.8435366015625 0.8972747828125 0.8885057671875 0.9125690046875 0.8773163265624999 0.880306284375 0.83314833125 0.8679351734375 0.8435366015625
2 0.9234946562499999 0.8717922984375001 0.9353976093749999 0.8632207984375 0.9030120859374999 0.817274225 0.8916383187499999 0.8284855546875001 0.9234946562499999 0.8717922984375001
2 0.8973781921875 0.9325433265624999 0.9161334984374999 0.9708721406249999 0.9635318171874999 0.967557728125 0.9241598421875 0.9068625765625 0.8973781921875 0.9325433265624999
2 0.84585025625 0.953407309375 0.8616259749999999 0.974683678125 0.8972234234375 0.9721944625000001 0.877400753125 0.9363195203125001 0.84585025625 0.953407309375
2 0.10874771406249999 0.8847201640625 0.02492569375 0.8739144078125 0.030144349999999997 0.94854466875 0.10381114531249999 0.95886858125 0.10874771406249999 0.8847201640625
2 0.0290294203125 0.7153042796875 0.066160825 0.7013990015625 0.0642100140625 0.647965859375 0.023451740625000002 0.6570655546874999 0.0290294203125 0.7153042796875
2 0.07582615000000001 0.8566655046875 0.10958446562499999 0.8626392562499999 0.1134106515625 0.8236821453125 0.076951234375 0.8220652375 0.07582615000000001 0.8566655046875
2 0.13243942656250002 0.831874721875 0.1317419890625 0.87299385 0.16941171875 0.8667869593749999 0.175346375 0.832447140625 0.13243942656250002 0.831874721875
2 0.2098031328125 0.23542831406250003 0.2224672859375 0.22918595156250002 0.2216621671875 0.200671090625 0.20688029375 0.20319430624999998 0.2098031328125 0.23542831406250003
2 0.2295665359375 0.2626159171875 0.2448452953125 0.25976192187499997 0.23851241406249998 0.1947327734375 0.2288431734375 0.1980873125 0.2295665359375 0.2626159171875
2 0.2475782109375 0.1881468328125 0.251213034375 0.27419664374999997 0.2646336046875 0.2702821875 0.25730669375000004 0.19103775 0.2475782109375 0.1881468328125
2 0.2698830609375 0.2687247078125 0.2854118859375 0.2694244265625 0.2792281640625 0.18950485156250002 0.2659719234375 0.19281261875 0.2698830609375 0.2687247078125
2 0.2870953421875 0.191335525 0.29134893281249996 0.2606764703125 0.30467265625 0.2639111828125 0.30317505312500004 0.19140152187499998 0.2870953421875 0.191335525
2 0.186230065625 0.0430399765625 0.1571744859375 0.0617373375 0.18127709375 0.0999303109375 0.21316191406249999 0.07597591249999999 0.186230065625 0.0430399765625