2 0.611323584375 0.26182364062499996 0.657199053125 0.237355609375 0.5742863734375 0.0653748875 0.5330184796874999 0.0885467625 0.611323584375 0.26182364062499996
2 0.24313654843750002 0 0.2186675015625 0.0189482421875 0.257049359375 0.0950521828125 0.29605265 0.0754014953125 0.257652546875 0 0.24313654843750002 0
2 0.09911595625 0.1606552453125 0.129906834375 0.14317394375 0.11148816718750001 0.1109865765625 0.079701703125 0.1288952390625 0.09911595625 0.1606552453125
2 0.032961475000000004 0.4094489375 0.0635083984375 0.46849413437500004 0.10137225937500001 0.44653235 0.06457564375 0.387289528125 0.032961475000000004 0.4094489375
2 0.26913301875 0.4945034265625 0.3206791234375 0.4686220546875 0.2951146203125 0.4188961265625 0.24426737968749998 0.44550205 0.26913301875 0.4945034265625
2 0.2206116203125 0.592059875 0.2543554234375 0.5714817984375 0.2398560078125 0.5375738625 0.2041159046875 0.5605114453125 0.2206116203125 0.592059875
2 0.049341928125000004 0.757204690625 0.080543953125 0.7373826609374999 0.062162254687499995 0.7015843546875 0.0289508453125 0.7240650359374999 0.049341928125000004 0.757204690625
2 0.04217368125 0.3025495796875 0.0199273140625 0.3432422515625 0.0270176765625 0.3680059453125 0.064072478125 0.3404737296875 0.04217368125 0.3025495796875
2 0.73348859375 0.060889417187499996 0.6844186750000001 0.082985453125 0.7027677484375 0.12239705000000001 0.756351609375 0.10260421718749999 0.73348859375 0.060889417187499996
2 0.848014440625 0.302955715625 0.9351243984375 0.259833325 0.8883690796874999 0.137637609375 0.7881561859375 0.1880977375 0.848014440625 0.302955715625
2 0.8851942203125001 0.29021840781249997 0.9008630953125 0.32433255 0.9355701484375001 0.30513013906249997 0.9190426640625 0.269055871875 0.8851942203125001 0.29021840781249997
2 0.8031420234375 0.089449753125 0.8638474328125 0.056442812499999995 0.7884188515624999 0.043142718749999996 0.78520663125 0.0477010484375 0.8031420234375 0.089449753125
2 0.583038809375 0.4461514578125 0.6149960703125 0.4288758203125 0.588917859375 0.38207227499999996 0.558196303125 0.392330884375 0.583038809375 0.4461514578125
2 0.499947909375 0.5074668921875001 0.5317005 0.49136098749999996 0.5090565687499999 0.4421500359375 0.47306268593749995 0.4541904984375 0.499947909375 0.5074668921875001
2 0.7028973484375001 0.37443609375000003 0.7340628921875 0.4299729140625 0.7694223484375 0.4139000859375 0.7369519984374999 0.3521040984375 0.7028973484375001 0.37443609375000003
2 1 0.3585445421875 0.9690375296875 0.374939753125 0.9976956140625 0.43455626093750005 1 0.4323688375 1 0.3585445421875
2 1 0.5012221140625 0.9313373265625 0.5340939046875001 0.952646334375 0.58759129375 0.9923289593750001 0.570773484375 1 0.5321981484375 1 0.5012221140625
2 0.8422969406249999 0.769205640625 0.8940828734374999 0.7385448671875 0.8708187796875 0.692842021875 0.8155140015625 0.7198661937499999 0.8422969406249999 0.769205640625
2 0.6835488078124999 0.501254475 0.7031676375 0.5402854671874999 0.7560629718749999 0.514040678125 0.73736126875 0.47275976093749994 0.6835488078124999 0.501254475
2 0.7585197453125 0.831002975 0.796866778125 0.8799682593749999 0.8274500218749999 0.853406703125 0.788518259375 0.804338315625 0.7585197453125 0.831002975
2 0.5945042296875 0.8388600953124999 0.617974371875 0.8731455796875001 0.6625434953125 0.8424181078125 0.641128440625 0.8021644406249999 0.5945042296875 0.8388600953124999
2 0.4651659578125 0.7388818453125 0.4327608515625 0.762107609375 0.463721840625 0.8085647171874999 0.4963284921875 0.7883890390625 0.4651659578125 0.7388818453125
2 0.4539640953125 0.7067611796875 0.4191245078125 0.627664378125 0.366410371875 0.6635892546875 0.4033830546875 0.73401695 0.4539640953125 0.7067611796875
2 0.47128516875 0.639274934375 0.4572676515625 0.6060532937499999 0.4226637015625 0.624670975 0.44166402031249996 0.6569609015625 0.47128516875 0.639274934375
2 0.495547678125 0.590495440625 0.5189470671875 0.6217539015625 0.5884980609375 0.5894023109375001 0.5734480796875 0.5517782546875 0.495547678125 0.590495440625
2 0.5968138484375001 0.58664665625 0.6077063984375 0.6205215125 0.638703484375 0.6018707531249999 0.6285325484375 0.57415223125 0.5968138484375001 0.58664665625
2 0.8961761859375 0.8257329515625 0.930951025 0.7993075765625 0.896212665625 0.750374103125 0.8673482937499999 0.7706067359375 0.8961761859375 0.8257329515625
2 0.9153867921875 0.7646089765624999 0.94754783125 0.8281591531249999 0.9596893703125 0.765185803125 0.9462457265625 0.739903175 0.9153867921875 0.7646089765624999
2 0.09531784843749999 0.8346460828125 0.1178925703125 0.8808302843750001 0.135108603125 0.875423615625 0.11102133125 0.8241494328125001 0.09531784843749999 0.8346460828125
2 0.6350677625000001 0.3082140484375 0.622388671875 0.277641634375 0.58537966875 0.292820690625 0.6070958906249999 0.3267953265625 0.6350677625000001 0.3082140484375
2 0.6898392390625 0.36309154062500004 0.63496185 0.40104503124999996 0.6560472734375 0.451185409375 0.7133078890625 0.41787409843749995 0.6898392390625 0.36309154062500004
2 0.915360190625 0.42998631249999997 0.9486589546875001 0.41536044531250005 0.937938990625 0.3839260703125 0.9018575375 0.40409354531249997 0.915360190625 0.42998631249999997