2 0.3001786546875 0.9792199374999999 0.3092857109375 0.9537178453124999 0.262671925 0.9342355828125 0.25602120781250004 0.973798084375 0.3001786546875 0.9792199374999999
2 0.7623792515625001 0.033067417187499996 0.7256927078125 0.02521290625 0.6946103515625001 0.0845673390625 0.731911034375 0.101113040625 0.7623792515625001 0.033067417187499996
2 0.4482441234375 0.1919070046875 0.43322274062500005 0.22176768593750001 0.46975496093749997 0.24061029375 0.483905253125 0.2094462375 0.4482441234375 0.1919070046875
2 0.5274231265625 0.2333340390625 0.511441728125 0.261282215625 0.5349488578125 0.27912375312500004 0.554471128125 0.2405434734375 0.5274231265625 0.2333340390625
2 0.3782953609375 0.2018628546875 0.41231666875000006 0.21680790625 0.4268951875 0.18569485624999998 0.39543451875 0.1644854859375 0.3782953609375 0.2018628546875
2 0.1736423640625 0.6469300171875 0.1542647453125 0.634381190625 0.11946608437499999 0.6959114375000001 0.140809696875 0.7098980734375 0.1736423640625 0.6469300171875
2 0.8797432593750001 1 0.85433441875 0.95364043125 0.8391898125000001 0.9601574093749999 0.8605434140625 1 0.8797432593750001 1
2 0.860868496875 0.8760773421874999 0.8114729031250001 0.8987263562500001 0.82521641875 0.9404938484375001 0.8720524562499999 0.9115484703125001 0.860868496875 0.8760773421874999
2 0.393789715625 0.9907139296875 0.409303796875 0.9630074750000001 0.38794275312500004 0.9555989984375 0.3802492140625 0.9890513656250001 0.393789715625 0.9907139296875
2 0.35091945625 0.984552809375 0.36670716406250004 0.9873886093750001 0.3781702984375 0.95380088125 0.3604051515625 0.9462357156250001 0.35091945625 0.984552809375
2 0.32726120625 0.9825452562500001 0.3411273265625 0.9815558609374999 0.34781224375 0.9455868140625 0.3307408796875 0.93960235625 0.32726120625 0.9825452562500001
2 0.42946085156249997 0.6807334125 0.3985136265625 0.69428005625 0.417153115625 0.742034153125 0.4572728640625 0.732902328125 0.42946085156249997 0.6807334125
2 0.8612430890624999 0.8438200531250001 0.863128646875 0.90147963125 0.9036915890625 0.899879834375 0.8930266890624999 0.8429369171875001 0.8612430890624999 0.8438200531250001
2 0.5555593578125 0.461716875 0.5444326203125 0.4890647140625 0.5735992671875 0.50461010625 0.58871898125 0.47984627656249995 0.5555593578125 0.461716875
2 0.6358492328125 0.32860171718750003 0.5455667296875 0.2899988078125 0.500677090625 0.39276287499999996 0.58463684375 0.4341787015625 0.6358492328125 0.32860171718750003
2 0.3633450875 0.3382134609375 0.38694547031250004 0.36503958124999997 0.41241911406250004 0.33765869375 0.3903696234375 0.3128176265625 0.3633450875 0.3382134609375
2 0.48788545625 0.9690668359375 0.4937508109375 0.9943135796875 0.5286455203125 0.9982990062500001 0.5292336609375 0.9681616671875 0.48788545625 0.9690668359375