2 0.9007521609375001 0.637218075 0.9388741171874999 0.6343889765624999 0.9329203328125001 0.5836674828125 0.8993287640625001 0.5844065406250001 0.9007521609375001 0.637218075
2 0.7226653015625 0.922195284375 0.72833506875 0.9639920546875 0.766783875 0.96030978125 0.759621203125 0.9187313546875 0.7226653015625 0.922195284375
2 0.623426228125 0.735691715625 0.6567580734375 0.733883565625 0.65793953125 0.7000510640625001 0.6210887984375 0.7005481062500001 0.623426228125 0.735691715625
2 0.5611271531249999 0.8523714 0.5638169578125 0.8774242843750001 0.6291331921875 0.869950796875 0.6285339140625 0.8446238296875 0.5611271531249999 0.8523714
2 0.043883121875 0.67563718125 0.036104528125 0.728255578125 0.0799546046875 0.73157075625 0.0841990625 0.678033146875 0.043883121875 0.67563718125
2 0.215568153125 0.6590500484375 0.21746738125 0.6216763765625 0.15276728125 0.6200126734375 0.1480492625 0.66154675625 0.215568153125 0.6590500484375
2 0.436043665625 0.759455696875 0.4461365328125 0.793683471875 0.482112928125 0.784242653125 0.47655052500000006 0.7478779375 0.436043665625 0.759455696875
2 0.400869753125 0.5757850078125 0.438584871875 0.56759313125 0.4378390828125 0.5549234484375 0.39676361875 0.557219459375 0.400869753125 0.5757850078125
2 0.44456633749999996 0.5493798484375 0.44923738437500005 0.5857947359375 0.5083144796875 0.5783488359375 0.5024223375 0.542920059375 0.44456633749999996 0.5493798484375
2 0.51341158125 0.6195314984375 0.5187366734375 0.6541853265625 0.5600475390625 0.65365485625 0.5526788171875 0.6179321796874999 0.51341158125 0.6195314984375
2 0.7346473687499999 0.9873891046875001 0.8148791734374999 0.9866246249999999 0.8165633781249999 0.9724216265625 0.7344923031249999 0.9663099140625 0.7346473687499999 0.9873891046875001
2 0.769956459375 0.6397814953125 0.777255965625 0.651921765625 0.8116102203125 0.6464001609375 0.8088790749999999 0.6310376734375 0.769956459375 0.6397814953125
2 0.76915048125 0.6118222734375001 0.77022589375 0.6320658859375 0.8070778671875001 0.623071521875 0.803077221875 0.6100364609375 0.76915048125 0.6118222734375001
2 0.7620949234375 0.6947750078125 0.7668550515625 0.711581059375 0.8069507015624999 0.703272190625 0.8026733203124999 0.6896552421875 0.7620949234375 0.6947750078125
2 0.7667046796875 0.6818608312500001 0.7995290921875 0.677660078125 0.7983691765625001 0.6597915249999999 0.764338828125 0.6645442781249999 0.7667046796875 0.6818608312500001