2 0 0.5117285796875 0.0087064109375 0.5135791828125 0.021155134375000002 0.46643565468750003 0.0012116109375 0.4637881390625 0 0.48690704374999993 0 0.5117285796875
2 0.1414983296875 0.9055074359375 0.1490566984375 0.8770875515625001 0.14779610468749999 0.87587873125 0.1060304921875 0.8724659078125001 0.10138838125 0.900016875 0.1414983296875 0.9055074359375
2 0.7869964703125001 0.91580948125 0.7854476125 0.9759357328125 0.786720646875 0.977078509375 0.84640515625 0.9818704578125 0.850956515625 0.9233328640625 0.7869964703125001 0.91580948125
2 0.8755632703125 0.9589235109375001 0.87687751875 0.969875140625 0.9093999953124999 0.9727944890625 0.913721634375 0.9524627750000001 0.8755632703125 0.9589235109375001
2 0.872157421875 0.9035522765625 0.8695777828125 0.9242558624999999 0.917920153125 0.9327103062500001 0.920237984375 0.914380728125 0.872157421875 0.9035522765625
2 0.6005523890625 0.867679765625 0.6000567765625 0.8500284984375 0.530453771875 0.8576375593750001 0.523807178125 0.8774766875 0.6005523890625 0.867679765625
2 0.5057232421875 0.8226292125000001 0.510085625 0.8363676718749999 0.6196150109375 0.8322645124999999 0.611171803125 0.8177193484374999 0.5057232421875 0.8226292125000001
2 0.500527434375 0.7899504609375 0.5008379359374999 0.8027685625000001 0.6076113390625 0.7944966124999999 0.6075474078124999 0.780518490625 0.500527434375 0.7899504609375
2 0.7217979828125001 0.10593436406250001 0.7184955734375 0.2114280453125 0.774971621875 0.21560031093749998 0.7737688 0.1127319984375 0.7217979828125001 0.10593436406250001
2 0.5731816265624999 0.0883111125 0.5676016671874999 0.107423309375 0.615111565625 0.116652859375 0.6190264 0.10109079375 0.5731816265624999 0.0883111125
2 0.5809975609375 0.0486842578125 0.5773060359375 0.070335184375 0.6233848281250001 0.0777302265625 0.6245189078125 0.060971678125 0.5809975609375 0.0486842578125
2 0.6497992984375001 0.0505564171875 0.6468478109375 0.06872575 0.6815966359375001 0.0694602359375 0.6821122734375 0.0556037078125 0.6497992984375001 0.0505564171875
2 0.68941545625 0.0583700765625 0.693260828125 0.07312800781249999 0.7361013078124999 0.07861590625 0.7376577828124999 0.0655892265625 0.68941545625 0.0583700765625
2 0.7925711171875001 0.06997404375 0.7913865640625 0.0912537109375 0.8536161140624999 0.096915690625 0.8536257562499999 0.0768798640625 0.7925711171875001 0.06997404375
2 1 0.0964059921875 0.9686422875 0.0897909078125 0.9719907140625 0.10687925625000001 1 0.10594562968750001 1 0.0964059921875
2 0.577213259375 0.00651661875 0.5739983078125 0.025925446875 0.618670603125 0.034225976562499996 0.6271599203125 0.017133109375 0.577213259375 0.00651661875
2 0.0915977390625 0.6119520015625 0.091660409375 0.6245081640625 0.138653934375 0.63045550625 0.146348984375 0.6199476500000001 0.0915977390625 0.6119520015625