2 0.6554118421874999 0.5275572937499999 0.6634876984375 0.453765259375 0.6289356265625 0.4476931796875 0.618365225 0.5239408390625 0.6554118421874999 0.5275572937499999
2 0.7092677484375 0.6093564859375 0.7108167328125 0.5729679859375 0.6361518375 0.561743378125 0.6308740171875 0.5988717328125001 0.7092677484375 0.6093564859375
2 0.76047070625 0.6432920078125 0.8349819125 0.6478859390625 0.835353615625 0.6341325703125 0.7612154828125 0.627193125 0.76047070625 0.6432920078125
2 0.9246068515625 0.1732186765625 0.9198215843750001 0.1388279375 0.8636053875 0.1479413 0.867889615625 0.1798022 0.9246068515625 0.1732186765625
2 0.35354087968750003 0.252130815625 0.35323790625 0.2160485625 0.2735675265625 0.2022277109375 0.2701603734375 0.24273720468749999 0.35354087968750003 0.252130815625
2 0.25242032812500004 0 0.25171221250000003 0.0095870609375 0.291732153125 0.015326028124999998 0.291057821875 0 0.25242032812500004 0
2 0.2903386703125 0.499163315625 0.29253955 0.4472623734375 0.2595643609375 0.4426407671875 0.258360465625 0.49394026718750006 0.2903386703125 0.499163315625
2 0.20069207812499998 0.6585296890625 0.2029256765625 0.610237671875 0.1684050203125 0.6077727281249999 0.1638725 0.6572952640625 0.20069207812499998 0.6585296890625
2 0 0.6516836953125 0.030811121875000003 0.6556455046874999 0.0367500109375 0.61814884375 0 0.61522706875 0 0.6516836953125
2 0.0126605703125 0.3807134515625 0.002467621875 0.45837348437500003 0.038495423437499995 0.462719228125 0.047443271875 0.3796161546875 0.0126605703125 0.3807134515625
2 0.1833617609375 0.8515702812500001 0.1898868453125 0.81416804375 0.1422323828125 0.8072198875 0.13909840625 0.84790236875 0.1833617609375 0.8515702812500001
2 0.2480808453125 0.8077693765625 0.284671940625 0.8123641156250001 0.29478640624999997 0.748503890625 0.25423994687499996 0.7384782203125 0.2480808453125 0.8077693765625
2 0.358300253125 0.9441388625 0.39488980625000003 0.94873335625 0.40027164062500004 0.9147537921875 0.3581182515625 0.9110783609374999 0.358300253125 0.9441388625
2 0.7465578140625 0.23330227187500002 0.682741375 0.221992440625 0.680143096875 0.238397325 0.747451875 0.24665496718750002 0.7465578140625 0.23330227187500002