2 0.33333149687499997 0.6098088171875 0.340624965625 0.5479547234375 0.2530131328125 0.53424528125 0.2437696453125 0.600016103125 0.33333149687499997 0.6098088171875
2 0.0667185625 0.46614439843750005 0.140009875 0.4722524578125 0.13890195156250001 0.42039673281249995 0.0720633421875 0.40820879843749996 0.0667185625 0.46614439843750005
2 0.00025608749999999996 0.472173596875 0.028928990625 0.4762033109375 0.0323952703125 0.45153944843750005 0.0039150359375 0.44613883125 0.00025608749999999996 0.472173596875
2 0.8011426625 0.5064818515625 0.7939930078125 0.547395921875 0.834933928125 0.544766646875 0.8379922093750001 0.5130586984375001 0.8011426625 0.5064818515625
2 0 0.518248859375 0.032178053125 0.5227711890625 0.0364147859375 0.4926252625 0.00505194375 0.48681952187500005 0 0.5141022078125 0 0.518248859375
2 0.3250283046875 0.7407083906249999 0.34159948125 0.6483959625 0.24903532187500002 0.6244097765625 0.2304457359375 0.726817671875 0.3250283046875 0.7407083906249999
2 0.6840840734375 0.1867743859375 0.7195172390625 0.1863642390625 0.7183935890625001 0.1730280703125 0.68438538125 0.1718428828125 0.6840840734375 0.1867743859375
2 0.6847478406249999 0.1479325078125 0.6842726265625 0.159846378125 0.7169465796875001 0.161992728125 0.7168286296875 0.1500444078125 0.6847478406249999 0.1479325078125
2 0.684602978125 0.1233544046875 0.685809478125 0.1361010546875 0.71487519375 0.1383461953125 0.718034946875 0.12865096874999998 0.684602978125 0.1233544046875
2 0.68648166875 0.1014543 0.6848307265625 0.1132013546875 0.71797005625 0.11632510781250001 0.71872750625 0.10239180156250001 0.68648166875 0.1014543
2 0 0.61072190625 0.027586199999999998 0.613049775 0.0262685546875 0.6010827437499999 0 0.59591370625 0 0.61072190625
2 0 0.6765168328125 0.0137663296875 0.6793750171874999 0.01324694375 0.66813869375 0 0.6644458203125 0 0.6765168328125
2 0 0.7095597109375 0.0093097453125 0.7110852578125 0.0067672703124999995 0.6971788906249999 0 0.6962278125 0 0.7095597109375