2 0.245524875 0.7569591046874999 0.1927387359375 0.754745884375 0.19397923125 0.8011831062500001 0.24610513125 0.8022716781250001 0.245524875 0.7569591046874999
2 0.22623068750000003 0.692717725 0.193467003125 0.68780146875 0.1905948609375 0.7513890921875 0.2249452375 0.754345946875 0.22623068750000003 0.692717725
2 0.08569280781250001 0.8328631671875 0.08418182187499999 0.7673497171875 0.033354921875 0.766721634375 0.035054075000000004 0.8313197750000001 0.08569280781250001 0.8328631671875
2 0.12025974375 0.8322151375000001 0.12621786562499998 0.888902884375 0.1627457578125 0.8898413859375 0.1595553203125 0.8310701078125 0.12025974375 0.8322151375000001
2 0.403655390625 0.7898916234375 0.40618930625000005 0.8821634828124999 0.47970802343749996 0.882794640625 0.477673725 0.795246434375 0.403655390625 0.7898916234375
2 0.4380416125 0.43522783593750003 0.44303328906250006 0.51112181875 0.48385055 0.5074287734375 0.4802276140625 0.43318199062499996 0.4380416125 0.43522783593750003
2 0.9015740640625 0.7942752125 0.8667859046874999 0.7985286171875 0.8738526515625 0.9112213453125 0.9103803796875001 0.912158290625 0.9015740640625 0.7942752125
2 0.9843073265625 0.558711790625 0.9529409687499999 0.5614099375 0.9584838640625 0.67068070625 0.9945460671875 0.6674874359375 0.9843073265625 0.558711790625
2 0.823566115625 0.34754295625 0.7652472234375 0.349491803125 0.7689676484375 0.4076103546875 0.8294923140625 0.40960724375 0.823566115625 0.34754295625
2 0.3885010390625 0.2081921984375 0.308854571875 0.21178721562499997 0.3154105796875 0.2609493671875 0.38898886250000003 0.2582906515625 0.3885010390625 0.2081921984375
2 0.433766115625 0.360452621875 0.49593953749999997 0.36108060625 0.49759380625 0.3256825234375 0.4277423640625 0.3258615296875 0.433766115625 0.360452621875
2 0.427288828125 0.41247560625 0.4289464328125 0.3657337828125 0.3483705625 0.360471175 0.34938698437500004 0.409918621875 0.427288828125 0.41247560625
2 0.356118228125 0.4910029546875 0.3626367078125 0.5416616015625 0.43562854531250006 0.5429451578125 0.433491803125 0.494214053125 0.356118228125 0.4910029546875
2 0.42971154843750003 0.6002840093749999 0.42789782656249997 0.6625663484375 0.5035923437500001 0.661177759375 0.4992173765625 0.5953667359375 0.42971154843750003 0.6002840093749999
2 0.720437428125 0.923166790625 0.609178065625 0.9270993546874999 0.61589003125 0.9726629890625 0.723163115625 0.9718359953125001 0.720437428125 0.923166790625
2 0.8636506984375 0.26870075781249997 0.8036225421875001 0.271427846875 0.81024885 0.3083436890625 0.8639558328125 0.30568553125000003 0.8636506984375 0.26870075781249997
2 0.8325403437500001 0.40451071875 0.8638763968750001 0.39584398125 0.8622411203125001 0.3291479859375 0.8239063015625 0.3275054421875 0.8325403437500001 0.40451071875
2 0.6444657578124999 0.2230806609375 0.5844376015625 0.22580775000000003 0.5859796015625001 0.26206393281249996 0.6484378390625001 0.26087249218749997 0.6444657578124999 0.2230806609375
2 0.5638389015625 0.83096665 0.5196952171875 0.83142719375 0.5229463984375 0.8892965546875 0.5698291125 0.8822794109375 0.5638389015625 0.83096665