2 0.327745271875 0.39953720000000004 0.4425509359375 0.39069882968749997 0.43813660781249997 0.33270539062500004 0.3262781921875 0.3346054828125 0.327745271875 0.39953720000000004
2 0.6826611953125 0.47538391874999997 0.7185415953125001 0.475745778125 0.7215731921875 0.42739154843750005 0.6831086796875 0.42064250000000003 0.6826611953125 0.47538391874999997
2 0.7359060656249999 0.37676987500000003 0.752642665625 0.370276171875 0.7413410828125 0.32592367968749997 0.7236217 0.327012465625 0.7359060656249999 0.37676987500000003
2 0.789979003125 0.7286748171874999 0.8344046328125 0.7553842171875 0.8489135234375 0.7310060093749999 0.800753109375 0.7031296796875 0.789979003125 0.7286748171874999
2 1 0.369185940625 0.91895143125 0.38917179687500003 0.943966903125 0.4418668109375 1 0.42071340625 1 0.369185940625
2 0.8597519515625001 0.23900446875 0.8808509093750001 0.2901875203125 0.9051639609375 0.28148048281250004 0.8800955328125 0.2327309265625 0.8597519515625001 0.23900446875
2 0.5347244265625 0.8574316218750001 0.552842075 0.8555207296875 0.542502784375 0.7754376828125 0.5227532703125 0.7772765140625 0.5347244265625 0.8574316218750001
2 0.5552269843750001 0.1376199671875 0.606910125 0.12761471093750001 0.5983740359375 0.0899959671875 0.5464138468749999 0.1045075234375 0.5552269843750001 0.1376199671875
2 0.48467263281250006 0.03662905 0.5174367703125 0.04784945625 0.523013575 0.0086139859375 0.48899246406249997 0.0047204875 0.48467263281250006 0.03662905
2 0.6816505765625 0.1180577078125 0.6700775984375 0.0916205203125 0.6392277046875 0.10643551250000001 0.6477301843750001 0.130335715625 0.6816505765625 0.1180577078125
2 0.977832328125 0.0971642328125 0.9713102031249999 0.1386189296875 0.9846194875000001 0.14169161875 0.9932569203125 0.10163933124999999 0.977832328125 0.0971642328125
2 0.9197382281250001 0.8451623578125 0.9300204421875 0.8085366374999999 0.8790966484375 0.78885816875 0.8687971921875001 0.8270033296875001 0.9197382281250001 0.8451623578125
2 0.7785898953125 0.5139837421875 0.8092619484375 0.49729958906249994 0.7972697625 0.46771878125 0.7615880140625 0.4820276203125 0.7785898953125 0.5139837421875