2 0.0492812484375 0.40790937656250004 0.0401015625 0.46105 0.07039218593749999 0.46401875 0.07930000000000001 0.4147375015625 0.0492812484375 0.40790937656250004
2 0.5526515625 0.8671765625000001 0.514190625 0.8639109359375 0.5098890625 0.931896875 0.5419593765624999 0.9348656249999999 0.5526515625 0.8671765625000001
2 0.6464890624999999 0.8832078140625 0.6121593734374999 0.887959375 0.6156062484375 0.9491140625 0.651240625 0.9425828125000001 0.6464890624999999 0.8832078140625
2 0.37863281249999997 0.06976562343750001 0.3369546875 0.07036093593750001 0.340028125 0.1148921875 0.37091249843749996 0.11429843749999999 0.37863281249999997 0.06976562343750001
2 0.337059375 0.1517046859375 0.3013296875 0.14784375 0.2984546875 0.16951562656250002 0.336465625 0.17545312500000002 0.337059375 0.1517046859375
2 0.582346875 0.8772703125 0.560503125 0.8728171874999999 0.5544328140625 0.9117078125000001 0.5793765625 0.9099281250000001 0.582346875 0.8772703125
2 0.424959375 0.6451140625 0.40909531250000003 0.6448171874999999 0.404171875 0.6819265624999999 0.42139531249999995 0.6819265624999999 0.424959375 0.6451140625
2 0.446934375 0.6480828125 0.430471875 0.64570625 0.42733437500000004 0.6819265624999999 0.4433703109375 0.6813328140625 0.446934375 0.6480828125
2 0.4671265625 0.6593640625 0.4500640625 0.6572859375 0.45168437499999997 0.6771765609375 0.4677203125 0.6712374999999999 0.4671265625 0.6593640625
2 0.7533937500000001 0.71220625 0.7377390625 0.7125046875 0.7385468734375 0.7656453125 0.7575515609375 0.7632703140625 0.7533937500000001 0.71220625
2 0.8181312500000001 0.7323953125 0.8018640625 0.7276453109375 0.7997187515624999 0.7858328125 0.8151609375 0.7858328140624999 0.8181312500000001 0.7323953125
2 0.7320125 0.9770218749999999 0.70825625 0.9716781250000001 0.7094437499999999 0.998753125 0.7308250000000001 0.998753125 0.7320125 0.9770218749999999
2 0.82525625 0.940209375 0.7956296890625 0.9226937515625 0.7884359375 0.974053125 0.8199125015625001 0.978803125 0.82525625 0.940209375
2 0.7171640625 0.9491140625 0.7153828125 0.9621781265625 0.7308250000000001 0.9639593765625 0.7332 0.9532718750000001 0.7171640625 0.9491140625
2 0.6987531265625 0.9229906265625001 0.7021140625 0.9431781265625 0.7124140625 0.9372406249999999 0.7136015625 0.9241765624999999 0.6987531265625 0.9229906265625001
2 0.7593328125000001 0.948521875 0.7600046875 0.9698968750000001 0.7783375 0.9627718749999999 0.7783375 0.9503031249999999 0.7593328125000001 0.948521875
2 0.0383203140625 0.2502671875 0.0323807921875 0.2562048703125 0.031381521875 0.262514015625 0.0421578140625 0.2698609375 0.0490109359375 0.2597671875 0.0383203140625 0.2502671875
2 0.062640625 0.2297828140625 0.052575000000000004 0.2199859375 0.039509375 0.23067343906249999 0.047823437499999996 0.2425484375 0.062640625 0.2297828140625
2 0.0581875015625 0.2137515625 0.0697984375 0.2003921875 0.057325 0.19148437499999998 0.0454468734375 0.1992046890625 0.0581875015625 0.2137515625
2 0.0706578140625 0.26095468906249997 0.0876140625 0.2502671875 0.07989375 0.22948593750000001 0.065046875 0.24373593750000003 0.0706578140625 0.26095468906249997