2 0.5824886109375 0 0.5847421453125 0.0285011859375 0.61887455625 0.022225090625 0.6194502625 0 0.5824886109375 0
2 0.7429764046875 0.2127227828125 0.7426489390625 0.174083109375 0.722145928125 0.1724059703125 0.7157884812499999 0.2128352421875 0.7429764046875 0.2127227828125
2 0.7439530265625 0.269831575 0.7451278375 0.220752040625 0.7182986203125 0.22220321406250002 0.7201569234375 0.2719048546875 0.7439530265625 0.269831575
2 0.3985965625 0.7238119734375 0.395534046875 0.64287810625 0.3292285359375 0.65203888125 0.3414533171875 0.719045571875 0.3985965625 0.7238119734375
2 0.4321744296875 0.8811950156250001 0.4135281359375 0.8116061 0.3747673421875 0.821992021875 0.3855577015625 0.883645371875 0.4321744296875 0.8811950156250001
2 0.6647078875 0.29444606875 0.64701178125 0.2933497390625 0.6510392546875 0.3282302515625 0.663462278125 0.331048465625 0.6647078875 0.29444606875
2 0.6906839421875001 0.2982445890625 0.6743792390625 0.2961591234375 0.6734672953125 0.327136621875 0.685275621875 0.3276607609375 0.6906839421875001 0.2982445890625
2 0.65700654375 0.3856420625 0.64122460625 0.3855679546875 0.64394751875 0.418646590625 0.6588152703125 0.4214244359375 0.65700654375 0.3856420625
2 0.669271209375 0.3848145375 0.6711559421875 0.41934715312500004 0.686248690625 0.418376540625 0.6862778546875 0.3864045734375 0.669271209375 0.3848145375
2 0.7128762453124999 0.384502465625 0.6964796343749999 0.3855151 0.6968261171875 0.4143129359375 0.71299458125 0.4173569515625 0.7128762453124999 0.384502465625
2 0.7393444125 0.38017646875 0.7212006421875 0.3838086875 0.7243845765625 0.418607878125 0.7365700640624999 0.4159574828125 0.7393444125 0.38017646875
2 0.7708627406249999 0.38095158906250004 0.74893949375 0.3819067234375 0.7534230328125 0.4169740015625 0.7688929390625 0.4128288515625 0.7708627406249999 0.38095158906250004
2 0.7931137890625 0.381751084375 0.7801584234375001 0.3815342921875 0.7752367828125 0.4135878046875 0.7923147453125 0.41085586406249996 0.7931137890625 0.381751084375