2 0.11726718750000001 0.5330515625000001 0.1243921875 0.5924421875 0.2122671875 0.5686859375 0.2033609375 0.5128578125 0.11726718750000001 0.5330515625000001
2 0.4907375 0.063859375 0.5049875 0.09474218749999999 0.5453625 0.063859375 0.5263625000000001 0.03475625 0.4907375 0.063859375
2 0.5610968749999999 0.11875 0.5144875 0.155915625 0.52755 0.18620468750000002 0.5833625 0.14403749999999998 0.5610968749999999 0.11875
2 0.5815828125 0.49994062499999997 0.5596140625 0.5223609375 0.5762375 0.5484921875000001 0.6041453125 0.5217671875 0.5815828125 0.49994062499999997
2 0.5946453125 0.5799703125 0.6160203125 0.6007578125 0.6445203125 0.5734375 0.62076875 0.5520562499999999 0.5946453125 0.5799703125
2 0.998753125 0.11731093749999999 0.955646875 0.1588859375 0.981771875 0.1939265625 0.998753125 0.177890625 0.998753125 0.11731093749999999
2 0.6647062499999999 0.9179078125 0.6658953125 0.9642328125 0.7264578125 0.9523546875 0.7294265625 0.9113749999999999 0.6647062499999999 0.9179078125
2 0.5726765625 0.7893953125000001 0.5667375 0.8193171875 0.59226875 0.8234765625 0.6023625 0.7931859375 0.5726765625 0.7893953125000001
2 0.416815625 0.9212093749999999 0.4171125 0.9375078125 0.48955000000000004 0.9452281250000001 0.49311249999999995 0.9297875 0.416815625 0.9212093749999999
2 0.2511578125 0.9719749999999999 0.2490796875 0.998753125 0.2793609375 0.998753125 0.2757984375 0.966015625 0.2511578125 0.9719749999999999
2 0.3313140625 0.9461468749999999 0.32330000000000003 0.998753125 0.36664375 0.998753125 0.37020624999999996 0.9523546875 0.3313140625 0.9461468749999999
2 0 0.44472187500000004 0.016921875 0.4451515625 0.027015624999999998 0.3768515625 0 0.3709125 0 0.44472187500000004
2 0.008906250000000001 0.2870796875 0 0.360221875 0.025234374999999996 0.3614109375 0.033546875 0.289546875 0.008906250000000001 0.2870796875
2 0.11667187500000001 0.1618546875 0.144578125 0.1672 0.1606109375 0.11315312500000001 0.129140625 0.1060265625 0.11667187500000001 0.1618546875