2 0.6063433125000001 0.9434640156249999 0.71880246875 0.963813025 0.7267130453124999 0.9102687843749999 0.6226425984375 0.8891201796875 0.6063433125000001 0.9434640156249999
2 0.7163016390625 0.8804119781249999 0.7522342078124999 0.8829246296875001 0.7625237406250001 0.8350961953124999 0.7256911296874999 0.8255865296874999 0.7163016390625 0.8804119781249999
2 0.658258596875 0.8167094875 0.7448461671875 0.8296999250000001 0.7532705109375 0.788676709375 0.6653019390625 0.775589703125 0.658258596875 0.8167094875
2 1 0.48135312656250007 0.9486129468750001 0.47775979375000005 0.9413781359375 0.521640134375 0.9988446968750001 0.5339819875 1 0.5174603828125 1 0.48135312656250007
2 0.8003429859375 0.53258493125 0.837079028125 0.5434755984375 0.84739825 0.515068421875 0.8088951468750001 0.509602075 0.8003429859375 0.53258493125
2 0.6961404484375 0.55303939375 0.738887803125 0.5574147671875 0.744419209375 0.49815783593749996 0.7091638546875 0.48598295 0.6961404484375 0.55303939375
2 0.5443417984375001 0.4994261046875 0.6389322359375 0.5171347234375 0.655073909375 0.42533083125 0.5582026421874999 0.400525509375 0.5443417984375001 0.4994261046875
2 0.8331901531250001 0.082694384375 0.8145744046875001 0.17016514062500002 0.9043117046875 0.177826371875 0.9128681406249999 0.0952000921875 0.8331901531250001 0.082694384375
2 0.30727177031249997 0.5133635109375 0.43493297656249996 0.5347739875 0.4551541140625 0.464059159375 0.3251154015625 0.436934540625 0.30727177031249997 0.5133635109375
2 0.19484657656249998 0.452792328125 0.256459371875 0.46542254843749997 0.2573948296875 0.4321990578125 0.20249880468749998 0.42281089843749997 0.19484657656249998 0.452792328125
2 0.20227441875 0.406151540625 0.2653662375 0.41749899375000005 0.2741098671875 0.391755584375 0.20568395 0.3772611890625 0.20227441875 0.406151540625
2 0.046111309375 0.2759425328125 0.031062489062499997 0.3719861125 0.08576559375000001 0.3841331609375 0.10682562031250001 0.281575846875 0.046111309375 0.2759425328125
2 0.0404077953125 0.476671140625 0.028254740625000004 0.53130334375 0.08305430781249999 0.542070946875 0.0977795640625 0.4903909875 0.0404077953125 0.476671140625
2 0.1322243421875 0.613476378125 0.1273685953125 0.6630709671874999 0.1876952890625 0.6742250656250001 0.18888909843749999 0.6174387625 0.1322243421875 0.613476378125
2 0.1863838859375 0.5936827015625 0.256674990625 0.60137188125 0.2675733 0.5646833609375 0.18346125625 0.556027728125 0.1863838859375 0.5936827015625
2 0.48975951562500003 0.6246063828125 0.5173998328125 0.6265391796875 0.5225764265625 0.59222450625 0.50024051875 0.5740173921875 0.48975951562500003 0.6246063828125
2 0.5543773640625 0.41551549843749996 0.5299832390625 0.40687405 0.517991965625 0.439324440625 0.5504852046875001 0.45130774531249995 0.5543773640625 0.41551549843749996
2 0.552381640625 0.4639238921875 0.5197902734375 0.4533214796875 0.515899675 0.4891138375 0.5445349359375 0.49666409843750003 0.552381640625 0.4639238921875
2 0.564558871875 0.5437004765625 0.5066372578125 0.53786616875 0.5024473984375 0.56373691875 0.5495006734375 0.5717841046875 0.564558871875 0.5437004765625
2 0.5624486281250001 0.5738783468750001 0.5093481718749999 0.5671923343749999 0.5086578265624999 0.5855764609375 0.5510139828125 0.5927015578125 0.5624486281250001 0.5738783468750001
2 0.537922834375 0.499025803125 0.514822990625 0.4974105046875 0.506073265625 0.5289081312499999 0.531845028125 0.53487196875 0.537922834375 0.499025803125
2 0.5322740828125 0.5117126703125 0.5338604171875 0.5315858 0.5841891765625 0.543884328125 0.5922355625 0.5224449531250001 0.5322740828125 0.5117126703125