2 0.013372184375000002 0.30035129375 0.0890200640625 0.30220387656250003 0.0951794140625 0.220230790625 0.0110182 0.2326631140625 0.013372184375000002 0.30035129375
2 0.2712655125 0.38290798125 0.277153690625 0.4330882296875 0.3056514984375 0.4239530703125 0.299253853125 0.37499884687499996 0.2712655125 0.38290798125
2 0.5899254703125 0.3225323140625 0.703200378125 0.3437745890625 0.7149093859375 0.281650228125 0.604069725 0.263807296875 0.5899254703125 0.3225323140625
2 0.58353929375 0.3842829 0.6964830734375 0.40078986250000004 0.7017149515625001 0.34804485937499996 0.591107765625 0.333459271875 0.58353929375 0.3842829
2 0.8120251796875 0.46294395625 0.800882009375 0.5416943468750001 0.85290098125 0.545794425 0.8603153234375001 0.473256778125 0.8120251796875 0.46294395625
2 0.8911511390625 0.33599015625 0.8128166046875 0.32122947812499997 0.802271715625 0.3820820359375 0.8852745375 0.3965162765625 0.8911511390625 0.33599015625
2 0.3825246125 0.307273634375 0.39828168124999996 0.3115285921875 0.40048894218750003 0.275067053125 0.3825595 0.2712616015625 0.3825246125 0.307273634375
2 0.49628109531250003 0.58204208125 0.542176065625 0.583592825 0.546367328125 0.54996855 0.49257767656249996 0.5439090906249999 0.49628109531250003 0.58204208125
2 0.473050878125 0.7515128609375 0.46914954218749993 0.7892832609375 0.5198917359374999 0.80061501875 0.52768445625 0.75900130625 0.473050878125 0.7515128609375
2 0.44709816875 0.6354780765625 0.462482478125 0.6344023 0.47158922499999995 0.56055434375 0.454730384375 0.5575668296875 0.44709816875 0.6354780765625
2 0.4325164375 0.7841073 0.446386353125 0.7783758203125 0.45299040625 0.711251634375 0.43600731093749995 0.706487209375 0.4325164375 0.7841073
2 0.462108840625 0.7481116046875 0.47445347031249996 0.7460579828125 0.47792661562500005 0.710698325 0.46509110781249996 0.7118919046875 0.462108840625 0.7481116046875
2 0.47064268125000003 0.6320460828125001 0.48771950625000005 0.6296615546875 0.495501221875 0.5963798453125 0.4771740875 0.591411803125 0.47064268125000003 0.6320460828125001
2 0.26119747968749996 0.9532214218749999 0.277683559375 0.9508782015625 0.2890916390625 0.8929397171875 0.27077931718750003 0.8915434078125 0.26119747968749996 0.9532214218749999
2 0.2967263140625 0.9340714078125 0.3126615078125 0.9323619093750001 0.3181999296875 0.9010242312500001 0.301384284375 0.8956528968749999 0.2967263140625 0.9340714078125
2 0.31489245625 0.9387531046875001 0.3311160171875 0.9411898421875 0.33346549375 0.9237631875 0.320995378125 0.92106555 0.31489245625 0.9387531046875001
2 0.43434929375 0.980396659375 0.436071990625 0.92849380625 0.38940793125 0.932945709375 0.38600527812499996 0.977825203125 0.43434929375 0.980396659375
2 0.7974037578125001 0.13481772187500002 0.8315466218750001 0.138383784375 0.8424757578125 0.0905971890625 0.8086768 0.0834374453125 0.7974037578125001 0.13481772187500002