2 0.9134569562499999 0.49860154999999995 0.8790464046875 0.5029181406250001 0.891602146875 0.541012221875 0.9246265296875 0.5329275328125 0.9134569562499999 0.49860154999999995
2 0.960540621875 0.331050909375 0.9163129218750001 0.35788297343750003 0.947440234375 0.40623412812500004 0.9920026265624999 0.3792442796875 0.960540621875 0.331050909375
2 0.6311922937500001 0.3730534296875 0.6007430078125 0.33521701875 0.571509853125 0.354915040625 0.6080753734375001 0.3970712875 0.6311922937500001 0.3730534296875
2 0.539129803125 0.08273912343749999 0.5643611078124999 0.11785809375 0.5920893 0.099678940625 0.5680573250000001 0.070836953125 0.539129803125 0.08273912343749999
2 0.2674372 0.26066198749999997 0.24375373749999998 0.27670331875 0.2902618015625 0.326832871875 0.3134569328125 0.3101920359375 0.2674372 0.26066198749999997
2 0.3997178125 0.36430656093749997 0.350032896875 0.395859065625 0.39361101718749997 0.44239955468750003 0.4312571296875 0.40741819062499995 0.3997178125 0.36430656093749997
2 0.7321407046874999 0.6192177125 0.731109496875 0.6385256906250001 0.799981071875 0.6482869734375 0.8053683609375 0.6330187734375 0.7321407046874999 0.6192177125
2 0.594889546875 0.8725458078124999 0.566854703125 0.9171965546875 0.5998843078125 0.93086725625 0.6257466953125 0.8911775078125 0.594889546875 0.8725458078124999
2 0.6373290953125 0.92183199375 0.6349017109374999 0.9249845593750001 0.6606312890625 0.945093134375 0.684132053125 0.9206564453125001 0.6548260828125 0.9064998187500001 0.6373290953125 0.92183199375
2 0.6218173421875 0.6920138671875 0.6133850187500001 0.7213915296875 0.6431762765625 0.739266890625 0.6548748125 0.7070970890625 0.6218173421875 0.6920138671875
2 0.661863440625 0.7007053359375 0.6939251671875 0.7146877093749999 0.7064988921875 0.6935660125 0.6794112906249999 0.6804438625 0.661863440625 0.7007053359375
2 0.6606502812499999 0.8236371437500001 0.671288175 0.7922480562499999 0.6427187046875 0.7820818375 0.6294994671875 0.8127479093750001 0.6606502812499999 0.8236371437500001
2 0.474284503125 0.9173311125 0.43221943281249997 0.89257646875 0.4212002609375 0.9197035640625 0.45125328593749997 0.942463934375 0.474284503125 0.9173311125
2 0.72261184375 0.9716433203125 0.6872170234375 0.953017778125 0.6734136140625 0.9820215328125 0.709261103125 0.999865971875 0.72261184375 0.9716433203125