2 0.4318384609375 0.5855530734375 0.428151803125 0.6161614515625 0.566465328125 0.6317356265625 0.568674546875 0.6009262140625 0.4318384609375 0.5855530734375
2 0.8036696140625 0.779766875 0.8535384109375 0.781191259375 0.8653877874999999 0.7366112499999999 0.8132420296875 0.733283840625 0.8036696140625 0.779766875
2 0.9341468562499999 0.734954425 0.9283073749999999 0.76132088125 0.9855540296875 0.7649140515624999 0.9868594843749999 0.7400044875 0.9341468562499999 0.734954425
2 0.9845593203125 0.7838942546875 0.9215644828125 0.7708607468750001 0.91808151875 0.8089572374999999 0.9829119640625 0.815327678125 0.9845593203125 0.7838942546875
2 0.6897609171875 0.9111792015625 0.7459033359375 0.9176904546875001 0.7476750703125 0.8838837234374999 0.6962761421875 0.8776210671875001 0.6897609171875 0.9111792015625
2 0.2059960859375 0.8787320624999999 0.204898359375 0.9166953890625 0.26169594375 0.9220502843749999 0.26886625625 0.887337353125 0.2059960859375 0.8787320624999999
2 0.020435896875 0.8097073312499999 0.08544826875 0.8134946078124999 0.08904043125 0.7789571515625 0.017893514062499997 0.7733495484375 0.020435896875 0.8097073312499999
2 0.4182163984375 0.261181546875 0.5299720078125 0.2729871890625 0.5337759453124999 0.25712860000000004 0.4165595296875 0.24741659375 0.4182163984375 0.261181546875
2 0.5241550859374999 0.40667064999999997 0.523604740625 0.41717186406250006 0.5874243375 0.4246784609375 0.5904487281249999 0.4123495359375 0.5241550859374999 0.40667064999999997
2 0.5260324078124999 0.0872248625 0.5252864578125 0.10145845312499999 0.595286371875 0.11583228906250001 0.61669195 0.104463553125 0.5260324078124999 0.0872248625
2 0.8290479890625001 0.216103846875 0.8189479875 0.2613685375 0.8747445875000001 0.263103584375 0.8830091078125 0.230231690625 0.8290479890625001 0.216103846875
2 0.76204669375 0.0650981328125 0.8005563953125 0.067712471875 0.803169746875 0.029191764062499997 0.7663766203125 0.0278580828125 0.76204669375 0.0650981328125
2 0.84935455625 0.463979753125 0.8280142421875001 0.46272835937499995 0.8160017421875001 0.49910577968750003 0.8492046171875 0.5008458671875 0.84935455625 0.463979753125
2 0.8526658484375 0.5879886265625001 0.8453908218749999 0.618997253125 0.8808427015625 0.62323346875 0.8829602578125 0.5942029437499999 0.8526658484375 0.5879886265625001
2 0.869838009375 0.9693850390625001 0.8981924828125001 0.97337661875 0.903811215625 0.9729837187499999 0.9092802734375001 0.9542050468750001 0.8752007953125001 0.9464718046874999 0.869838009375 0.9693850390625001
2 0.2547035796875 0.6130186265625001 0.17227812343749999 0.6031663109375 0.18081829375 0.6727821109375001 0.24769571250000003 0.6786668328125 0.2547035796875 0.6130186265625001