2 0.21440550625000002 0.2861267765625 0.24886134843750002 0.2724215234375 0.23310374218750002 0.20772685000000002 0.1987230546875 0.2161896734375 0.21440550625000002 0.2861267765625
2 0.5176614796875 0.8850511187500001 0.528393334375 0.9412706937499999 0.55685803125 0.93409455 0.5473327359375 0.8756571781250001 0.5176614796875 0.8850511187500001
2 0.5509701125 0.8758478046875 0.5663977828125 0.9642478999999999 0.599244384375 0.9522831359374999 0.5833688359375 0.866596803125 0.5509701125 0.8758478046875
2 0.6244397312500001 1 0.6459459484375001 0.994876796875 0.6191676375 0.8620860531250001 0.585954375 0.869469540625 0.614044453125 1 0.6244397312500001 1
2 0.620890953125 0.8640011937500001 0.6477169515625001 0.9958820218750001 0.680724134375 0.9862067046874999 0.6550129890624999 0.8566653328125 0.620890953125 0.8640011937500001
2 0.6765205171875001 0.9508585343749999 0.6853344421875 0.9914665859375 0.7185560875 0.9824868171875 0.7098291515625 0.94165521875 0.6765205171875001 0.9508585343749999
2 0.6683742046875001 0.8975116984374999 0.6761828421875 0.939891890625 0.7098645421875001 0.9307081281249999 0.7005821796875 0.8919003484375001 0.6683742046875001 0.8975116984374999
2 0.659607965625 0.8559937328125 0.6692352921875 0.8984692375 0.7009345625 0.8834790046875 0.6908594781249999 0.85124466875 0.659607965625 0.8559937328125
2 0.69731969375 0.8497584109374999 0.72309385625 0.9843213515624999 0.755548690625 0.9730203640624999 0.7304852671875001 0.8432848343750001 0.69731969375 0.8497584109374999
2 0.75654168125 0.9550522671874999 0.7609486421875 0.9753562921875 0.79463725 0.9670853046874999 0.7888938515625 0.9467112375 0.75654168125 0.9550522671874999
2 0.73321273125 0.843427775 0.7543864546875 0.94399036875 0.7885233640625 0.9314089156250001 0.768340053125 0.8343197734375 0.73321273125 0.843427775