2 0.414579665625 0.9314865687499999 0.4016073171875 0.8488239078125 0.33867672187500003 0.8595079734375 0.34986680312499996 0.9409675078124999 0.414579665625 0.9314865687499999
2 0.4808137109375 0.690939828125 0.492874075 0.7768765671875 0.5537335015625 0.763497128125 0.5458165953125 0.6829509171875 0.4808137109375 0.690939828125
2 0.46471636875 0.37641159687500003 0.4710359890625 0.438838459375 0.48818508281249995 0.43504037812499996 0.484751871875 0.37437563749999997 0.46471636875 0.37641159687500003
2 0.49497197968749995 0.43650895937499995 0.51736248125 0.4321566875 0.5122945359375 0.37273898125 0.4888535640625 0.37636617031249997 0.49497197968749995 0.43650895937499995
2 0.8205219593749999 0.6111226140625 0.8295979859375 0.669993546875 0.8641005359375 0.653761871875 0.8572366953125 0.599339621875 0.8205219593749999 0.6111226140625
2 0.80326683125 0.61819376875 0.8276810109375001 0.6097310359375 0.8194752140625001 0.572296571875 0.798545390625 0.57450636875 0.80326683125 0.61819376875
2 0.85184095625 0.5715809515625 0.8280801625 0.57852276875 0.832552171875 0.6013499859375 0.8559931421875 0.5977227968750001 0.85184095625 0.5715809515625
2 0.7618042046875 0.5574870062499999 0.77509818125 0.61669964375 0.79906885 0.6106463062499999 0.7872330359374999 0.54975631875 0.7618042046875 0.5574870062499999
2 0.417660371875 0.38277053437499997 0.42599231406250004 0.46385635937499997 0.46894661875 0.4555068875 0.45827758437500005 0.3767338953125 0.417660371875 0.38277053437499997
2 0.9040473406249999 0.7677319015624999 0.919750421875 0.8708490953125001 0.971517103125 0.8568372546875 0.961145690625 0.7557038328125001 0.9040473406249999 0.7677319015624999
2 1 0.7967820859375 0.9791454203125 0.8005272906249999 0.9879648953125001 0.8692054703125001 1 0.86639100625 1 0.7967820859375
2 0.8449137703125 0.3870726484375 0.8530218796875 0.47377762656250005 0.894584309375 0.4610523390625 0.8873218640625 0.380687896875 0.8449137703125 0.3870726484375
2 1 0.515674209375 0.9523585421874999 0.524164090625 0.9615234453125 0.5897549843750001 1 0.582593225 1 0.515674209375