2 0.2572462078125 0.2100863671875 0.2442822890625 0.321849771875 0.2615693625 0.3239762 0.27993324531249997 0.212078965625 0.2572462078125 0.2100863671875
2 0.17631485625 0.14252908125 0.171927984375 0.183735878125 0.21195401875000003 0.1889962328125 0.21818713281250002 0.145312728125 0.17631485625 0.14252908125
2 0.34241369375 0.23096018906250002 0.25127174218750004 0.3393062265625 0.2665595703125 0.35143349218750003 0.3577802484375 0.2444573390625 0.34241369375 0.23096018906250002
2 0.338257159375 0.2730833453125 0.3059612453125 0.340260834375 0.32679762343749996 0.347923253125 0.3581351078125 0.2763954203125 0.338257159375 0.2730833453125
2 0.3417408625 0.98819034375 0.338818884375 0.9128713218750001 0.31699084375000003 0.9097532921875 0.318463584375 0.9298504703124999 0.3084695859375 0.9278513453125001 0.3092896015625 0.98534305625 0.3417408625 0.98819034375
2 0.354017240625 0.93822595 0.35657573125 0.992554815625 0.3866066265625 0.9958160265625 0.385178171875 0.9209792421874999 0.37609509375 0.9189960171875 0.3730575671875 0.9362774515625001 0.354017240625 0.93822595
2 0.399779528125 0.9299013359374999 0.40131785625000005 0.98877409375 0.4332354171875 0.988418878125 0.43236763749999996 0.9336633531249999 0.399779528125 0.9299013359374999
2 0.6161977859375 0.9012908749999999 0.621894234375 0.9406209109375 0.65747368125 0.9394172718749999 0.6564148609375 0.8956064874999999 0.6161977859375 0.9012908749999999
2 0.5679613046875 1 0.564888225 0.9679083937499999 0.54027851875 0.96747883125 0.5399749921875 0.99963350625 0.5609714453125 1 0.5679613046875 1
2 0.5916531609375 1 0.590457753125 0.96561769375 0.573108140625 0.9671395359374999 0.5753372859375 0.9991103328125 0.5855314828125 1 0.5916531609375 1
2 0.6083654875 1 0.6129598328125 0.9997670359375 0.6139177359375 0.9797122859374999 0.596566984375 0.9812341046874999 0.5962394234375 1 0.6083654875 1
2 0.592014771875 0.9583461546875001 0.5938489984374999 0.9802743234375001 0.614844578125 0.9788161234375 0.6151470609375 0.96148695 0.592014771875 0.9583461546875001
2 0.549860175 0.825321096875 0.5547587734375 0.8691989031249999 0.6359764859375 0.8651425265625001 0.6321507828125 0.8231081265625001 0.549860175 0.825321096875
2 0.5855749 0.739272234375 0.5814618406250001 0.6452294578125 0.5112457078125 0.645828509375 0.5124035234375001 0.7361703421875 0.5855749 0.739272234375
2 0.858884315625 0.48009844843750005 0.8573975296875 0.39821510312499997 0.8351081656250001 0.398332390625 0.837264075 0.47794656562500004 0.858884315625 0.48009844843750005