2 0.147183065625 0.7492423640625 0.20663442031249998 0.741424475 0.2008815921875 0.6928733828125 0.131191078125 0.70093236875 0.147183065625 0.7492423640625
2 0.1107204875 0.227875325 0.11617214375 0.29018804062500003 0.1624264234375 0.29071974218749996 0.1438835375 0.2184336515625 0.1107204875 0.227875325
2 0.3589508078125 0.8536778671875 0.3494939265625 0.7904072765625 0.3173511296875 0.7906039812500001 0.3281551 0.8602969984375 0.3589508078125 0.8536778671875
2 0.3584052640625 0.981921515625 0.3500185125 0.915941875 0.29787664999999997 0.9231191234375 0.30758125937499997 0.9837526140625 0.3584052640625 0.981921515625
2 0.10975517500000001 0.4110968078125 0.1177355765625 0.45749115468749996 0.15524452187499999 0.45159297656249997 0.1463088171875 0.41051534843750004 0.10975517500000001 0.4110968078125
2 0.5451696109374999 0.770672446875 0.5374642046875 0.71248061875 0.5069683796875 0.7151486578124999 0.5191083859375001 0.7716442234375 0.5451696109374999 0.770672446875
2 0.5519437671875 0.2952306515625 0.5426004765625 0.2332584078125 0.5053710437500001 0.2296479234375 0.5168009265625 0.296996965625 0.5519437671875 0.2952306515625
2 0.788590465625 0.7886187125 0.78377130625 0.7484892171874999 0.7425070359375 0.753407659375 0.74871200625 0.7960324812499999 0.788590465625 0.7886187125
2 0.7869514468750001 0.7848383984375 0.7983702546875 0.8256987828125 0.8382873843749999 0.8202446312499999 0.8307215390625 0.7770841546875 0.7869514468750001 0.7848383984375
2 0.9800682390625 0.8254994015625 0.9720210234375 0.7634137671875 0.930051453125 0.7618536328125 0.9383247140625001 0.8265360609375 0.9800682390625 0.8254994015625
2 0.947379475 0.5863574500000001 0.9383290437499999 0.5426732890625 0.8720836984375 0.552392715625 0.8802572062499999 0.5961535984374999 0.947379475 0.5863574500000001
2 0.702184521875 0.040084440625 0.6999387968749999 0.042570128125 0.70779758125 0.0893013296875 0.7498161999999999 0.076468325 0.7437009640625 0.036452221875 0.702184521875 0.040084440625