2 0.4200064765625 0.64481053125 0.420085046875 0.6773018609375 0.5016361078125 0.667794928125 0.49800836249999997 0.633279234375 0.4200064765625 0.64481053125
2 0.6641787703124999 0.5799814671875 0.5857833265625 0.5957206234375 0.5888891453125 0.6252705125 0.66473629375 0.6090883421875 0.6641787703124999 0.5799814671875
2 0.6674873828125001 0.53213405625 0.5579270281250001 0.5528158359375 0.5623032718750001 0.5865225171875 0.669348521875 0.5577720953124999 0.6674873828125001 0.53213405625
2 0.5813693421874999 0.5378524609374999 0.694707590625 0.5134406421875 0.689343921875 0.4802550796875 0.5780774703125 0.5065323921875 0.5813693421874999 0.5378524609374999
2 0.3775986375 0.6459348078125 0.5116408703124999 0.620180440625 0.509896471875 0.587711709375 0.376433546875 0.6110582375 0.3775986375 0.6459348078125
2 0.41011993437500005 0.598351134375 0.46750448437500003 0.5889868078125 0.46725148125000004 0.55484675625 0.4040071828125 0.5639945843749999 0.41011993437500005 0.598351134375
2 0.411138378125 0.504911828125 0.41260822499999994 0.5347574875000001 0.49097173749999995 0.5167400890625 0.4842385421875 0.48639625937500003 0.411138378125 0.504911828125
2 0.3910925796875 0.47285322812499997 0.3974234390625 0.5013544484375 0.45739084218750004 0.4848314359375 0.45099621718750005 0.45572352499999996 0.3910925796875 0.47285322812499997
2 0.6601867109375 0.3754046265625 0.5476281937499999 0.40723510156250003 0.5515355375000001 0.4384549390625 0.6623943296875 0.40433921406250006 0.6601867109375 0.3754046265625
2 0.49971504843750003 0.37977138906249996 0.5060459093749999 0.40827260781249997 0.7064540734375 0.3554659859375 0.6967038875 0.31823444843750004 0.49971504843750003 0.37977138906249996
2 0.785300428125 0.29642308906250003 0.72383334375 0.3145495 0.7301122390625 0.3425562921875 0.7891567703125 0.3251832421875 0.785300428125 0.29642308906250003
2 0.7952497734375 0.2562118484375 0.7382117046875 0.268872725 0.7404283546875 0.3018639421875 0.797629440625 0.28679426406249997 0.7952497734375 0.2562118484375
2 0.3856866859375 0.381756203125 0.42605337812500005 0.385014103125 0.4268107921875 0.352546121875 0.3868657875 0.35330033125 0.3856866859375 0.381756203125
2 0.342807853125 0.3545968921875 0.4196818109375 0.34818417031250004 0.423832453125 0.314293271875 0.3434671734375 0.3211956265625 0.342807853125 0.3545968921875
2 0.46391179375 0.3485354359375 0.46655242656249996 0.3815898625 0.702934021875 0.312059084375 0.70113985 0.2811021265625 0.46391179375 0.3485354359375
2 0.4551443984375 0.3444569015625 0.5514687703125001 0.31683328906249997 0.5491176484375 0.286533359375 0.45250478125000004 0.311401221875 0.4551443984375 0.3444569015625
2 0.35519373593750003 0.28996296718750003 0.396907478125 0.28224570781249997 0.3931870375 0.250807875 0.35098977656249997 0.25790637968749996 0.35519373593750003 0.28996296718750003
2 0.4800772828125 0.2643376890625 0.5201433171875001 0.2567936109375 0.5186889171875 0.2251095828125 0.47678541093750004 0.2330176203125 0.4800772828125 0.2643376890625
2 0.5982776765625 0.238581309375 0.6559668656250001 0.2241849390625 0.652927390625 0.1932809046875 0.595723575 0.2063501703125 0.5982776765625 0.238581309375
2 0.7073182499999999 0.2129541375 0.763531896875 0.200379909375 0.7659500718750001 0.1678520296875 0.6999897875000001 0.1828918609375 0.7073182499999999 0.2129541375
2 0.44106299218749995 0.23427275781249998 0.513770615625 0.21996379687499998 0.5150047953125 0.1900575046875 0.43499095 0.208244921875 0.44106299218749995 0.23427275781249998
2 0.348647853125 0.2514854453125 0.42005210000000004 0.2406475890625 0.42014683125 0.20980510156249998 0.3440524859375 0.223635346875 0.348647853125 0.2514854453125
2 0.6346226796875001 0.18968884218749998 0.6601021593749999 0.1861773125 0.6563518484374999 0.156440634375 0.6305919015625 0.1592799640625 0.6346226796875001 0.18968884218749998