2 0.5590613 0.3454658078125 0.554461578125 0.3133016171875 0.47502727499999997 0.3340657421875 0.48342337031250004 0.367740646875 0.5590613 0.3454658078125
2 0.3262877359375 0.44364617656250005 0.4017297734375 0.4171496546875 0.39454163124999997 0.388319590625 0.3216847453125 0.414900159375 0.3262877359375 0.44364617656250005
2 0.32967039531250003 0.49148840937499993 0.4352861703125 0.45576004843750006 0.42626145156249995 0.422990453125 0.3242592453125 0.466358896875 0.32967039531250003 0.49148840937499993
2 0.4141544953125 0.4738403421875 0.3053167140625 0.5137882203124999 0.3152467234375 0.5459043453125 0.421773240625 0.5043974640625 0.4141544953125 0.4738403421875
2 0.6008999625 0.33845044375 0.4717465328125 0.3826092421875 0.4779927296875 0.4145192171875 0.6069075921875 0.37282544687499997 0.6008999625 0.33845044375
2 0.575317528125 0.3900971234375 0.519794703125 0.40735670468749996 0.52479661875 0.44112929687499997 0.586152296875 0.4232685890625 0.575317528125 0.3900971234375
2 0.5873132328125 0.48276882656250003 0.5817039765625001 0.4534181859375 0.5066106296874999 0.4821663328125 0.51750134375 0.511277778125 0.5873132328125 0.48276882656250003
2 0.6116256421874999 0.5117255984375 0.6013897921875 0.48438283593750003 0.54430554375 0.5090908953125 0.554688978125 0.5370255703125 0.6116256421874999 0.5117255984375
2 0.358712540625 0.6456765015625 0.4657457 0.59849068125 0.4575314203125 0.5681184703125 0.3524994890625 0.61733074375 0.358712540625 0.6456765015625
2 0.517014765625 0.619018896875 0.506778915625 0.591676134375 0.315670371875 0.671860271875 0.3305072953125 0.7073725125 0.517014765625 0.619018896875
2 0.2458085265625 0.7413018609375001 0.30415470624999996 0.714797290625 0.29403912656250003 0.6879369109375 0.23798707343749997 0.713358296875 0.2458085265625 0.7413018609375001
2 0.2415523296875 0.78250645 0.29627325625 0.7620306203125 0.2894866859375 0.729668971875 0.2349395734375 0.75255284375 0.2415523296875 0.78250645
2 0.62965718125 0.6011837171875001 0.589229921875 0.6035754812499999 0.5929985484375 0.635832896875 0.6324498453125 0.629526759375 0.62965718125 0.6011837171875001
2 0.6758985656250001 0.6221111359375 0.6006652171875 0.6391602359374999 0.6012716703125001 0.67329896875 0.67989421875 0.655279103125 0.6758985656250001 0.6221111359375
2 0.556816790625 0.6449680140625 0.549601571875 0.6126027734374999 0.32519723906250003 0.7143548453124999 0.3312823265625 0.74476083125 0.556816790625 0.6449680140625
2 0.5660664843750001 0.6477866703124999 0.474524 0.6885472125 0.48106917656250003 0.7182250546875 0.573280875 0.6801532906250001 0.5660664843750001 0.6477866703124999
2 0.6726285265625 0.68783983125 0.6323947734375001 0.701287415625 0.64045430625 0.7319015125 0.6812529859375 0.7189993671875 0.6726285265625 0.68783983125
2 0.5525266859375 0.7305961562500001 0.513900503125 0.7436429296875 0.5197503140624999 0.774816196875 0.5601454328125001 0.7611532796875 0.5525266859375 0.7305961562500001
2 0.43906120625 0.7725521921875 0.3839370296875 0.7948372406249999 0.39124793593749996 0.82501750625 0.4460761578125 0.8041141984375001 0.43906120625 0.7725521921875
2 0.33464842031250003 0.8131054750000001 0.280731834375 0.833380759375 0.282864196875 0.8659286249999999 0.3460894234375 0.8418552640625 0.33464842031250003 0.8131054750000001
2 0.595345521875 0.75493875625 0.5253369046875 0.779227409375 0.5282768875 0.80901441875 0.604980846875 0.7798682265625 0.595345521875 0.75493875625
2 0.6844657390625 0.72503188125 0.6152647328125 0.745701815625 0.6194633671875 0.776257328125 0.6928923703125001 0.7519713921875 0.6844657390625 0.72503188125
2 0.40987442500000004 0.8260270875 0.38513162031250003 0.8330505 0.3929839796875 0.8619758421875 0.4180980734375 0.8555790515625 0.40987442500000004 0.8260270875