2 0.8785186906250001 0.600445759375 0.9745595703125 0.5946777171875001 0.9704442500000001 0.5382830953125 0.8791206921875 0.539654365625 0.8785186906250001 0.600445759375
2 0.9093566796875001 0.7084463890625 0.9690636312500001 0.708508503125 0.9677742640625 0.65829380625 0.906839253125 0.66072626875 0.9093566796875001 0.7084463890625
2 0.8523363015625 0.6532106734375 0.9346128109375 0.6495336593750001 0.9383943671875 0.6283813687500001 0.8532540750000001 0.6269290859375001 0.8523363015625 0.6532106734375
2 0.676619496875 0.2832531046875 0.73723639375 0.289930253125 0.7502404515625 0.26605939843750004 0.6864783078125 0.26231303437500003 0.676619496875 0.2832531046875
2 0.10925524375 0.20511173125 0.0599698 0.2115484078125 0.064880484375 0.245166721875 0.110886940625 0.2346108203125 0.10925524375 0.20511173125
2 0.12420855156249999 0.1580941203125 0.053963109375 0.16573047968750002 0.0528495890625 0.1976175421875 0.12143506562499999 0.19393135781249998 0.12420855156249999 0.1580941203125
2 0.205834525 0.10770118125000001 0.10265629999999999 0.121821571875 0.1015957859375 0.15219074375 0.20517993906249998 0.1482058609375 0.205834525 0.10770118125000001
2 0.2016622140625 0.0638184609375 0.099582796875 0.07914555 0.1029744546875 0.11271081875 0.20226549375 0.1009750328125 0.2016622140625 0.0638184609375
2 0.622867384375 0.7769949453125 0.703872478125 0.7661414843750001 0.7015767828125 0.744776971875 0.6143872421875 0.7584550890624999 0.622867384375 0.7769949453125
2 0.612209875 0.7227895281250001 0.610200178125 0.7476672703125 0.703467009375 0.7342002359375 0.699757196875 0.70974571875 0.612209875 0.7227895281250001
2 0.591131034375 0.9996843656250001 0.5913445890625 0.9826563593750001 0.5212400828125 0.9862894984375 0.51777668125 0.9983310359375 0.591131034375 0.9996843656250001