2 0.7283993703125 0.047018031249999995 0.717381834375 0.12078868125 0.7782885203125 0.1267451125 0.790431259375 0.0586494046875 0.7283993703125 0.047018031249999995
2 0.556548434375 0.029215023437499998 0.48689427500000004 0.0205377890625 0.48229983593750003 0.0933434265625 0.54394933125 0.099457746875 0.556548434375 0.029215023437499998
2 0.43181368906250006 0.049330825 0.356060609375 0.0401044546875 0.3472542375 0.10347238750000001 0.41798453125 0.1107393515625 0.43181368906250006 0.049330825
2 1 0.23173215156250002 0.9587067125000001 0.22489702656250002 0.945793790625 0.30758476875 0.9910532375000001 0.315859715625 1 0.27281581093749996 1 0.23173215156250002
2 0.80017123125 0.42780175624999994 0.7434097109375 0.4261128390625 0.737474146875 0.461353534375 0.7909437859375 0.46572917187499996 0.80017123125 0.42780175624999994
2 0.67902498125 0.37437119218750003 0.617644390625 0.3706443140625 0.6019158765625 0.4519572125 0.66574916875 0.462418740625 0.67902498125 0.37437119218750003
2 0.5590863749999999 0.36004393281249997 0.5004982328125 0.3550641 0.49390326562500003 0.40802820000000006 0.5519934828124999 0.4126084328125 0.5590863749999999 0.36004393281249997
2 0.46246013125 0.5221348203125 0.52883441875 0.5343581359375 0.5390552796875 0.48993080000000006 0.47193026250000003 0.48032350468749996 0.46246013125 0.5221348203125
2 0.7717226546875 0.56164179375 0.7655275640625 0.6017560093750001 0.8291388234375001 0.60595703125 0.837510053125 0.5665734859375 0.7717226546875 0.56164179375
2 0.7920009046875001 0.7038969390625 0.7501995906250001 0.6994637 0.7383728671875 0.766072665625 0.7853095109375 0.7682833 0.7920009046875001 0.7038969390625
2 0.8609865984375 0.763246028125 0.9089052578124999 0.768147221875 0.9143671515625 0.7351349640625 0.8670034765624999 0.731280815625 0.8609865984375 0.763246028125
2 0.7936175999999999 0.8790992890625 0.740797365625 0.8753209828124999 0.7297022953125001 0.9055819625 0.7845671609375 0.9180202218750001 0.7936175999999999 0.8790992890625
2 0.5233780343750001 0.6788568171875 0.483005696875 0.6768431046875001 0.48772195468749996 0.731435109375 0.516338475 0.7320807968749999 0.5233780343750001 0.6788568171875
2 0.5443830875 0.8999517031250001 0.570857840625 0.9033630421875 0.5702343875 0.8807063906250001 0.547722715625 0.8805819546875 0.5443830875 0.8999517031250001
2 0.5833884109375 0.8489852546875 0.5376831890625 0.8473814234375 0.5348126171875001 0.8755075453125001 0.5842959453125001 0.8767055828125001 0.5833884109375 0.8489852546875