2 0 0.4997004734375 0.063430953125 0.47846970312500003 0.0410871140625 0.4214972875 0 0.433972171875 0 0.4997004734375
2 0.054855062499999996 0.6633468828125 0.0787459171875 0.7293485734375 0.145702046875 0.7003891828125 0.1231616609375 0.6426832359375 0.054855062499999996 0.6633468828125
2 0.1294067625 0.7653539734375 0.155577184375 0.8370391453125 0.216036434375 0.8161172390625 0.190400465625 0.7497969531249999 0.1294067625 0.7653539734375
2 0.126170628125 0.19014951093750002 0.11299630000000001 0.1460663015625 0.031446053125 0.168311903125 0.0466329671875 0.2161834625 0.126170628125 0.19014951093750002
2 0.29939600781250003 0.2653227890625 0.3236603609375 0.31666442968749997 0.357754740625 0.3059541140625 0.3373787546875 0.25632581875 0.29939600781250003 0.2653227890625
2 0.306788271875 0.3975218578125 0.3313338046875 0.45390433281250003 0.410924721875 0.4310032578125 0.3912663046875 0.36937794375 0.306788271875 0.3975218578125
2 0.348473578125 0.5108923796875 0.37063497343749996 0.5653555921875 0.4208203859375 0.547186553125 0.3985289984375 0.4933484078125 0.348473578125 0.5108923796875
2 0.536765015625 0.523399271875 0.5175227703124999 0.4587100765625 0.47329755 0.4697728125 0.4952115078125 0.5339432625 0.536765015625 0.523399271875
2 0.4315637375 0.22990855312499997 0.4701182765625 0.21721694687499998 0.44498250625 0.1586316765625 0.4060910515625 0.1690526109375 0.4315637375 0.22990855312499997
2 0.5491078671875 0.1472580140625 0.5641352203125 0.1865159078125 0.6288534625 0.16681375781250002 0.6095143625 0.12398929375000001 0.5491078671875 0.1472580140625
2 0.5706694421875 0.0588473890625 0.5532818234375 0.01392645625 0.5213880359374999 0.0240471234375 0.5394566249999999 0.06799821406249999 0.5706694421875 0.0588473890625
2 0.7044803390625 0.066277328125 0.7250937296875 0.115055815625 0.7570935140625 0.111203396875 0.7432679578125 0.056671592187499994 0.7044803390625 0.066277328125
2 0.6487491859375 0.39797072187500004 0.6652836125 0.434856946875 0.71178430625 0.40587047812500004 0.6993679921875 0.380079834375 0.6487491859375 0.39797072187500004
2 0.8362100781249999 0.27888010625000004 0.8272303171875001 0.25374221406249997 0.807326134375 0.26458361875 0.8174353453125001 0.28469815781249996 0.8362100781249999 0.27888010625000004
2 0.77309059375 0.26726439375 0.7924113046875 0.30871616875 0.8187750749999999 0.29850487187499997 0.7973775734374999 0.2538710078125 0.77309059375 0.26726439375