2 0.738060271875 0.185996034375 0.7454813984374999 0.10410708125000001 0.6802943734375 0.09878779843749999 0.674339190625 0.1822499640625 0.738060271875 0.185996034375
2 0.5069176421875 0.231168878125 0.49651268281250005 0.3114316109375 0.5616466609375 0.3182699234375 0.5692269640625 0.2318227453125 0.5069176421875 0.231168878125
2 0.49689936562500003 0.565952490625 0.4865979875 0.6258347015625 0.506577971875 0.62835793125 0.5144633125 0.566109459375 0.49689936562500003 0.565952490625
2 0.459393071875 0.6212336578125 0.4830491921875 0.6229725046875 0.49061677656249997 0.562994828125 0.46782109375 0.562198784375 0.459393071875 0.6212336578125
2 0.17982023125 0.2682742359375 0.1742658109375 0.322845675 0.21269014687499999 0.3196236984375 0.21708981718749998 0.2602199609375 0.17982023125 0.2682742359375
2 0.20497610625 0.3576901 0.22586659375 0.3602451265625 0.231093690625 0.3166153375 0.2054015453125 0.31936917343750004 0.20497610625 0.3576901
2 0.1987699046875 0.326439646875 0.175113784375 0.3247008 0.173278915625 0.35110666875 0.1979922890625 0.3496877875 0.1987699046875 0.326439646875
2 0.23348627031250002 0.3249136984375 0.2313214640625 0.38690555781249997 0.2578375828125 0.38509325 0.258204275 0.324407734375 0.23348627031250002 0.3249136984375
2 0.5202487125 0.550338246875 0.5129242328125 0.6294923046875 0.5538583765625 0.6327472703125 0.563980325 0.5518653875 0.5202487125 0.550338246875
2 0.120838765625 0.0462401890625 0.108194290625 0.1471146296875 0.1665349390625 0.148239175 0.1744306484375 0.04423244375 0.120838765625 0.0462401890625
2 0.0632503703125 0.097544996875 0.1007389765625 0.09939093593750001 0.107594771875 0.030489024999999996 0.075057890625 0.0305812140625 0.0632503703125 0.097544996875
2 0.1067675421875 0.449187278125 0.0957657859375 0.5291256796875 0.1385232203125 0.532444315625 0.15012729687499998 0.4461376515625 0.1067675421875 0.449187278125
2 0.0148256296875 0.37217534531249996 0.064671115625 0.3746967015625 0.0704958484375 0.3087252453125 0.0263474890625 0.30683163593749996 0.0148256296875 0.37217534531249996