2 0.5568294421875 0.91545345 0.5646806875 0.8408079078125 0.48703418593750003 0.8345611625 0.48524294218749997 0.9060582734375 0.5568294421875 0.91545345
2 0.9154018796875001 0.5640256671875 0.9128210890625 0.640858921875 0.9804787656249999 0.6358769171875001 0.982269990625 0.5643786671875 0.9154018796875001 0.5640256671875
2 0.9375460703125 0.2656085703125 0.9375851640624999 0.3173067546875 0.9887123515624999 0.3240175359375 0.990662778125 0.26163990312499996 0.9375460703125 0.2656085703125
2 0.8573030421875 0.1955422328125 0.9088279046875 0.19426310156249998 0.9079725062499999 0.13839722968749998 0.85186940625 0.1454583984375 0.8573030421875 0.1955422328125
2 0.4086104953125 0.3463070203125 0.3987681890625 0.48257024218750005 0.44764278593749995 0.49312137656250005 0.45261230625 0.34249859374999997 0.4086104953125 0.3463070203125
2 0.35177752500000004 0.485671315625 0.3912755 0.48498187656249997 0.40087533437499995 0.425512234375 0.365854646875 0.42156182343750004 0.35177752500000004 0.485671315625
2 0.3341634359375 0.483697921875 0.3369647671875 0.4205447734375 0.3111651453125 0.42251643281250006 0.3002335953125 0.4926529015625 0.3341634359375 0.483697921875
2 0.4589374265625 0.118484075 0.45945882187500003 0.038265493750000004 0.3826194015625 0.07610031874999999 0.3803770984375 0.1217564390625 0.4589374265625 0.118484075
2 0.40018590468750004 0.0377799203125 0.4037114203125 0.003505646875 0.3311932796875 0.0028703671875 0.32716041875 0.0329715625 0.40018590468750004 0.0377799203125
2 0.3166179921875 0.560792384375 0.28482247968749996 0.5674292624999999 0.268211203125 0.6604745015625 0.3153839703125 0.664212796875 0.3166179921875 0.560792384375
2 0.3888474515625 0.5199965171875001 0.377260153125 0.5570732609375 0.4046757828125 0.5562138187500001 0.40862355624999996 0.52117265 0.3888474515625 0.5199965171875001
2 0.37386202343749997 0.6190952625 0.3749196125 0.6407448687499999 0.4015517046875 0.6383789156249999 0.40720378593750006 0.6139515828125 0.37386202343749997 0.6190952625
2 0.35205589375 0.6757364546875 0.3560567203125 0.64373473125 0.33023055 0.6441855296875 0.3277494484375 0.6761607234375 0.35205589375 0.6757364546875
2 0.36595460156250004 0.514314228125 0.34623157187500003 0.51617868125 0.346468846875 0.5348151125 0.36635260468749997 0.5371157734375 0.36595460156250004 0.514314228125
2 0.31642324374999997 0.5562340859375 0.3210964203125 0.556152515625 0.33772693125000003 0.5513005296875 0.3416216296875 0.5132187765625 0.31893989375 0.519696571875 0.31642324374999997 0.5562340859375
2 0.3202135015625 0.5926615125 0.317783078125 0.6341389796875 0.3376146296875 0.631892871875 0.34305443750000003 0.595304334375 0.3202135015625 0.5926615125