2 0.367659065625 0.5159122 0.3329532484375 0.5159122015625 0.3320228046875 0.5980102625 0.36434435625 0.59469213125 0.367659065625 0.5159122
2 0.3742896234375 0.3475689859375 0.36612428750000003 0.42469213124999994 0.3958369453125 0.42469213281249996 0.40329532500000004 0.3450809578125 0.3742896234375 0.3475689859375
2 0.4248426453125 0.337618015625 0.407438996875 0.4470820984375 0.44141847187499994 0.4479110609375 0.45053477812500003 0.3367890546875 0.4248426453125 0.337618015625
2 0.48534207656249995 0.42303306718749994 0.4998449265625 0.30962941875 0.46628050312499997 0.30776396875 0.4538494875 0.42303306718749994 0.48534207656249995 0.42303306718749994
2 0.40246636249999995 0.6344982906250001 0.41173432187500003 0.49932611250000003 0.3792611171875 0.5009851765625 0.367659065625 0.6369851765625001 0.40246636249999995 0.6344982906250001
2 0.446389965625 0.6021562140625 0.4488768515625 0.538302165625 0.41489737812499994 0.54161915625 0.41158266718750003 0.5996681875000001 0.446389965625 0.6021562140625
2 0.5151767375 0.5142531359375 0.484295325 0.5107286203125 0.47456784531249996 0.5905461812499999 0.5044036484375 0.5888882546875001 0.5151767375 0.5142531359375
2 0.5491562140624999 0.5441071843749999 0.5195393390625 0.5407901953125 0.5093751421875 0.6021562140625 0.538381984375 0.6054732031250001 0.5491562140624999 0.5441071843749999
2 0.578161915625 0.328496009375 0.5558209796875 0.44231356875000005 0.5872782203125 0.4429361453125 0.6071687578125 0.327667046875 0.578161915625 0.328496009375
2 0.6602086671875 0.28537400156250003 0.622161915625 0.2795689859375 0.59059293125 0.48439908750000005 0.6195997734375001 0.48771607812499995 0.6602086671875 0.28537400156250003
2 0.6436339796875 0.194153934375 0.6325279375 0.2546909921875 0.661037628125 0.25800798281250004 0.67263968125 0.1949828953125 0.6436339796875 0.194153934375
2 0.680927025 0.1817149375 0.6719190421875 0.24017787968749998 0.70496123125 0.23893386562500002 0.71159065 0.1808848359375 0.680927025 0.1817149375
2 0.6577217796875 0.597180159375 0.6542964640625 0.5573751437500001 0.62208551875 0.561522234375 0.6295450406249999 0.6013272515625 0.6577217796875 0.597180159375
2 0.6941870015625 0.6369851765625001 0.6926510828125 0.5563386546875 0.6593797046875001 0.5640091234375 0.661037628125 0.6411322703125 0.6941870015625 0.6369851765625001
2 0.6966738875 0.27708095781250003 0.6656989734375001 0.278532496875 0.621257696875 0.5208871140625 0.65440706875 0.520058153125 0.6966738875 0.27708095781250003
2 0.692530215625 0.5275210953125 0.70716305625 0.428838084375 0.6767833515625 0.429667046875 0.659379703125 0.5283511984375 0.692530215625 0.5275210953125
2 0.7563432156250001 0.6228882546875 0.75899201875 0.580180159375 0.7273375140625 0.5797662484375 0.7240228046875 0.622058153125 0.7563432156250001 0.6228882546875
2 0.7679464078125 0.495180159375 0.7714310156249999 0.45267958906250005 0.739768528125 0.45454504062499995 0.7364538203125 0.4951801609375 0.7679464078125 0.495180159375
2 0.782035346875 0.37410604375 0.789053590625 0.3158494875 0.758001140625 0.3160570125 0.749713796875 0.37493500625 0.782035346875 0.37410604375
2 0.7944663624999999 0.26795895000000003 0.802529075 0.2007879125 0.7704321562499999 0.20659293124999997 0.7638027359375 0.26381299999999996 0.7944663624999999 0.26795895000000003
2 0.796952109375 0.5341562140625 0.8066761687499999 0.45267958906250005 0.7770627140624999 0.45703306718750003 0.7704321546874999 0.530838084375 0.796952109375 0.5341562140625
2 0.791151653125 0.6262052453125 0.796952109375 0.549082096875 0.7662884828125 0.552400228125 0.7629737734375001 0.6245461796875 0.791151653125 0.6262052453125
2 0.8252029640625 0.33450855156250003 0.8253340937500001 0.30859292968749996 0.7953683015624999 0.3079714921875 0.7945393390625 0.3336784484375 0.8252029640625 0.33450855156250003