2 0 0.5330305640625 0.02460494375 0.683285896875 0.1021280125 0.6295233265625 0.015183943750000001 0.4860252296875 0 0.49576996093750003 0 0.5330305640625
2 0.340658275 0.2605544640625 0.3161857859375 0.028167667187500002 0.24468254374999998 0.039619095312500005 0.2788528796875 0.2683679765625 0.340658275 0.2605544640625
2 0.40642055 0.24895879999999998 0.40492673593750006 0.22300730781250003 0.3725730671875 0.23179657812499999 0.3723078921875 0.256515425 0.40642055 0.24895879999999998
2 0.43463858125000004 0.330336096875 0.42534757812499996 0.2537171109375 0.3863743546875 0.2663717546875 0.3909440046875 0.32724680781250004 0.43463858125000004 0.330336096875
2 0.491606528125 0.4174389859375 0.4901036453125 0.336747421875 0.45002362187499995 0.3476704578125 0.44940599218750005 0.41408625781249997 0.491606528125 0.4174389859375
2 0.536880634375 0.4819317265625 0.5468317875 0.42890496562499997 0.5104198625 0.42799995625 0.5029458734375 0.48174760625 0.536880634375 0.4819317265625
2 0.581452934375 0.5511743015625 0.5842115734375 0.48784939375 0.5449687125 0.49284220312500004 0.55006583125 0.5567086953125 0.581452934375 0.5511743015625
2 0.62514440625 0.6329076578125 0.6334616843750001 0.581325515625 0.6069471656250001 0.5821448953125 0.59745055 0.6331647421875 0.62514440625 0.6329076578125
2 0.706283125 0.9007921624999999 0.7113709328125 0.9685149859375001 0.7332934921875001 0.9665773703125 0.7220202046875001 0.9026433796875001 0.706283125 0.9007921624999999
2 0.7340653828125 0.8835567781250001 0.7407670375000001 0.96525958125 0.7696528625 0.9601662296875 0.758418228125 0.8730949796875 0.7340653828125 0.8835567781250001
2 0.25097384218749996 0.5385125390625001 0.1673546359375 0.3975126265625 0.0290751703125 0.4774080984375 0.11232711875000001 0.6261833046875 0.25097384218749996 0.5385125390625001