2 0.0233389703125 0.41035534218749997 0.0068149906250000005 0.41760593124999995 0.0009696078125 0.4507567484375 0.0017856140625 0.606661171875 0.086764565625 0.5656877890625001 0.0233389703125 0.41035534218749997
2 0.3800775703125 0.2385758984375 0.3922596828125 0.0052218281249999995 0.319845365625 0.0053466984375 0.3178107984375 0.23662472031249998 0.3800775703125 0.2385758984375
2 0.44684416406249994 0.23741048281250002 0.4494284484375 0.21154481249999998 0.4160981625 0.21516464218750003 0.41196937343749995 0.239537678125 0.44684416406249994 0.23741048281250002
2 0.46198457031249995 0.3222001625 0.4647938046875 0.24507105 0.424320784375 0.2514731390625 0.41931121875 0.31231356875 0.46198457031249995 0.3222001625
2 0.5046252546875001 0.41714242031250004 0.515763815625 0.3372092015625 0.4744685046875 0.341727859375 0.463468759375 0.40722935156249995 0.5046252546875001 0.41714242031250004
2 0.5392530734375 0.48792357812500003 0.5573769234375 0.43710636875000003 0.521554865625 0.430516421875 0.5057649078125 0.48243315937500003 0.5392530734375 0.48792357812500003
2 0.5724446890625 0.5632863078125 0.5850755624999999 0.50117258125 0.5455347984375 0.49996498437500003 0.54057824375 0.5638425390624999 0.5724446890625 0.5632863078125
2 0.6028123328125 0.6508482421874999 0.6190964359375 0.6012022703125 0.5927801765625 0.597863778125 0.5754192171875 0.6467698875 0.6028123328125 0.6508482421874999
2 0.6410457296875001 0.9281275359375 0.6354767156250001 0.9958124875 0.6574324796875 0.9973281703125 0.656299465625 0.932417784375 0.6410457296875001 0.9281275359375
2 0.67118215 0.91545045 0.6650201625000001 0.9971957265625001 0.69434713125 0.996683821875 0.6968717578125 0.9089270796875001 0.67118215 0.91545045
2 0.24801507812499998 0.4990821125 0.187482609375 0.3467372171875 0.0384071875 0.40401736875000005 0.09736059687500001 0.5639843796874999 0.24801507812499998 0.4990821125