2 0.580533684375 0.2919384125 0.608231365625 0.709715921875 0.6595823359375 0.7019793109375 0.627610075 0.2844589375 0.580533684375 0.2919384125
2 0.67942563125 1 0.662116440625 0.7631356375 0.61394318125 0.7692162421875001 0.626964409375 1 0.67942563125 1
2 0.7138322625 0.9948383359375 0.7556338703125001 0.988180934375 0.7450931234375 0.8258467890625001 0.6966153765625 0.8373031093750001 0.7138322625 0.9948383359375
2 0.8341783843749999 1 0.8276911968749999 0.9195650109375 0.7841815249999999 0.9196425421875001 0.7891724499999999 1 0.8341783843749999 1
2 0.9123722546874999 0.95932394375 0.892424390625 0.57117226875 0.8384170718749999 0.57679034375 0.863933053125 0.9641822953125001 0.9123722546874999 0.95932394375
2 0.93516299375 0.8304992718750001 0.976665375 0.6279353453125001 0.9229740734374999 0.63206668125 0.93516299375 0.8304992718750001
2 0.6455649890624999 0.1394519578125 0.6473067421875001 0.167799571875 0.7789778640625 0.1573182171875 0.772362096875 0.127545246875 0.6455649890624999 0.1394519578125
2 0.6078452296875 0.178063365625 0.6300098968750001 0.16878591406250001 0.625642146875 0.1383250484375 0.599843846875 0.1499391359375 0.6078452296875 0.178063365625
2 0.8280162359375 0.1580264953125 0.8197924171875 0.123638175 0.790512296875 0.12984927968749999 0.7961030671875 0.15901502812499999 0.8280162359375 0.1580264953125
2 0.5148485859374999 0.15518733125 0.5272196390625 0.2650635546875 0.602571959375 0.2686453984375 0.5927395484375 0.146875159375 0.5148485859374999 0.15518733125
2 1 0.11478398125 0.9397760828124999 0.1137815625 0.9378650875 0.1673868921875 1 0.16326322499999998 1 0.11478398125
2 0.8224255984375001 0.250096146875 0.8188157031250001 0.17938535625000002 0.5973372734375 0.1983667875 0.5974805859375001 0.2706721828125 0.8224255984375001 0.250096146875