2 0.6949626453125 0.6329825687499999 0.283674684375 0.5545770703125 0.27051379062500003 0.600391040625 0.68102559375 0.68300791875 0.6949626453125 0.6329825687499999
2 0.9821305890625001 0.74054941875 0.982039478125 0.687176378125 0.7533233640625 0.6459030718750001 0.7414172406249999 0.6929762171875 0.9821305890625001 0.74054941875
2 0.9533881765625001 0.813222703125 0.9650902890624999 0.7725440109374999 0.8108275171875 0.73625674375 0.7935486390625 0.78297696875 0.9533881765625001 0.813222703125
2 0.8765021265625 0.8763807484375 0.9806250015625 0.8977749375 0.9928084937499999 0.853872125 0.8818815765625001 0.8332048406249999 0.8765021265625 0.8763807484375
2 1 0.9300972625 0.9571285296875001 0.9257593828124999 0.9419938562500001 0.962095859375 1 0.9564582093749999 1 0.9300972625
2 0.522817259375 0.8981730359375 0.9056446781249999 0.9652760015625 0.91637006875 0.9177899421875001 0.53497529375 0.8452529515625 0.522817259375 0.8981730359375
2 0.5688908390625 0.9887037796874999 0.775002753125 0.9721970843750001 0.5795347046875 0.9359161671875 0.5688908390625 0.9887037796874999
2 0.1523235671875 0.6057236921875 0.12439951875 0.6005402171875 0.097128878125 0.7249411359375 0.125873665625 0.7351360015624999 0.1523235671875 0.6057236921875
2 0.1554105109375 0.5886759796875001 0.1673200046875 0.5678071609375 0.14038053281250001 0.5564379390624999 0.12570899375 0.580628540625 0.1554105109375 0.5886759796875001
2 0.0874706265625 0.7715417640625 0.12060039062500001 0.783895165625 0.12547079218749999 0.7523403453124999 0.097203784375 0.7432368390625 0.0874706265625 0.7715417640625
2 0.2634974953125 0.498385196875 0.15594792500000002 0.4727158125 0.138205190625 0.5490131890625001 0.257869503125 0.573612371875 0.2634974953125 0.498385196875
2 0.09630166875 1 0.116503809375 0.8940659671875 0.0630651546875 0.8894298703124999 0.0513532125 1 0.09630166875 1
2 0.142921309375 0.7773662015625 0.212665096875 0.7895666671875 0.2605016625 0.56880595 0.1887526859375 0.5598518953125 0.142921309375 0.7773662015625