2 0.671199609375 0.3077687375 0.265574234375 0.411756921875 0.2811148078125 0.45681931875000004 0.6877356859375 0.3569961234375 0.671199609375 0.3077687375
2 0.7309867921875 0.29465344843749997 0.7453402171875 0.3410389625 0.9715828046875 0.28785214375 0.9688804624999999 0.23454748281249999 0.7309867921875 0.29465344843749997
2 0.7783364703125 0.2020476921875 0.7980368140625 0.2477995828125 0.9501890484375 0.2034885546875 0.9363740140625 0.163478053125 0.7783364703125 0.2020476921875
2 0.8639196265625 0.1472656671875 0.9736128796875001 0.12082124062499999 0.9591483890625 0.07761622968750001 0.8562878968750001 0.1044304703125 0.8639196265625 0.1472656671875
2 1 0.065274025 0.9837766968749999 0.06935440625 0.9988467906249999 0.11700971874999999 1 0.11653526562500001 1 0.065274025
2 0.8939340109374999 0.0609914984375 0.8874506343749999 0.037968562500000004 0.8116702468750001 0.0300037234375 0.501947221875 0.10117848437500002 0.51685821875 0.153389740625 0.8939340109374999 0.0609914984375
2 0.627975109375 0.0106965859375 0.543219646875 0.008360504687500001 0.556611615625 0.060518715625 0.7225429703125 0.02063606875 0.627975109375 0.0106965859375
2 0.1140803265625 0.284766503125 0.08590848906250001 0.29645178437499997 0.1196523984375 0.41925497968750003 0.14726689531249998 0.412617175 0.1140803265625 0.284766503125
2 0.12200217499999999 0.4390708359375 0.1379196453125 0.46246043593749997 0.164227178125 0.44969689218750003 0.15124181875 0.42947996718750003 0.12200217499999999 0.4390708359375
2 0.0850257703125 0.278177234375 0.112777596875 0.26760682343750003 0.10626241875 0.23635014375000002 0.07382458593749999 0.2504204921875 0.0850257703125 0.278177234375
2 0.25434876093750003 0.43916064375 0.136135865625 0.4699888578125 0.1578473796875 0.5452530890625 0.2639061265625 0.5139901734375 0.25434876093750003 0.43916064375
2 0.049797978124999996 0 0.0387254859375 0.10534772343750001 0.0432827734375 0.1339712328125 0.0964055578125 0.1265447265625 0.0653303515625 0 0.049797978124999996 0
2 0.1860468328125 0.45651955624999996 0.257228859375 0.4438227203125 0.19790413125 0.22586811875 0.128894446875 0.24170197343750002 0.1860468328125 0.45651955624999996