2 0.0813360328125 0.476513071875 0.1531120359375 0.49846310781250003 0.1740596625 0.42343512499999997 0.104217940625 0.40803449843750006 0.0813360328125 0.476513071875
2 0.3578882484375 0.8955531015625 0.28295907656249997 0.878359253125 0.274939853125 0.9457244796875001 0.3447826984375 0.9611253046874999 0.3578882484375 0.8955531015625
2 0.6435577984374999 1 0.6465972718749999 0.9742311109375 0.5958414703125 0.9644050078124999 0.583946953125 1 0.6435577984374999 1
2 0.7306873859375 0.9088316593749999 0.722111609375 0.9596539343750001 0.7771142859375 0.9694739640625001 0.7808878265625 0.9130543031249999 0.7306873859375 0.9088316593749999
2 0.6683071468749999 0.43961558125 0.536425465625 0.40395385937499995 0.5167424703125 0.44991724062499994 0.663649659375 0.483535634375 0.6683071468749999 0.43961558125
2 0.5423476078125 0.3572348328125 0.5354878109375 0.39613866875000003 0.59203309375 0.41690946875 0.6025931859375 0.3832859859375 0.5423476078125 0.3572348328125
2 0.547645671875 0.34032090312499996 0.609104 0.35512095625 0.6120913640625 0.32941913437500003 0.5453293375 0.30530575937500004 0.547645671875 0.34032090312499996
2 0.8823415109375 0.5324885328125 0.9609867640624999 0.5483067734375 0.9385087249999999 0.46565988437500005 0.8941192875 0.45474718281250004 0.8823415109375 0.5324885328125
2 1 0.42233941875000003 0.99142715625 0.41944919687500004 0.9727732203125001 0.49021551875 1 0.49847358125 1 0.42233941875000003
2 0.475315478125 0.3083875015625 0.4748674109375 0.27590978593750004 0.386701253125 0.24184983437500002 0.37403065468749996 0.2874426078125 0.475315478125 0.3083875015625
2 0.50157978125 0.387074121875 0.4673952015625 0.36862514062499996 0.46300770468749997 0.39570105624999996 0.49665179843749996 0.4062624671875 0.50157978125 0.387074121875
2 0.40716111406250005 0.35345508593749997 0.3857074734375 0.3503623046875 0.38294831406249996 0.376956534375 0.40584838124999995 0.38716572656250003 0.40716111406250005 0.35345508593749997
2 0.3557213859375 0.3212419484375 0.386371753125 0.33127548125 0.390857103125 0.305837796875 0.3599427984375 0.297301125 0.3557213859375 0.3212419484375
2 0.51152583125 0.365686109375 0.5134589671875001 0.3459696921875 0.49511966406249996 0.34264661093750004 0.4890672734375 0.361726059375 0.51152583125 0.365686109375
2 0.4806051671875 0.3309197421875 0.51724410625 0.3420092234375 0.5152132078125 0.31850819375 0.4798271890625 0.3090660953125 0.47901557656250005 0.313668978125 0.4806051671875 0.3309197421875
2 0.44334582187500005 0.3058360359375 0.40309415781249996 0.29553599375 0.40151496093750005 0.315431759375 0.43639330000000004 0.3277530453125 0.44334582187500005 0.3058360359375