2 0.9769689859374999 0.5816776765625 0.8893741828125 0.541874771875 0.8681505109375 0.598844165625 0.9529169765625 0.63285179375 0.9769689859374999 0.5816776765625
2 1 0.46860424843750004 0.9568678890625 0.45209884375 0.9374163078125 0.49574725 0.9934323234375 0.5198553046875001 1 0.5039766984375 1 0.46860424843750004
2 0.9593340828124999 0.5161496031249999 0.88384006875 0.483231553125 0.87527840625 0.508096428125 0.9552841671875001 0.53725215625 0.9593340828124999 0.5161496031249999
2 0.6461969890625 0.7811349234375 0.5872133640625 0.7656454265625 0.588913109375 0.7887277453125 0.649782775 0.8080805234374999 0.6461969890625 0.7811349234375
2 0 0.6192776656250001 0.0295298421875 0.63527151875 0.0416246890625 0.6083164937500001 0.002456859375 0.581974471875 0 0.5863506609375 0 0.6192776656250001
2 0 0.670831253125 0.026640351562499998 0.6845250265625 0.0368939953125 0.6500741546875 0 0.63358886875 0 0.670831253125
2 0 0.714225709375 0.08478554687499999 0.7608230203125 0.0986900171875 0.7227740625 0.0034139328125 0.6819326109375 0 0.6918473921875 0 0.714225709375
2 0 0.7633689953125 0.0651641984375 0.800295846875 0.079043134375 0.7658233937500001 0 0.7242529109375 0 0.7633689953125
2 0.7857079328125 0.3245968828125 0.713972696875 0.285434671875 0.6994117109375 0.2997041109375 0.775908359375 0.34371966875000004 0.7857079328125 0.3245968828125
2 0.6916367421875 0.30827489531249996 0.6845975671875 0.3322204796875 0.7616555515625001 0.375772078125 0.7738826765625 0.3542713 0.6916367421875 0.30827489531249996
2 0.7582460921874999 0.0821364421875 0.7641490109375 0.0661629 0.695181834375 0.0411384921875 0.694099896875 0.0536214078125 0.7582460921874999 0.0821364421875