2 0.47606073593750003 0.7218157109375001 0.341178053125 0.3254423140625 0.2935792078125 0.346205915625 0.43252426406250005 0.741224596875 0.47606073593750003 0.7218157109375001
2 0.24755828124999998 0.048701614062499995 0.194691984375 0.0560394828125 0.2753030296875 0.28778931406249997 0.32026104843750003 0.26944774531250004 0.24755828124999998 0.048701614062499995
2 0.16538030937499998 0.0773667328125 0.1267261203125 0.09461634062499999 0.17892286875000002 0.2486909390625 0.22278366093750002 0.22507801875000003 0.16538030937499998 0.0773667328125
2 0.0392061078125 0.0794119796875 0.0748831953125 0.1795440421875 0.1168902421875 0.16820802031249998 0.0809860484375 0.061236965624999994 0.0392061078125 0.0794119796875
2 0.0749897484375 0.0364312734375 0.0675105015625 0.021979640624999998 0.0180743546875 0.0245704796875 0.028829225000000003 0.055597454687500006 0.0749897484375 0.0364312734375
2 0 0.11531024999999999 0.014764084375 0.10657446718750001 0 0.0463648046875 0 0.11531024999999999
2 0 0.21618477500000002 0.1025264078125 0.5328197734375 0.1532394078125 0.51341500625 0.028328446875000003 0.1458271375 0 0.156547103125 0 0.21618477500000002
2 0 0.3916592578125 0.0064645 0.4997940234375 0.057257046874999995 0.48190712812500003 0 0.310932959375 0 0.3916592578125
2 0.452711715625 0.88593765625 0.4436924109375 0.8590067625 0.31922064843750003 0.90320996875 0.3333168 0.9302561624999999 0.452711715625 0.88593765625
2 0.479152840625 0.838879309375 0.46014459687500003 0.8535772765624999 0.47224737031249997 0.8818697562500001 0.49416066875000003 0.8639743187500001 0.479152840625 0.838879309375
2 0.27166990156250004 0.9152178890625 0.2885138546875 0.9463059734374999 0.31518872343750004 0.9327282546875001 0.3022398046875 0.9060033031250001 0.27166990156250004 0.9152178890625
2 0.5749014531250001 0.8369065593749999 0.5345138734375 0.733976140625 0.460802071875 0.7500189609375 0.501815909375 0.8650951640625 0.5749014531250001 0.8369065593749999
2 0.12273230156249999 1 0.17516961250000002 0.9868807890625 0.1631414109375 0.9346074156249999 0.025684403124999998 0.9813934140624999 0.02799104375 1 0.12273230156249999 1
2 0.2532406640625 0.8248384703125 0.2750288546875 0.8922055406249999 0.4840478328125 0.8165480515624999 0.46519539062500004 0.7467434953125001 0.2532406640625 0.8248384703125