2 0.6697489734375 0.1886592375 0.726498603125 0.1890151296875 0.7272575515625 0.14277741875 0.6657215125 0.1406285328125 0.6697489734375 0.1886592375
2 0.7092357390624999 0.201440759375 0.6394582125 0.190254159375 0.6474733734375 0.271117921875 0.7112885234374999 0.273346396875 0.7092357390624999 0.201440759375
2 0.44052535312499996 0.2182818265625 0.492970965625 0.2193670875 0.49378006093750004 0.19619763125 0.4378225015625 0.19766410625 0.44052535312499996 0.2182818265625
2 0.35831820468750003 0.21997259218749998 0.4243986203125 0.22267721875 0.4161311796875 0.1980464328125 0.3647715984375 0.1985336671875 0.35831820468750003 0.21997259218749998
2 0.158629740625 0.2859742140625 0.2625228359375 0.2840549625 0.257586040625 0.2620642578125 0.1558871734375 0.266493771875 0.158629740625 0.2859742140625
2 0.2605932875 0.30663763906249997 0.259474975 0.2896532578125 0.20059450937499998 0.2931398234375 0.20675574375 0.3127396484375 0.2605932875 0.30663763906249997
2 0.9567477171875 0.8896599625 0.98274039375 0.896792646875 0.987271340625 0.8405561984375 0.9551584265624999 0.8371540390625001 0.9567477171875 0.8896599625
2 0.5492712015625 0.37144966875 0.5077897 0.36678135312500004 0.50733246875 0.3962109171875 0.5493767468749999 0.40109969218749997 0.5492712015625 0.37144966875
2 0.664602025 0.5647554687499999 0.596237365625 0.5621182546875 0.594518575 0.61133796875 0.6521984859375001 0.6258946140625 0.664602025 0.5647554687499999
2 0.6600163234374999 0.6307279796875 0.7125028046875 0.6306429171875 0.7107670703125 0.5823305624999999 0.66192525 0.576063465625 0.6600163234374999 0.6307279796875
2 0.15641270625 0.9293971203125 0.29549300624999997 0.9326930984375 0.28987384843749997 0.8975702374999999 0.14954937343750002 0.8972303593750001 0.15641270625 0.9293971203125
2 0.1437445265625 0.9654421890625 0.1787698828125 0.9671239609375 0.174566096875 0.9323106609374999 0.138060503125 0.9321768046875001 0.1437445265625 0.9654421890625