2 0.9638654343749999 0.5872481890625 0.8728988203125001 0.5790660375 0.8659456859375 0.6394614828125 0.9620633671875 0.643764046875 0.9638654343749999 0.5872481890625
2 0.9486655390625 0.70632238125 0.8878100765625 0.7023720765625 0.8853256 0.7500939234375 0.944698978125 0.756396775 0.9486655390625 0.70632238125
2 0.9225732890625 0.673502771875 0.8380512109374999 0.6631588609375 0.8343912906250001 0.689200540625 0.9166014312499999 0.6941439078125 0.9225732890625 0.673502771875
2 0.7733230609375 0.29349820000000004 0.7103018125 0.2831074015625 0.698308178125 0.30290223125 0.7578950546875001 0.3158789921875 0.7733230609375 0.29349820000000004
2 0.093901446875 0.20108035000000002 0.1407592671875 0.195391259375 0.1422200046875 0.1658832109375 0.09253173125 0.1671328953125 0.093901446875 0.20108035000000002
2 0.0869067 0.1525340796875 0.15550176875 0.15603722343749998 0.1620060734375 0.1206862125 0.0913472265625 0.1209380921875 0.0869067 0.1525340796875
2 0.14013425156249998 0.1124515 0.24356749687499998 0.1193159375 0.2484523859375 0.07910157031250001 0.1443634 0.0823595453125 0.14013425156249998 0.1124515
2 0.1456321453125 0.073331959375 0.24560598125 0.0720392046875 0.24888992499999998 0.03502311875 0.1457675921875 0.039596040625 0.1456321453125 0.073331959375
2 0.6748863625 0.7645065671875 0.5867447046875001 0.7689959671875 0.5932404484375 0.7883206781250001 0.6749362828125001 0.7859940078125 0.6748863625 0.7645065671875
2 0.67787180625 0.75418535625 0.6767385078125 0.7294770234375 0.5883073296875 0.7332981890625 0.5837082109375 0.757829578125 0.67787180625 0.75418535625
2 0.539163075 1 0.5403928671875 0.9895604265625 0.47029263437499996 0.985845746875 0.46558952187499997 0.997459296875 0.4861132453125 1 0.539163075 1