2 0.4386598859375 0.6561896453125 0.44822610625000003 0.6228282734375 0.371584315625 0.6042998859375001 0.3594857 0.6344547546875 0.4386598859375 0.6561896453125
2 0.5354894203125 0.64944725625 0.6118756203125 0.6628562515625 0.6222623203125 0.635659975 0.5436793390625 0.6208856171875 0.5354894203125 0.64944725625
2 0.5253546828125 0.6035614984375 0.6353754078125 0.6170044265625 0.6432539671875 0.5925360578125 0.5339238453124999 0.5706698359375 0.5253546828125 0.6035614984375
2 0.6829532046875 0.5526223109374999 0.5699450921875 0.5353050640625 0.5612645578125 0.5655776828125 0.6754947796875 0.58540069375 0.6829532046875 0.5526223109374999
2 0.4763184640625 0.585032165625 0.34382803281249996 0.556682596875 0.331843290625 0.5894560390625 0.465772840625 0.6157901125 0.4763184640625 0.585032165625
2 0.44909014531249997 0.5385852156250001 0.387024215625 0.523375203125 0.3798216703125 0.55751991875 0.4365356375 0.570334096875 0.44909014531249997 0.5385852156250001
2 0.48535819375000006 0.51213909375 0.49048228125 0.481482484375 0.41576893437500007 0.4712660171875 0.4059513734375 0.49948904687500006 0.48535819375000006 0.51213909375
2 0.4661757203125 0.46997427968750005 0.47115074218749997 0.44059042656249997 0.40919215781249996 0.4340325140625 0.404385284375 0.462829965625 0.4661757203125 0.46997427968750005
2 0.5708381046875 0.4622419640625 0.6864045609375 0.47213885 0.6951967796875 0.444484178125 0.578910434375 0.43183171875 0.5708381046875 0.4622419640625
2 0.745564278125 0.4433294515625 0.7504712437500001 0.4051564890625 0.544774228125 0.38841922812499996 0.5399673546875 0.4172166796875 0.745564278125 0.4433294515625
2 0.7723358015625 0.44022229687500003 0.8335889984374999 0.44623275937500007 0.8407872031249999 0.4181221953125 0.77700564375 0.4119027375 0.7723358015625 0.44022229687500003
2 0.7971443640625 0.40635749375 0.8558254859375 0.4138130359375 0.8650754718749999 0.3845660734375 0.8074478468749999 0.37493819687499996 0.7971443640625 0.40635749375
2 0.48737734218749995 0.3358659859375 0.4500584484375 0.32160161249999997 0.438305446875 0.34754373906249997 0.47451236249999995 0.365686040625 0.48737734218749995 0.3358659859375
2 0.4989456453125 0.29928285468750004 0.42184658906249994 0.275577240625 0.40872294218749994 0.3062993703125 0.48240148281249995 0.32915109062500003 0.4989456453125 0.29928285468750004
2 0.7585610546875 0.401764640625 0.76849420625 0.37238974062499997 0.523279221875 0.346045621875 0.513345165625 0.37768235156249996 0.7585610546875 0.401764640625
2 0.6255071 0.320476971875 0.5266135453125 0.30734223437499997 0.5166780796875 0.338979746875 0.6163364687499999 0.349451325 0.6255071 0.320476971875
2 0.49431375937500005 0.2289402453125 0.45252999374999997 0.2197144921875 0.44441922656250005 0.251011671875 0.4859864734375 0.25948259687499997 0.49431375937500005 0.2289402453125
2 0.6203038249999999 0.252127034375 0.5784891671875 0.243761909375 0.569808634375 0.274034528125 0.6097832750000001 0.28204878125 0.6203038249999999 0.252127034375
2 0.7566908031249999 0.27290261562499996 0.698756515625 0.2635913 0.6890506390625 0.2944322765625 0.7479321 0.30269494531249996 0.7566908031249999 0.27290261562499996
2 0.8710094328125001 0.2916644140625 0.8042181015625 0.28089994687500003 0.79975140625 0.31151849375 0.85658218125 0.320917878125 0.8710094328125001 0.2916644140625
2 0.63001870625 0.21824721875000003 0.549018034375 0.20513658281249997 0.544897734375 0.2315438 0.6176713 0.24551351718749997 0.63001870625 0.21824721875000003
2 0.534670353125 0.201022453125 0.458936003125 0.1853401875 0.4527639234375 0.21288380468749998 0.5230287203125 0.22958362187499998 0.534670353125 0.201022453125
2 0.7736665125 0.2400277359375 0.7487186765625 0.23301047343749998 0.7410645796875001 0.262715046875 0.7660041843750001 0.26900399531249997 0.7736665125 0.2400277359375