2 0.3553596484375 0.9153991578125 0.3540179625 0.8317355624999999 0.29021286874999996 0.8335574046875 0.289957075 0.9157815390625 0.3553596484375 0.9153991578125
2 0.45442674375000003 0.6864114 0.45440965312500003 0.7731902859375 0.5165388578125001 0.7684110515625 0.5199088640625 0.6875468890625 0.45442674375000003 0.6864114
2 0.48225992968750003 0.3727038171875 0.47982990625 0.43540266875 0.497340696875 0.434028240625 0.502383796875 0.373476075 0.48225992968750003 0.3727038171875
2 0.5038571562499999 0.436427084375 0.526635475 0.435233325 0.5298861968749999 0.3756885453125 0.5061685453125 0.37601808281250004 0.5038571562499999 0.436427084375
2 0.8019373828124999 0.6546492125000001 0.80273183125 0.71421035625 0.8391576187500001 0.702938471875 0.8399346890625001 0.64809059375 0.8019373828124999 0.6546492125000001
2 0.7838660671875 0.6592501000000001 0.8092204328125 0.6542675234375 0.8063043640625001 0.616055340625 0.7852706859375 0.6153307640625 0.7838660671875 0.6592501000000001
2 0.8384547203125001 0.619851128125 0.813959053125 0.6234185234375 0.8152106046875 0.6466459718750001 0.83892825625 0.646316434375 0.8384547203125001 0.619851128125
2 0.7512556984375001 0.59336365 0.75617949375 0.6538501984375 0.780759340625 0.65119184375 0.7775129625 0.58924720625 0.7512556984375001 0.59336365
2 0.4347768828125 0.37245194062500003 0.4317427734375 0.453908228125 0.475441071875 0.451618096875 0.47583895 0.3721268734375 0.4347768828125 0.37245194062500003
2 0.8628541015625 0.8213588734374999 0.864053221875 0.925657984375 0.917266184375 0.9189870390625 0.92107075625 0.8173944171875 0.8628541015625 0.8213588734374999
2 0.9701639312499999 0.8628583015625001 0.9326570953125 0.864286734375 0.9318325859375 0.933523975 0.96423761875 0.9305963609375001 0.9701639312499999 0.8628583015625001
2 0.8572735437500001 0.43617436875 0.8532357453125 0.5231639718750001 0.896164709375 0.516346896875 0.9001575109375001 0.43575381875 0.8572735437500001 0.43617436875
2 0.9944687890624999 0.5850525109375 0.944593228125 0.58688506875 0.9445404515625 0.65311314375 0.988685853125 0.6511517640625 0.9944687890624999 0.5850525109375