2 0.028835446874999997 0.3119497359375 0.10328561875 0.31649581250000003 0.103911015625 0.255301759375 0.0350161265625 0.2491401578125 0.028835446874999997 0.3119497359375
2 0.02607798125 0.4846983640625 0.0235045265625 0.5548437359375 0.0964335484375 0.5530752671875 0.0971514953125 0.491127465625 0.02607798125 0.4846983640625
2 0.0569885859375 0.607205246875 0.054399640625 0.6834741953125001 0.11829396406249999 0.6867241765625 0.119368725 0.6156296765625 0.0569885859375 0.607205246875
2 0.269463478125 0.0726726828125 0.27376231406249996 0.026864251562500004 0.1898168921875 0.016940753125 0.185964953125 0.067015609375 0.269463478125 0.0726726828125
2 0.401914846875 0.2072635015625 0.4051794484375 0.26395622812499997 0.440803359375 0.266797775 0.44050216249999996 0.21315024062500001 0.401914846875 0.2072635015625
2 0.3592461921875 0.33260553437499996 0.3608831671875 0.3940773734375 0.44325747499999996 0.40265914687500004 0.44811575625 0.3381569796875 0.3592461921875 0.33260553437499996
2 0.35542679062500004 0.4533364421875 0.3555722 0.5121356578125 0.40890954687500003 0.51408940625 0.4084094546875 0.45582104687499997 0.35542679062500004 0.4533364421875
2 0.52532240625 0.53546784375 0.5317143078125001 0.46828079375 0.486565225 0.461970925 0.48284481718750005 0.52967784375 0.52532240625 0.53546784375
2 0.5377250375 0.22393889687500002 0.5782265453125001 0.22661422656250002 0.57686749375 0.1628788859375 0.5369042125 0.1579720140625 0.5377250375 0.22393889687500002
2 0.6776714953125 0.19133945624999998 0.6768983484375 0.23336808593749997 0.7442846140625 0.23934445312500002 0.7423960375 0.19239374843749998 0.6776714953125 0.19133945624999998
2 0.7307822421875 0.1174436609375 0.7314884 0.06928018124999999 0.698125728125 0.066716278125 0.6984142624999999 0.1142356328125 0.7307822421875 0.1174436609375
2 0.8520662421875 0.1744590234375 0.8529059015625 0.2274075625 0.8840187265624999 0.23582299375 0.89162786875 0.1800828390625 0.8520662421875 0.1744590234375
2 0.6761386828125 0.4611225265625 0.677651315625 0.50151674375 0.7316245296874999 0.49206042656250004 0.7297736671874999 0.4634965234375 0.6761386828125 0.4611225265625
2 0.8945615265625 0.4209277171875 0.8956524578125 0.394256390625 0.8731363578125 0.3968521265625 0.8749744156249999 0.4192889796875 0.8945615265625 0.4209277171875
2 0.8403894812500001 0.3865128390625 0.8427752249999999 0.432183921875 0.87104450625 0.432592215625 0.867925228125 0.383192771875 0.8403894812500001 0.3865128390625