2 0.55194765 0 0.5670462421875 0.0680730515625 0.626042125 0.0518068546875 0.616075675 0 0.55194765 0
2 0.337742790625 0.12669655468750002 0.39748873125 0.11031156093750001 0.3840782640625 0.0402192140625 0.3159408640625 0.0570801375 0.337742790625 0.12669655468750002
2 0.215296759375 0.1845487671875 0.2839334234375 0.16598559375 0.27483720625 0.10369986718749999 0.20080917812500002 0.12223378437500002 0.215296759375 0.1845487671875
2 0.8788482984374999 0.0686836875 0.8296515203125001 0.0787834640625 0.8472289046875 0.1606067 0.8924477140624999 0.15211249375 0.8788482984374999 0.0686836875
2 0.7078515609375 0.37881729375 0.7593378578125 0.3637404984375 0.7543604515625 0.325025384375 0.7007637515625 0.3437901546875 0.7078515609375 0.37881729375
2 0.5779296734375 0.41862480937499996 0.6412722609375 0.40551568125 0.6221128796875 0.3185585890625 0.56347356875 0.3370760859375 0.5779296734375 0.41862480937499996
2 0.4613484625 0.41632180312499995 0.5172217609375 0.3997801453125 0.5050061140625 0.348165090625 0.44852475937499997 0.3645121296875 0.4613484625 0.41632180312499995
2 0.5328527656250001 0.47660343281250006 0.4667432171875 0.49168970312500004 0.4728859234375 0.5341177218750001 0.5392321046874999 0.52174275 0.5328527656250001 0.47660343281250006
2 0.8452491656250001 0.48096660468749997 0.8389505828124999 0.44119891562499997 0.7757653953125 0.46017088125 0.7843574296875 0.49984085 0.8452491656250001 0.48096660468749997
2 0.8178921578124999 0.6629750359375 0.8625035109375 0.648218253125 0.8456764578125 0.585710428125 0.8050628375000001 0.596551890625 0.8178921578124999 0.6629750359375
2 0.9711098984375001 0.57102149375 0.92551089375 0.5843969609374999 0.9313489625000001 0.6163953125 0.977841315625 0.6037984609375 0.9711098984375001 0.57102149375
2 0.8597931437499999 0.796325440625 0.91547138125 0.7882757484375 0.9099726796875001 0.748696540625 0.8593067187500001 0.764098265625 0.8597931437499999 0.796325440625
2 0.57147638125 0.7204633453125 0.5984236 0.710810903125 0.5859218265624999 0.6585992859375 0.5475093515625 0.6711874734375 0.57147638125 0.7204633453125
2 0.70200241875 0.83025028125 0.6809413671875 0.8382015718750001 0.684765053125 0.8574816046875 0.7107038796875 0.8511786640624999 0.70200241875 0.83025028125
2 0.6670702484375 0.8380907687500001 0.71369625 0.8214759921875 0.7029149171875 0.79592206875 0.6596706546875 0.81080405 0.6670702484375 0.8380907687500001