2 0.8473788875 0.6860083109375 0.9294205703125 0.6805278171875 0.9244768671875001 0.615311234375 0.8411106640625 0.622485728125 0.8473788875 0.6860083109375
2 0.766603521875 0.46477802187500006 0.6857012640625 0.4670570234375 0.689136340625 0.532458840625 0.77570503125 0.5264225 0.766603521875 0.46477802187500006
2 0.43437444843749995 0.5072547828125 0.373617996875 0.5064478718750001 0.374251390625 0.5265765906250001 0.43696701875 0.5246270421875 0.43437444843749995 0.5072547828125
2 0.37390660625 0.4788581328125 0.3758898 0.5024950234375 0.43631288437500004 0.5005868625 0.4335330953125 0.477947303125 0.37390660625 0.4788581328125
2 0.678785684375 0.14751228125 0.624017209375 0.150563096875 0.6332104078125 0.1880103359375 0.69257104375 0.18306305 0.678785684375 0.14751228125
2 0.594405925 0.186346165625 0.5951503484375 0.207379153125 0.6390606796875 0.2057166921875 0.632321609375 0.18077165312500001 0.594405925 0.186346165625
2 0.6243007703125001 0.1753277265625 0.6223175765625 0.1516908359375 0.5959497687499999 0.15400934375 0.6012172046875001 0.17819649531249998 0.6243007703125001 0.1753277265625
2 0.631238765625 0.20937796406250003 0.569671478125 0.216937475 0.5756095078125 0.24284362812500002 0.6356052484375 0.2337125 0.631238765625 0.20937796406250003
2 0.453449096875 0.5278740562500001 0.37412375625 0.5330221734375 0.3773123765625 0.5739615390624999 0.4587818875 0.5713061546875 0.453449096875 0.5278740562500001
2 0.8888593890625 0.054523196875 0.7872488484375 0.05781463437499999 0.7952646390625 0.11561293125000001 0.899226034375 0.10714119531249999 0.8888593890625 0.054523196875
2 0.828563396875 0 0.8332187171875001 0.0429854765625 0.9023448140625 0.038978234375 0.89605800625 0 0.828563396875 0
2 0.4886720234375 0.1036600265625 0.40799674374999995 0.10529884062499999 0.4114077015625 0.148049009375 0.498467065625 0.1460088828125 0.4886720234375 0.1036600265625
2 0.550267078125 0 0.555660165625 0.050428981250000005 0.6217305921875 0.045861793750000004 0.6164696390625 0 0.550267078125 0