2 0.2827551296875 0.44920664062500004 0.6926120859375 0.36363511875 0.6778040921875 0.3138606203125 0.2687966796875 0.40362933593749994 0.2827551296875 0.44920664062500004
2 0.978699384375 0.3044393796875 0.9778589906249999 0.25107287968750003 0.7380125703125 0.30283986406249996 0.7507384218750001 0.349698046875 0.978699384375 0.3044393796875
2 0.9602629046875 0.21938055312500002 0.947852634375 0.1789122875 0.7885652999999999 0.211943 0.8066569265625001 0.2583545515625 0.9602629046875 0.21938055312500002
2 0.9736096703125 0.0938975828125 0.8698760343749999 0.117105709375 0.8760081859375 0.16018115625 0.9865575171875 0.13758107656250002 0.9736096703125 0.0938975828125
2 1 0.049797978124999996 0.939628725 0.0434527015625 0.9496283796875 0.06632746875 1 0.0603408859375 1 0.049797978124999996
2 0.9090152140625 0.0750070296875 0.9002972140625 0.0393187921875 0.8595799218750001 0.0350392328125 0.51586470625 0.10148939374999999 0.5289444734375001 0.15418922968749998 0.9090152140625 0.0750070296875
2 0.71493785625 0.0198367390625 0.5603512890625 0.010168340625 0.5719148046875 0.06276215156250001 0.7595836734375 0.024529203125 0.71493785625 0.0198367390625
2 0.12270205625 0.406030228125 0.15053138906250002 0.4003601984375 0.1218269578125 0.271429215625 0.0932644734375 0.2821241953125 0.12270205625 0.406030228125
2 0.1661872765625 0.43800923281250004 0.1539153859375 0.4173514421875 0.12435883750000001 0.42591601875 0.139450328125 0.44984688281249996 0.1661872765625 0.43800923281250004
2 0.1157035203125 0.2227695078125 0.0827944015625 0.2356992234375 0.09302006406249999 0.263829971875 0.1211238875 0.25423452343749997 0.1157035203125 0.2227695078125
2 0.1564765 0.53328456875 0.2635617 0.50574209375 0.25662166875 0.43062459999999997 0.1374048953125 0.4573084640625 0.1564765 0.53328456875
2 0.049797978124999996 0 0.046084862500000004 0.035327934374999995 0.056335210937500005 0.11825500625 0.1096848171875 0.1126869828125 0.08614955625000001 0 0.049797978124999996 0
2 0.20765522343749998 0.21549212031249998 0.1381349859375 0.22890792499999998 0.1877555296875 0.44558923437500003 0.2593373078125 0.4353843515625 0.20765522343749998 0.21549212031249998