2 0.8802736609374999 0.47360091249999997 0.971493728125 0.4781584953125 0.9775746859375 0.42194184687499997 0.8817936140624999 0.4128255421875 0.8802736609374999 0.47360091249999997
2 0.912200684375 0.35357012499999996 0.9730136828125 0.3581277078125 0.9760547328125 0.307988596875 0.916381984375 0.3059669328125 0.912200684375 0.35357012499999996
2 0.8574686437500001 0.385476625 0.942607753125 0.3869965796875 0.9395667046874999 0.36572520000000003 0.8574686437500001 0.35917901875 0.8574686437500001 0.385476625
2 0.6780695546875 0.7440501703125 0.7419236031249999 0.74253135625 0.7297605468749999 0.718221209375 0.6689475484375 0.722778790625 0.6780695546875 0.7440501703125
2 0.1018620296875 0.7516476625 0.056251995312500004 0.7394925890625 0.0501710375 0.7729190421875 0.099201825 0.7810718359375 0.1018620296875 0.7516476625
2 0.11098403593749999 0.7926704671875 0.0425689859375 0.7865929296874999 0.0425689859375 0.8184994296875001 0.11250513124999999 0.82858266875 0.11098403593749999 0.7926704671875
2 0.1930820984375 0.8412907640625 0.0897001140625 0.8336932718750001 0.0897001140625 0.8640809578124999 0.19232269062500001 0.8817936140624999 0.1930820984375 0.8412907640625
2 0.1885210953125 0.88839110625 0.0897001140625 0.8731972640624999 0.0851391109375 0.9066237171875 0.1866214359375 0.925503990625 0.1885210953125 0.88839110625
2 0.6233375140625 0.24569441250000001 0.7099965796875 0.2624070703125 0.7130364874999999 0.241135690625 0.632459521875 0.2274618015625 0.6233375140625 0.24569441250000001
2 0.7069555296875001 0.297353478125 0.7115165343750001 0.2730433296875 0.6187765109375001 0.25632953281250004 0.6199167609375 0.2812622578125 0.7069555296875001 0.297353478125
2 0.5351573546874999 0.0025929296875 0.538198403125 0.0147480046875 0.6081334093749999 0.0208255421875 0.608514253125 0.0038004562499999997 0.5351573546874999 0.0025929296875