2 0.5144150171875 0 0.3942246390625 0.0056682781250000005 0.3855316875 0.02868385625 0.5439706953125001 0.08389305625 0.5791352828125 0 0.5144150171875 0
2 0 0.41314778125 0.0002612109375 0.41830202656250004 0.23265791406249997 0.3939238 0.22745062031250002 0.3318444796875 0 0.3457719796875 0 0.41314778125
2 0.235287465625 0.425721559375 0.2111639171875 0.431120278125 0.20929341875000002 0.464594334375 0.23498839062500002 0.46065988593749996 0.235287465625 0.425721559375
2 0.3083478625 0.42924454843750004 0.247852990625 0.43743139218750005 0.24357787343749998 0.47818400624999996 0.32045425625 0.47134199375 0.3083478625 0.42924454843750004
2 0.40544459374999997 0.46837406562500006 0.34060855156250003 0.48278681875 0.338257315625 0.5242620234375 0.41749804062500007 0.508955346875 0.40544459374999997 0.46837406562500006
2 0.48275894687500004 0.5066763843750001 0.431739740625 0.5251618140625001 0.44019543906249997 0.5605898890625001 0.48999447656250006 0.5398313109374999 0.48275894687500004 0.5066763843750001
2 0.5658787453125 0.5371813734375 0.5023481375000001 0.5454742265625 0.505623484375 0.584897603125 0.5669910375 0.56903325625 0.5658787453125 0.5371813734375
2 0.65051588125 0.567634515625 0.602585396875 0.587531228125 0.6072966015625 0.6136367 0.6560222921875 0.5947766453125001 0.65051588125 0.567634515625
2 1 0.6096429734375 0.9349225656250001 0.6184459671875 0.9400052515624999 0.6334542640625 1 0.6313592015625 1 0.6096429734375
2 1 0.63943361875 0.9238400703125 0.6492045546874999 0.9186701296875001 0.6752003609375 1 0.6685883390625 1 0.63943361875
2 0.1273948421875 1 0.0383154328125 0.964101428125 0.024889464062499998 1 0.1273948421875 1
2 0.542824171875 0.0945637171875 0.37999100937499997 0.0440631296875 0.3305913609375 0.1959320578125 0.4858954984375 0.248408453125 0.542824171875 0.0945637171875