2 1 0.534180609375 0.9961024671875001 0.4028680265625 0.9732421078125 0.39377472187499996 0.9152761734375 0.551226065625 1 0.58849038125 1 0.534180609375
2 0.6435231 0 0.590407175 0.0017631500000000002 0.61072580625 0.23454991718749998 0.6728865515625 0.23042685000000002 0.66280969375 0 0.6435231 0
2 0.5788869984375 0.2366241203125 0.573910115625 0.212410025 0.540473803125 0.209955609375 0.5439592125 0.23571533281249998 0.5788869984375 0.2366241203125
2 0.574089465625 0.3096119046875 0.56695965 0.2489833671875 0.5262878546875001 0.24399766875 0.531787146875 0.320981753125 0.574089465625 0.3096119046875
2 0.5332713375 0.40601094375 0.5199923234375 0.3409332390625 0.47856447031249993 0.33785851875 0.492485875 0.4173543140625 0.5332713375 0.40601094375
2 0.4936255296875 0.482645053125 0.47603332343750004 0.431311003125 0.440463071875 0.4391471078125 0.4603493765625 0.4893008484375 0.4936255296875 0.482645053125
2 0.461674546875 0.5652198078125 0.45449171875000005 0.5015541453125001 0.415017184375 0.5041409609375 0.42980810312499995 0.5657760374999999 0.461674546875 0.5652198078125
2 0.429748921875 0.649312571875 0.410691740625 0.6010421421875 0.3845080234375 0.6052970265625001 0.402514825 0.6543444484375 0.429748921875 0.649312571875
2 0.3818813828125 1 0.3739816265625 0.9327891578124999 0.3588869109375 0.9376091390625 0.359975946875 1 0.3818813828125 1
2 0.35213895625 1 0.343421140625 0.9211715390625 0.317519521875 0.915548696875 0.32290356875000004 1 0.35213895625 1
2 0 0.1342628515625 0.0440267640625 0.0302860625 0 0.012938435937500001 0 0.1342628515625
2 0.9046271484374999 0.5498934890625 0.957961875 0.3879664828125 0.8069782203125 0.33592387968750004 0.7517993859375001 0.490288525 0.9046271484374999 0.5498934890625