2 0.590409815625 0.7982534421875 0.700709203125 0.820460815625 0.7058248093749999 0.7982684140625 0.5937294640624999 0.7811553578125 0.590409815625 0.7982534421875
2 0.6994052265625 0.9097460171874999 0.7399508359375 0.9183074546875 0.750242675 0.8776243562499999 0.70677105625 0.87005345625 0.6994052265625 0.9097460171874999
2 0.5759676015624999 0.7862117375000001 0.70717521875 0.73301135625 0.69908719375 0.714226046875 0.5691580859375 0.7679246187500001 0.5759676015624999 0.7862117375000001
2 0.5919597000000001 0.7339039390625001 0.665829278125 0.7239476859375 0.6688219296875 0.7040191453125 0.591111103125 0.7117195484375001 0.5919597000000001 0.7339039390625001
2 0 0.5383900390624999 0.0339030359375 0.5499429109375 0.035090071875 0.539820290625 0.053748521875 0.5474313203125 0.057528335937499994 0.5257080953125 0 0.504517096875 0 0.5383900390624999
2 0 0.48902044062499994 0.0381112015625 0.5034185890625 0.04584811875 0.48591228124999997 0.0632223859375 0.488363678125 0.0641430515625 0.47911230937499993 0 0.456908925 0 0.48902044062499994
2 0.004653753125 0.4428127953125 0.060169704687500006 0.4624685140625 0.06666209375 0.43031285312499995 0.014854653125 0.412567159375 0.004653753125 0.4428127953125
2 0.1186120015625 0.24791234375 0.1542567890625 0.2654836375 0.1720907203125 0.22899149843750002 0.1307513828125 0.21444622500000002 0.1186120015625 0.24791234375
2 0.037173251562499995 0.307586278125 0.0678479578125 0.317233946875 0.07504423437499999 0.293695984375 0.045360325 0.28080756406249996 0.037173251562499995 0.307586278125
2 0.048598367187500005 0.2741164078125 0.078315559375 0.28611597187500004 0.085124240625 0.270085784375 0.052290234375 0.2581408515625 0.048598367187500005 0.2741164078125
2 0.078969021875 0.243418546875 0.0595998125 0.2381323078125 0.0536227421875 0.2537824140625 0.07216000624999999 0.2594498234375 0.078969021875 0.243418546875
2 0.07223291093749999 0.2623313703125 0.09252103125 0.2708520015625 0.096682228125 0.247881328125 0.0801077328125 0.242813996875 0.07223291093749999 0.2623313703125
2 0.16579236718749998 0.3338325765625 0.2060088921875 0.352050409375 0.23354275000000002 0.274471234375 0.194747865625 0.25784342968749996 0.16579236718749998 0.3338325765625
2 0.387051671875 0.3776468171875 0.29888268125 0.3446742484375 0.27922155625 0.41522289843750004 0.364783959375 0.4442412078125 0.387051671875 0.3776468171875
2 0.7072451 0.1915480125 0.629828853125 0.1648306515625 0.62519439375 0.186057690625 0.7002457625 0.21271021562499998 0.7072451 0.1915480125