2 0.36363511875 0.6926120859375 0.44920664062500004 0.28275513124999996 0.40362933593749994 0.268796678125 0.3138606203125 0.6778040937500001 0.36363511875 0.6926120859375
2 0.25107287968750003 0.9778589906249999 0.3044393796875 0.9786993828125 0.349698046875 0.7507384218750001 0.3028398625 0.7380125718749999 0.25107287968750003 0.9778589906249999
2 0.1789122859375 0.9478526328125 0.21938055312500002 0.9602629046875 0.25835455 0.8066569265625001 0.2119429984375 0.7885652999999999 0.1789122859375 0.9478526328125
2 0.117105709375 0.8698760328124999 0.0938975828125 0.9736096703125 0.137581078125 0.9865575156249999 0.1601811546875 0.8760081874999999 0.117105709375 0.8698760328124999
2 0.060340887499999996 1 0.0663274703125 0.9496283812499999 0.0302606625 0.9338618546875 0.0355252890625 1 0.060340887499999996 1
2 0.1014893921875 0.51586470625 0.027715385937499996 0.897462709375 0.0750070296875 0.9090152125 0.15418922968749998 0.528944471875 0.1014893921875 0.51586470625
2 0.010168340625 0.5603512890625 0.023075373437499998 0.7667198921875 0.06276215156250001 0.571914803125 0.010168340625 0.5603512890625
2 0.4003602 0.1505313875 0.40603022656250004 0.12270205625 0.2821241953125 0.0932644734375 0.271429215625 0.1218269578125 0.4003602 0.1505313875
2 0.4173514421875 0.1539153859375 0.43800923281250004 0.166187275 0.44984688281249996 0.1394503265625 0.42591601875 0.12435883750000001 0.4173514421875 0.1539153859375
2 0.2356992234375 0.0827944 0.2227695078125 0.11570352187499999 0.25423452343749997 0.1211238875 0.263829971875 0.09302006406249999 0.2356992234375 0.0827944
2 0.50574209375 0.2635616984375 0.5332845671875 0.1564765 0.457308465625 0.137404896875 0.4306246015625 0.25662166875 0.50574209375 0.2635616984375
2 0 0.08614955468749999 0.1126869828125 0.1096848171875 0.11825500625 0.056335212499999995 0 0.041718089062500005 0 0.08614955468749999
2 0.22890792499999998 0.1381349859375 0.21549212031249998 0.20765522343749998 0.4353843515625 0.259337309375 0.44558923593750005 0.1877555296875 0.22890792499999998 0.1381349859375