2 0.614747534375 0.3808276140625 0.623081015625 0.34942306562500003 0.5418481640625 0.3374990890625 0.5364189781250001 0.37177761875000004 0.614747534375 0.3808276140625
2 0.36211621250000003 0.3802512421875 0.4419139890625 0.38533861875 0.44656207343750004 0.3559917734375 0.3691110984375 0.3519918625 0.36211621250000003 0.3802512421875
2 0.3465365171875 0.425611959375 0.45771653125 0.433991203125 0.46221333593749997 0.4003003921875 0.35137440781249996 0.40036581875 0.3465365171875 0.425611959375
2 0.4312001890625 0.4423773953125 0.3154056046875 0.43662330312500003 0.3119974546875 0.4700663140625 0.4262736625 0.4734822578125 0.4312001890625 0.4423773953125
2 0.6560013453125 0.3907176046875 0.5198607703125 0.380901728125 0.5131422031249999 0.41271559843750005 0.6481000140625001 0.42470733125000004 0.6560013453125 0.3907176046875
2 0.6122726234375 0.42826277187499995 0.5544197390625001 0.422455803125 0.5458280249999999 0.4554980421875 0.6092849593749999 0.463030746875 0.6122726234375 0.42826277187499995
2 0.5871050109375 0.51825461875 0.5934098718749999 0.4890455 0.513053284375 0.48616700156250003 0.5117034921875 0.5172195703125 0.5871050109375 0.51825461875
2 0.5981703890625 0.5544090828125 0.59943190625 0.525240471875 0.5372313734375 0.5256797703125 0.535874425 0.555450903125 0.5981703890625 0.5544090828125
2 0.3130238640625 0.57889051875 0.42998537499999995 0.5772769281250001 0.43429145937499997 0.5461095859375 0.318380290625 0.550370478125 0.3130238640625 0.57889051875
2 0.46915778750000003 0.616205671875 0.4704193046875 0.5870370609375 0.2631725234375 0.5861748921875 0.262954246875 0.624661328125 0.46915778750000003 0.616205671875
2 0.17173136718749998 0.6227990125 0.23579547031249998 0.6211990953125001 0.23697921718749998 0.5925215140625 0.17545010156250002 0.594020740625 0.17173136718749998 0.6227990125
2 0.1517136015625 0.6590650078125 0.21008502187500003 0.661598078125 0.21648265625000002 0.6291572984375 0.15733033125 0.6289087578125 0.1517136015625 0.6590650078125
2 0.5798144359374999 0.6438012 0.5416664109375 0.6302066421875 0.5325314750000001 0.66137226875 0.5713105890625 0.6709822890625 0.5798144359374999 0.6438012
2 0.6142028609375 0.6811329390624999 0.5382885843749999 0.6674307078124999 0.5255077625 0.6990925359375 0.604921121875 0.713225440625 0.6142028609375 0.6811329390624999
2 0.4956566171875 0.6556438484375 0.5016610781249999 0.623032278125 0.2553380984375 0.62901379375 0.2490588875 0.659380284375 0.4956566171875 0.6556438484375
2 0.50306966875 0.6618525796875 0.40287795312499997 0.6636043578125 0.3973067640625 0.693480359375 0.49706390312500004 0.6944650984375 0.50306966875 0.6618525796875
2 0.5855105265625 0.7403588140624999 0.5432207703125 0.7370168031250001 0.53867773125 0.7683463374999999 0.5812743828125 0.7724111640625 0.5855105265625 0.7403588140624999
2 0.45824997187500005 0.7327886921875 0.4175966046875 0.729705859375 0.41080101718749995 0.76068670625 0.453323446875 0.7638935546875001 0.45824997187500005 0.7327886921875
2 0.33741091875 0.7270749296875 0.27796138593749997 0.7260496953125 0.27289874062499997 0.756687375 0.3315359578125 0.7588688718750001 0.33741091875 0.7270749296875
2 0.2254530125 0.7236071 0.16790034843749999 0.7212037078125 0.1571457359375 0.751997359375 0.2247510734375 0.7545417750000001 0.2254530125 0.7236071
2 0.4881535078125 0.771926825 0.4142199046875 0.766930103125 0.40528745937500005 0.7954979328125 0.48728214999999997 0.7986393453125 0.4881535078125 0.771926825
2 0.5818746484374999 0.7792194453125 0.5100983984374999 0.77120723125 0.502024271875 0.8009742671875 0.579105296875 0.80730994375 0.5818746484374999 0.7792194453125
2 0.289650040625 0.7648946484375 0.2641299015625 0.7616919515625 0.2600560046875 0.791386028125 0.28567307343750004 0.795310609375 0.289650040625 0.7648946484375