2 0.10328561875 0.6835041875 0.028835446874999997 0.6880502640625 0.035016124999999995 0.7508598421875 0.103911015625 0.744698240625 0.10328561875 0.6835041875
2 0.023504528125 0.4451562625 0.02607798125 0.5153016359375 0.09715149375 0.508872534375 0.09643355 0.4469247328125 0.023504528125 0.4451562625
2 0.054399640625 0.316525803125 0.056988584375 0.3927947515625 0.119368725 0.3843703234375 0.11829396406249999 0.3132758234375 0.054399640625 0.316525803125
2 0.27376231406249996 0.9731357484375 0.269463478125 0.92732731875 0.18596495156249998 0.9329843921875 0.1898168921875 0.983059246875 0.27376231406249996 0.9731357484375
2 0.4051794484375 0.7360437734375 0.4019148453125 0.7927365 0.4405021609375 0.7868497578125 0.4408033609375 0.733202225 0.4051794484375 0.7360437734375
2 0.3608831671875 0.6059226265625 0.3592461921875 0.6673944656249999 0.4481157578125 0.6618430203125001 0.44325747499999996 0.5973408515624999 0.3608831671875 0.6059226265625
2 0.3555722 0.4878643421875 0.35542679062500004 0.546663559375 0.408409453125 0.5441789546875 0.40890954687500003 0.48591059531249997 0.3555722 0.4878643421875
2 0.5317143062499999 0.5317192046875 0.5253224078125001 0.4645321578125 0.48284481875 0.47032215624999996 0.486565225 0.5380290734375001 0.5317143062499999 0.5317192046875
2 0.5782265453125001 0.773385771875 0.5377250390625 0.776061103125 0.5369042125 0.8420279875000001 0.57686749375 0.8371211125 0.5782265453125001 0.773385771875
2 0.6768983484375 0.7666319140625 0.6776714953125 0.8086605421874999 0.7423960375 0.8076062515625001 0.7442846140625 0.760655546875 0.6768983484375 0.7666319140625
2 0.7314884 0.9307198203124999 0.7307822421875 0.8825563390625 0.6984142640625 0.88576436875 0.698125728125 0.9332837234375001 0.7314884 0.9307198203124999
2 0.8529059015625 0.7725924375 0.8520662421875 0.8255409765625 0.8916278671875 0.819917159375 0.8840187281249999 0.76417700625 0.8529059015625 0.7725924375
2 0.6776513140625 0.4984832578125 0.6761386828125 0.5388774734374999 0.7297736671874999 0.5365034765625001 0.7316245296874999 0.507939575 0.6776513140625 0.4984832578125
2 0.8956524578125 0.6057436093749999 0.894561525 0.579072284375 0.8749744171874999 0.58071101875 0.8731363578125 0.6031478734375 0.8956524578125 0.6057436093749999
2 0.8427752249999999 0.567816078125 0.8403894828125 0.6134871609375 0.867925228125 0.616807228125 0.87104450625 0.5674077843750001 0.8427752249999999 0.567816078125