2 0.7675219265625 0.340121703125 0.762385809375 0.22772623125 0.739615040625 0.2281314078125 0.7501286328125001 0.3410370640625 0.7675219265625 0.340121703125
2 0.8493343187500001 0.207391428125 0.8478325734375 0.1659789984375 0.8058681171875 0.1658350015625 0.8090388421875 0.20984689374999999 0.8493343187500001 0.207391428125
2 0.7593318 0.357048075 0.675969703125 0.242608221875 0.659699065625 0.25500057656249997 0.74323525625 0.36807937343749997 0.7593318 0.357048075
2 0.704708928125 0.3541854109375 0.67717775 0.2849187125 0.6571171828125 0.286836103125 0.6833888031249999 0.360375690625 0.704708928125 0.3541854109375
2 0.656390015625 0.9974640703125001 0.6612184546875 0.9401696078124999 0.6511093484375 0.9414667171875 0.6539804109375 0.9215212265625 0.631988040625 0.9231090140625 0.6238191890625 0.9980407359375001 0.656390015625 0.9974640703125001
2 0.60887565 1 0.61505805625 0.9473416953125 0.59620003125 0.9440697578125 0.5943753953125 0.926618534375 0.5851761015625 0.9279633234375 0.5787552265625 1 0.60887565 1
2 0.5643466015625 0.9944671828124999 0.5699879390625 0.9358451453125 0.5372167875 0.9373247656249999 0.5325315703125 0.9918863765625 0.5643466015625 0.9944671828124999
2 0.34766653281250004 0.93104466875 0.3560926296875 0.8922078015625001 0.3163700421875 0.8837318609375 0.3122577171875 0.9273620656249999 0.34766653281250004 0.93104466875
2 0.4252697125 0.995627909375 0.427209921875 0.9635303890625 0.40263020000000005 0.9622422203125 0.39730580781249997 0.9941623828124999 0.4252697125 0.995627909375
2 0.3900300546875 0.9926392609375 0.394483940625 0.960901840625 0.3772827484375 0.958173459375 0.373635896875 0.9929218953125 0.3900300546875 0.9926392609375
2 0.3528967234375 0.9705972296875001 0.3524533453125 0.9906699484375 0.36908456093750003 0.9926833687500001 0.3700990546875 0.9733256703125001 0.3528967234375 0.9705972296875001
2 0.37287736875 0.9725578234375 0.3762367609375 0.9508110203125 0.35294172968750004 0.9523305375 0.352034653125 0.9696385968750001 0.37287736875 0.9725578234375
2 0.41962060156250003 0.8644797750000001 0.42756802968749996 0.8210505609375 0.345632246875 0.813102678125 0.338883690625 0.8547678171875001 0.41962060156250003 0.8644797750000001
2 0.4086059015625 0.6391931953125 0.39794277031249997 0.732719975 0.47115228125 0.7347298171875 0.478609203125 0.6446888171875 0.4086059015625 0.6391931953125
2 0.150573228125 0.3735322546875 0.1433781703125 0.4551124234375 0.16509585468750002 0.454473934375 0.172800115625 0.3752040828125 0.150573228125 0.3735322546875