2 0.874782603125 0.6135946828125001 0.9709662765625 0.6111819328125 0.9688216078125 0.554678040625 0.8775058250000001 0.55286133125 0.874782603125 0.6135946828125001
2 0.9018326359375 0.7226057531250001 0.9615010484375001 0.724751571875 0.961964934375 0.674522465625 0.900982153125 0.67482684375 0.9018326359375 0.7226057531250001
2 0.8467746921874999 0.6654137 0.9291294062500001 0.6646103375 0.9336468640625 0.64360290625 0.8486091203124999 0.6391801546875 0.8467746921874999 0.6654137
2 0.6840762640625 0.2895490703125 0.7444232046875 0.298337653125 0.758252421875 0.27493517500000003 0.6946598671875 0.2689658265625 0.6840762640625 0.2895490703125
2 0.119784728125 0.1916545734375 0.07030466875 0.19636729375 0.074039103125 0.2301365078125 0.120385928125 0.2211926375 0.119784728125 0.1916545734375
2 0.13636981718750002 0.1451874671875 0.0659006625 0.1503676453125 0.063674975 0.1821964203125 0.13234731875 0.1809060828125 0.13636981718750002 0.1451874671875
2 0.21970475312499999 0.09767393125 0.1160965875 0.10818485156249999 0.11397684999999999 0.13849851562499998 0.217636975 0.13813109375 0.21970475312499999 0.09767393125
2 0.21706646875 0.053672331250000004 0.1145143265625 0.06542756562499999 0.11673250937499999 0.099090753125 0.2163726359375 0.0908273234375 0.21706646875 0.053672331250000004
2 0.613125553125 0.7811142171875 0.69446008125 0.773094403125 0.69291139375 0.7516627875 0.605297609375 0.7622897015625 0.613125553125 0.7811142171875
2 0.604366278125 0.7265698796875 0.601489584375 0.7513623296875 0.69516959375 0.7411584625 0.692315490625 0.7165893734375001 0.604366278125 0.7265698796875
2 0.5737583625 1 0.57444448125 0.98555021875 0.5042558875 0.9867345328124999 0.50037435 0.998647865625 0.52569315625 1 0.5737583625 1