2 0.9171836859375 0.4577042921875 0.8428576203125001 0.44725273750000005 0.83390485625 0.52463393125 0.9052958999999999 0.5289192984375 0.9171836859375 0.4577042921875
2 0.57848398125 0.0870856359375 0.6551803625 0.092346296875 0.6525626124999999 0.024555965625000002 0.5811704296875 0.020270578125 0.57848398125 0.0870856359375
2 0.28102149375 0.054540328125 0.3326895484375 0.056305498437500004 0.34118055625 0.005443659375 0.278908990625 0.0013174734375 0.28102149375 0.054540328125
2 0.208197396875 0.13228919374999998 0.20871723593749997 0.0807510796875 0.15285554375 0.079656265625 0.157954440625 0.13597161875 0.208197396875 0.13228919374999998
2 0.343211196875 0.5859700250000001 0.4790479203125 0.600561853125 0.4912983265625 0.552085259375 0.3409407328125 0.5418621078125 0.343211196875 0.5859700250000001
2 0.48050715468750005 0.6476321171875 0.48119659375 0.6081341421875 0.422098209375 0.596464696875 0.41692799999999997 0.6313261828125001 0.48050715468750005 0.6476321171875
2 0.4779202390625 0.66516660625 0.41490332656250006 0.66016296875 0.41597339218749996 0.6860156843749999 0.48568562968749995 0.6993883015625 0.4779202390625 0.66516660625
2 0.117283421875 0.5277228453125 0.037131903125 0.5244021796875 0.072262021875 0.6025152078125 0.11781207656249999 0.6063495203125 0.117283421875 0.5277228453125
2 0 0.651815546875 0.0272240484375 0.6564352343750001 0.03457803125 0.5836220437499999 0.00044767499999999997 0.5789025203125 0 0.5891481078125 0 0.651815546875
2 0.5543554109375 0.6853919203125 0.5598785984375 0.7173996875 0.6522874328125 0.737248078125 0.65766975625 0.690234509375 0.5543554109375 0.6853919203125
2 0.51610516875 0.6117827046875 0.552754934375 0.6246569046875 0.5528528078125 0.59722798125 0.517970759375 0.5920596953125 0.51610516875 0.6117827046875
2 0.6146205609375001 0.6302175015625 0.6362938875 0.6299161171875001 0.6348588234375 0.6032176781249999 0.610643625 0.5967165375000001 0.6146205609375001 0.6302175015625
2 0.670466225 0.653987096875 0.6386236249999999 0.6488718640625 0.638172828125 0.674698034375 0.6700419546874999 0.6782935421875 0.670466225 0.653987096875
2 0.5096273921875001 0.6344633 0.510802384375 0.6542393843750001 0.52943574375 0.65465265625 0.5324289359375001 0.634861303125 0.5096273921875001 0.6344633
2 0.54979309375 0.6854274671875 0.5498746640625 0.680754290625 0.54560603125 0.6639645796875 0.5076833984375 0.65874321875 0.5133656656250001 0.681637209375 0.54979309375 0.6854274671875
2 0.5863306078125 0.6829108171875 0.6276979875 0.686787303125 0.6261453593749999 0.6668894437499999 0.58976895625 0.660176028125 0.5863306078125 0.6829108171875