2 0.8328101125 0.285876434375 0.8221179796874999 0.22523832968750002 0.7764358734375 0.2324249359375 0.784686325 0.288572753125 0.8328101125 0.285876434375
2 0.6950421484375 0.2592236375 0.7061302875 0.32210759843750003 0.7873225828125 0.31879069531250004 0.7665336968750001 0.2512491109375 0.6950421484375 0.2592236375
2 0.8080470171874999 0.5194953671875 0.8017114328125 0.46387828906250006 0.7788800625000001 0.46790407656250005 0.787253784375 0.519688253125 0.8080470171874999 0.5194953671875
2 0.8173526375 0.5919563640625001 0.810687259375 0.5410288000000001 0.7851455734375 0.5362697609375 0.797020496875 0.6013306734375 0.8173526375 0.5919563640625001
2 0.7791250109375001 0.80826615625 0.7693576703125 0.7069405484375 0.74689390625 0.7051123109375 0.7594524578125 0.8082614359375 0.7791250109375001 0.80826615625
2 0.726249659375 0.7643288187499999 0.74651621875 0.7677023265625 0.7417742734375 0.7089096421875001 0.724799546875 0.7101659828125 0.726249659375 0.7643288187499999
2 0.10278131093750001 0.0961939171875 0.094943009375 0.0648670109375 0.039884434375 0.077180465625 0.0505651859375 0.10192750625 0.10278131093750001 0.0961939171875
2 0.5910659015624999 0.43733952187499997 0.6017585328124999 0.4782942421875 0.63083805625 0.4737456578125 0.6204420625 0.43331755312500003 0.5910659015624999 0.43733952187499997
2 0.3541486484375 0.3668038421875 0.376591121875 0.42189652187500004 0.4250926234375 0.4133444 0.41296655312499997 0.346012090625 0.3541486484375 0.3668038421875
2 0.40214113906250004 0.350236584375 0.389137565625 0.3027423 0.3410538171875 0.3077472390625 0.3482742875 0.35973476249999997 0.40214113906250004 0.350236584375
2 0.155408759375 0.9023238453125 0.13554279687499998 0.7634123015625 0.0999797140625 0.7627359859375 0.1225998515625 0.9000040546875001 0.155408759375 0.9023238453125
2 0.12240135468749999 0.9185645125 0.11718820156250001 0.8824328187500001 0.0821286484375 0.8831150171875001 0.08866864375 0.917565453125 0.12240135468749999 0.9185645125