2 0.4452414578125 0.2555745859375 0.285813140625 0.6427800859375 0.3322600703125 0.6660063625 0.48770248125000004 0.27723539375 0.4452414578125 0.2555745859375
2 0.3084412015625 0.72082948125 0.26450471875 0.7001601281250001 0.1718753 0.9273734984375 0.2242851109375 0.93746811875 0.3084412015625 0.72082948125
2 0.208775271875 0.7600368265624999 0.16621039375 0.734160771875 0.10602153593750001 0.8852924484375 0.1437199796875 0.9045414234375 0.208775271875 0.7600368265624999
2 0.058597209375 0.916232228125 0.1000506296875 0.8112868546875 0.05869443437500001 0.7977678890625 0.017825734375 0.8958955296875001 0.058597209375 0.916232228125
2 0.015473421875 0.9518283437499999 0.0430855609375 0.954730496875 0.051310898437499995 0.9406901015625 0.0144694828125 0.9230792921875001 0.015473421875 0.9518283437499999
2 0.011124296875 0.8272856953125001 0.1544167171875 0.46845533125000005 0.1047887859375 0.44642304531250004 0.0067684328125 0.7025500890624999 0.011124296875 0.8272856953125001
2 0.0041879265625 0.6286540671874999 0.0569169015625 0.4948967015625 0.007130093749999999 0.47437604218749996 0.000772971875 0.5308625640625 0.0041879265625 0.6286540671874999
2 0.3560631015625 0.0616099640625 0.3405707796875 0.08788135625 0.462558540625 0.1385383328125 0.4729749390625 0.11211637968749999 0.3560631015625 0.0616099640625
2 0.5132176125 0.1362188890625 0.49227092343749995 0.11720112187500001 0.47870402343749996 0.1448214171875 0.496916984375 0.16049405781249998 0.5132176125 0.1362188890625
2 0.32375940000000003 0.08420314062499999 0.33808925 0.058192509375 0.3121615390625 0.0432373421875 0.2937136453125 0.073401278125 0.32375940000000003 0.08420314062499999
2 0.520921025 0.135500221875 0.47394077343749996 0.24827222031249999 0.5467119375 0.26815083125 0.5924311296875 0.1674751984375 0.520921025 0.135500221875
2 0.1972409671875 0.01026780625 0.0996246984375 0.0136766421875 0.1863486578125 0.048358384375 0.1972409671875 0.01026780625
2 0.4781566453125 0.2517731265625 0.500636540625 0.18305089531250002 0.29586362187500004 0.0965578828125 0.27057957187500004 0.1626923234375 0.4781566453125 0.2517731265625