2 0.829707271875 0.630540796875 0.8362700734375 0.6869107953125 0.882255628125 0.6820291265625 0.8768891406250001 0.6206898859375001 0.829707271875 0.630540796875
2 0.8218332484375 0.6712909093749999 0.8244327218749999 0.6006701890625 0.745148509375 0.6184804203125001 0.7507137546875 0.6820914859375 0.8218332484375 0.6712909093749999
2 0.772370153125 0.406635859375 0.7776844921875 0.4588228109375 0.8007798515625 0.4568022265625 0.7925047968750001 0.40144048593750004 0.772370153125 0.406635859375
2 0.760673459375 0.325247525 0.7660421687500001 0.3911649953125 0.7894818124999999 0.37995744062500003 0.7827390515625 0.3290400671875 0.760673459375 0.325247525
2 0.6708279 0.13509108125 0.6853942296875 0.23797587656250002 0.706619375 0.23039588437499997 0.6898289046875 0.1299948890625 0.6708279 0.13509108125
2 0.6627447281250001 0.23881284531250002 0.679466221875 0.23563299375 0.668829921875 0.17761631718749998 0.65012705625 0.1861202453125 0.6627447281250001 0.23881284531250002
2 0.6335967874999999 0.5332375984375 0.63317498125 0.4914963671875 0.60390905625 0.49462910625 0.6041806328125 0.536955784375 0.6335967874999999 0.5332375984375
2 0.4557871484375 0.6712668125000001 0.45007315 0.6030903390625 0.40101084374999996 0.6073827328125 0.393592115625 0.666406715625 0.4557871484375 0.6712668125000001
2 0.38974753125 0.67475531875 0.3962284515625 0.7268402078125 0.4439691609375 0.719229615625 0.4442372234375 0.6699880859375 0.38974753125 0.67475531875
2 0.03193078125 0.2113041 0.045608996875 0.34974939531250004 0.0797852546875 0.3398917203125 0.0630213484375 0.2005717828125 0.03193078125 0.2113041
2 0 0.2374026328125 0.0312513015625 0.229677246875 0.026935246875000003 0.19342744843749998 0 0.20150658125 0 0.2374026328125