2 0.6712953765624999 0.40791176250000005 0.6388777140624999 0.410099865625 0.63281564375 0.488716125 0.6675003187499999 0.48992733906249997 0.6712953765624999 0.40791176250000005
2 0.6014713953124999 0.5788972296875 0.59123916875 0.6581996140624999 0.6203140312500001 0.6567253859375 0.6311659515625 0.5799341874999999 0.6014713953124999 0.5788972296875
2 0.5567279640625 0.5541016734374999 0.5437391093749999 0.6648378328125 0.569444521875 0.66490601875 0.590657809375 0.5561159984375 0.5567279640625 0.5541016734374999
2 0.526990015625 0.6932957203125001 0.5434362921875 0.5785306765625 0.5119628875 0.5774316015625 0.4935111421875 0.6902600249999999 0.526990015625 0.6932957203125001
2 0.6206997140625 0.50322915 0.6370410296875 0.367716903125 0.6021681453125 0.3689875171875 0.588188390625 0.5037539046874999 0.6206997140625 0.50322915
2 0.5865032671875 0.46137623593750005 0.591841840625 0.4034782484375 0.5571425765625 0.39977697968750003 0.55242873125 0.4635053390625 0.5865032671875 0.46137623593750005
2 0.5285766781250001 0.41039654687500005 0.49870118906250005 0.41101220781250003 0.485329934375 0.48522588593749993 0.51606953125 0.489826 0.5285766781250001 0.41039654687500005
2 0.49419576875000004 0.39757882968749997 0.465322359375 0.3932515359375 0.4524130484375 0.45420415781249995 0.4818961203125 0.45855274062499995 0.49419576875000004 0.39757882968749997
2 0.410783446875 0.5539831265624999 0.38688219375 0.6684878375000001 0.41590029531250006 0.668671703125 0.44219979687500005 0.555703165625 0.410783446875 0.5539831265624999
2 0.40891779218749996 0.5124297609374999 0.38004438125 0.5081024671875001 0.33239858906249997 0.7089040515625 0.3702195703125 0.71603334375 0.40891779218749996 0.5124297609374999
2 0.330615071875 0.7362244703124999 0.3168205421875 0.7988062578124999 0.34577964375 0.8006469984375 0.35899163437500003 0.7405344140625 0.330615071875 0.7362244703124999
2 0.2860525484375 0.75375405625 0.2774012859375 0.8115363609375 0.308075203125 0.811776909375 0.31911802499999997 0.7536639562499999 0.2860525484375 0.75375405625
2 0.38013594687499996 0.4342545203125 0.3740701453125 0.39421341718749997 0.34576583906249997 0.3973746296875 0.34779989218749996 0.4372749390625 0.38013594687499996 0.4342545203125
2 0.34295127187499996 0.4304675984375 0.3439859171875 0.35333357187500003 0.31071200625 0.3563212421875 0.309432465625 0.43697223906250005 0.34295127187499996 0.4304675984375
2 0.3795451203125 0.4748937765625 0.3463870109375 0.47456533749999996 0.2956661578125 0.7159194265625 0.3266728609375 0.7155497796875 0.3795451203125 0.4748937765625
2 0.3208697546875 0.5641204578125001 0.3417068296875 0.46610380156250003 0.308547540625 0.46577646250000004 0.2904796265625 0.5638886796875 0.3208697546875 0.5641204578125001
2 0.275584775 0.412348378125 0.2803734328125 0.37019791875 0.24810167968750002 0.36824035624999996 0.243964 0.41082999375 0.275584775 0.412348378125
2 0.2587911765625 0.53705946875 0.2635220109375 0.496564784375 0.2320486078125 0.495465709375 0.22708287500000002 0.537818778125 0.2587911765625 0.53705946875
2 0.235736509375 0.674826825 0.24607361718749998 0.616273921875 0.21374282500000003 0.6159743734375 0.2046957328125 0.6739505078125 0.235736509375 0.674826825
2 0.21949282499999997 0.7837903875000001 0.22811515781249997 0.7268365390625 0.19761490312500002 0.72162296875 0.187212865625 0.788471703125 0.21949282499999997 0.7837903875000001
2 0.221606540625 0.533271409375 0.23080881875 0.45974275468750003 0.20442082031250003 0.4555011140625 0.1918591921875 0.536588740625 0.221606540625 0.533271409375
2 0.235702475 0.438338359375 0.24153302187499998 0.3663520375 0.21343020781250002 0.3637105890625 0.20494172656249998 0.44058432343750004 0.235702475 0.438338359375
2 0.19810993125 0.6816033234375001 0.1998355484375 0.6559409578125 0.169219571875 0.6540412156250001 0.16818408125 0.6799364734375 0.19810993125 0.6816033234375001