2 0.17024854375 0.77904394375 0.22879229531249998 0.7660742765624999 0.2188298515625 0.7182093296875001 0.1501069171875 0.7323115765625 0.17024854375 0.77904394375
2 0.0884845859375 0.2628387875 0.09934640781250001 0.32443924062499996 0.1454710171875 0.3209375921875 0.12069854218750001 0.25054269218749997 0.0884845859375 0.2628387875
2 0.3903126 0.8646252625 0.375377309375 0.8024196578125 0.34337396875000004 0.80541704375 0.360210975 0.8739032281249999 0.3903126 0.8646252625
2 0.4009463015625 0.992428453125 0.386840959375 0.9274308390625 0.335523053125 0.9391252390625 0.3504752890625 0.9986821875 0.4009463015625 0.992428453125
2 0.10349175 0.4454471875 0.11548531718749999 0.49096945312500007 0.1523374703125 0.48182460000000005 0.1398556171875 0.4416820828125 0.10349175 0.4454471875
2 0.5685883859375 0.7657056640625 0.5558405484375 0.7084068453125 0.5256933046875 0.71372261875 0.542711028125 0.7689451296875001 0.5685883859375 0.7657056640625
2 0.53389928125 0.2914826625 0.5191903078125 0.2305605640625 0.48178786875 0.2302085765625 0.49904411406250004 0.2963051578125 0.53389928125 0.2914826625
2 0.8126470703124999 0.762368115625 0.8043487328125 0.72281134375 0.7636701546875 0.7313074859375 0.7735665140625 0.773229309375 0.8126470703124999 0.762368115625
2 0.8106848125000001 0.7587450359375 0.8256213859375 0.79845471875 0.8649112562499999 0.789542315625 0.8536125203125 0.747205484375 0.8106848125000001 0.7587450359375
2 1 0.7523163875 0.9931828640625 0.72127205625 0.9512370265625 0.7233757468750001 0.96511625 0.7870909765625 1 0.783164209375 1 0.7523163875
2 0.9532036093749999 0.54703714375 0.9403802921875 0.5043080109375 0.8752341343750001 0.5197641156249999 0.88719055 0.56264610625 0.9532036093749999 0.54703714375
2 0.661330865625 0.024213015625 0.6593103296875 0.026884973437499998 0.6712121015625 0.072753409375 0.7119523562500001 0.056307075 0.7023727578125001 0.0169762234375 0.661330865625 0.024213015625