2 0.6501331968749999 0.9409675078124999 0.661323278125 0.859507971875 0.5983926828125 0.8488239078125 0.5854203328125 0.9314865671874999 0.6501331968749999 0.9409675078124999
2 0.45418340468749996 0.6829509171875 0.44626649843750005 0.7634971296875 0.507125925 0.7768765671875 0.5191862875 0.690939828125 0.45418340468749996 0.6829509171875
2 0.515248128125 0.3743756359375 0.5118149187500001 0.4350403765625 0.528964009375 0.438838459375 0.5352836296875 0.37641159687500003 0.515248128125 0.3743756359375
2 0.5111464359375 0.37636617031249997 0.48770546406250004 0.37273898125 0.4826375203125 0.4321566875 0.5050280203125 0.43650895937499995 0.5111464359375 0.37636617031249997
2 0.1427633046875 0.599339621875 0.1358994640625 0.653761871875 0.170402015625 0.669993546875 0.17947803906249998 0.611122615625 0.1427633046875 0.599339621875
2 0.20145460937499998 0.57450636875 0.1805247875 0.5722965703125 0.1723189890625 0.6097310359375 0.19673316875 0.61819376875 0.20145460937499998 0.57450636875
2 0.1440068578125 0.5977227968750001 0.167447828125 0.6013499859375 0.1719198375 0.57852276875 0.14815904375 0.5715809515625 0.1440068578125 0.5977227968750001
2 0.21276696562500003 0.5497563203125 0.2009311515625 0.6106463078125001 0.22490181874999998 0.61669964375 0.2381957953125 0.5574870062499999 0.21276696562500003 0.5497563203125
2 0.541722415625 0.3767338953125 0.5310533828125 0.4555068890625 0.5740076859375 0.46385635937499997 0.582339628125 0.3827705328125 0.541722415625 0.3767338953125
2 0.038854309375 0.7557038328125001 0.028482896875000004 0.8568372562500001 0.080249578125 0.8708490953125001 0.0959526578125 0.7677319015624999 0.038854309375 0.7557038328125001
2 0 0.86639100625 0.012035104687500001 0.8692054703125001 0.0208545796875 0.8005272906249999 0 0.7967820859375 0 0.86639100625
2 0.1126781359375 0.380687896875 0.105415690625 0.4610523390625 0.14697811875 0.47377762656250005 0.15508622968750002 0.3870726484375 0.1126781359375 0.380687896875
2 0 0.5825932234375 0.0384765546875 0.5897549843750001 0.047641457812499996 0.524164090625 0 0.515674209375 0 0.5825932234375