2 0.252774934375 0.863809096875 0.2731327 0.782649015625 0.2110301828125 0.7678948078125 0.1895019328125 0.8472510171875 0.252774934375 0.863809096875
2 0.40773279375 0.6682643578125 0.38525625625000004 0.752081903125 0.44650541875 0.7635457375 0.47068978125000005 0.6863091796874999 0.40773279375 0.6682643578125
2 0.515811084375 0.3724498609375 0.49723620625000003 0.4323833640625 0.51450605625 0.43558789375 0.535049371875 0.3784042453125 0.515811084375 0.3724498609375
2 0.5201796078125 0.43959158593750003 0.542490740625 0.4443339625 0.5610420203125 0.38765947343749996 0.5380472375 0.3818392015625 0.5201796078125 0.43959158593750003
2 0.7516229562500001 0.7275268140625 0.7369747734375001 0.785264078125 0.7750767609375 0.7838039625000001 0.7900230296874999 0.7310261031249999 0.7516229562500001 0.7275268140625
2 0.73297660625 0.7272937296875 0.7587566296875 0.7290431234375 0.7658299656249999 0.6913782546875 0.7457005234375 0.68523445 0.73297660625 0.7272937296875
2 0.795902403125 0.703365828125 0.7713180921875 0.700471721875 0.76651529375 0.7232316390625 0.7895100765625 0.7290519109375 0.795902403125 0.703365828125
2 0.7185300781249999 0.65521211875 0.707631028125 0.7149120124999999 0.732061371875 0.718705971875 0.7449580609375 0.658031821875 0.7185300781249999 0.65521211875
2 0.47001117499999995 0.3599170515625 0.44599801093749997 0.4378124984375 0.48880005468750004 0.446910353125 0.5097582187499999 0.3702307046875 0.47001117499999995 0.3599170515625
2 0.79852634375 1 0.8245754 0.9155605953125001 0.7673163515625 0.9043223875 0.7428549671875 1 0.79852634375 1
2 0.880545296875 1 0.8858603078125 0.9780138328125 0.82363031875 0.9638538625 0.8134821625 1 0.880545296875 1
2 0.8616190312500001 0.5308183703125 0.8352042515625 0.6137988156249999 0.878434834375 0.6183248609375 0.9031506078125 0.5415113390624999 0.8616190312500001 0.5308183703125
2 0.9069565718750001 0.698993725 0.88976450625 0.762951475 0.945721884375 0.7753118734375 0.963835190625 0.7120162296875 0.9069565718750001 0.698993725