2 0.307772903125 0.7255710328125 0.19742924687500002 0.699446328125 0.19385893437499999 0.7219391046875 0.304445771875 0.7426676640625 0.307772903125 0.7255710328125
2 0.16966075 0.765649790625 0.12651845781249998 0.75638465 0.120820728125 0.7979607515625 0.161621134375 0.805211378125 0.16966075 0.765649790625
2 0.3355114125 0.7225083046874999 0.2351590796875 0.6240475562500001 0.22062289062499998 0.638435165625 0.3223472625 0.7369129375 0.3355114125 0.7225083046874999
2 0.336211715625 0.662172128125 0.2670441140625 0.62592145 0.262353490625 0.6455199390625 0.3271144921875 0.682423246875 0.336211715625 0.662172128125
2 0.8959890796875 0.7111463015624999 0.9161400359374999 0.71107905625 0.913448634375 0.7209092578125 0.9708575015625 0.72410165625 0.9759615374999999 0.6919280624999999 0.900622159375 0.689588934375 0.8959890796875 0.7111463015624999
2 0.9866983218750001 0.6477035296875 0.9119441921875 0.64390815625 0.9093321937500001 0.652830765625 0.9263596421875 0.657066384375 0.9269752109375 0.67619625 0.9813502062499999 0.67743378125 0.9866983218750001 0.6477035296875
2 0.9825718515625 0.600672328125 0.9278891765624999 0.5977184390625 0.9218630921875001 0.629964740625 0.980699746875 0.632536915625 0.9825718515625 0.600672328125
2 0.9493316828125 0.373562115625 0.9055537609375 0.3715622703125 0.9084188984375 0.412077903125 0.9480504906249999 0.4091388546875 0.9493316828125 0.373562115625
2 1 0.4671728796875 0.9712949671875 0.467909478125 0.9691497640625 0.49242927343750004 1 0.49487936093749996 1 0.4671728796875
2 1 0.44326681875 0.9707934874999999 0.44224244687500003 0.9711013734374999 0.45965595312499996 1 0.459661775 1 0.44326681875
2 1 0.42141810937499996 0.986490228125 0.41982279843750003 0.986798015625 0.43723744375000007 1 0.43839246718749997 1 0.42141810937499996
2 0.9856609031250001 0.41883570312499996 0.96839504375 0.4173251359375 0.9636482718750001 0.440181984375 0.9856509750000001 0.43988185468749996 0.9856609031250001 0.41883570312499996
2 0.8737382984375 0.3898258 0.8315394234375001 0.3907100140625 0.8280067015625001 0.472954534375 0.872119334375 0.47112862968749997 0.8737382984375 0.3898258
2 0.6462577390625001 0.49895416875 0.7364602703124999 0.5041011015625 0.74465878125 0.43132434374999995 0.6505581765625 0.4288672921875 0.6462577390625001 0.49895416875
2 0.4219560109375 0.1586161671875 0.5015266390625001 0.1620191140625 0.50518143125 0.1406016453125 0.4233938359375 0.1363729171875 0.4219560109375 0.1586161671875