2 1 0.3755822484375 0.94592514375 0.3661550234375 0.9306910437499999 0.425425803125 1 0.43953410625 1 0.3755822484375
2 0.9460646796875001 0.6763010859375 0.961733871875 0.6078798 0.89141815625 0.59569465625 0.8760783671875 0.6557174531250001 0.9460646796875001 0.6763010859375
2 0.8829302796875 0.7925523234375 0.9001694078125 0.718212109375 0.8377344156250001 0.7102043140625 0.82037194375 0.7791544953125 0.8829302796875 0.7925523234375
2 0.840985365625 0.1015405828125 0.8332816281250001 0.14690075 0.9153991703125 0.16304744531249998 0.9246388078125 0.11368189375 0.840985365625 0.1015405828125
2 0.65268224375 0.2965405890625 0.6705087640625 0.2426245609375 0.6317126796875 0.238323584375 0.6175367406250001 0.2900651671875 0.65268224375 0.2965405890625
2 0.6617913343749999 0.43369268437499997 0.6792826140625 0.374739128125 0.5920043859375 0.3571002765625 0.5800027359375 0.420662003125 0.6617913343749999 0.43369268437499997
2 0.6363656015625 0.5491028109375 0.651724415625 0.49234476406249994 0.599904028125 0.481031784375 0.584340015625 0.5371852640625 0.6363656015625 0.5491028109375
2 0.4775758671875 0.46115333437499995 0.46636067968750006 0.527705384375 0.5088894421875 0.5331066828125001 0.5228196453125 0.46674391093749995 0.4775758671875 0.46115333437499995
2 0.49519640468750004 0.215683103125 0.5350102828125001 0.22358149218749998 0.552876625 0.1600748203125 0.5130050671874999 0.1544712390625 0.49519640468750004 0.215683103125
2 0.3981387328125 0.1966686875 0.40826974062500004 0.15587204375 0.3454777640625 0.140138465625 0.33150180156250003 0.1850005640625 0.3981387328125 0.1966686875
2 0.3878778671875 0.024042995312500003 0.3760943390625 0.0707481125 0.40818970468750004 0.07602684374999999 0.420767321875 0.03020135 0.3878778671875 0.024042995312500003
2 0.22967119062500002 0.14535715625 0.244186328125 0.094430115625 0.2045171828125 0.0896230015625 0.197440434375 0.145433246875 0.22967119062500002 0.14535715625
2 0.3280094453125 0.4554855171875 0.339925328125 0.41685920000000004 0.287503475 0.405270546875 0.27832279843749996 0.4323821203125 0.3280094453125 0.4554855171875
2 0.145197534375 0.295457125 0.1393482453125 0.3215020015625 0.158692075 0.324988621875 0.16627458906249998 0.303792009375 0.145197534375 0.295457125
2 0.18645665 0.34577794375000004 0.200581646875 0.30228053906249996 0.17484345625 0.291946825 0.15904494687499998 0.33885569531250004 0.18645665 0.34577794375000004