2 0.9143189062499999 0.55846583125 1 0.5979498859375 0.9977220953125 0.41154100156249995 0.9750239171875 0.4020501140625 0.9143189062499999 0.55846583125
2 0.6775649203125 0.23348519375 0.67149430625 0.0022779046875 0.5990888375 0.00341685625 0.6153416859374999 0.23652277812500003 0.6775649203125 0.23348519375
2 0.583471525 0.2380410015625 0.5789179953125 0.21374373593749998 0.5455296125 0.21070614999999998 0.5485649203125 0.23652277812500003 0.583471525 0.2380410015625
2 0.5774009109375 0.310933940625 0.571330296875 0.25019020468750003 0.5307517078124999 0.24449544531249998 0.5349066062500001 0.32156378124999996 0.5774009109375 0.310933940625
2 0.5349066062500001 0.40660592187500005 0.5227653765625 0.341306378125 0.48139749531250003 0.3375091125 0.49392938593749997 0.4172357625 0.5349066062500001 0.40660592187500005
2 0.49392938593749997 0.482536446875 0.4772357625 0.43090318906249997 0.44153416874999996 0.4381173125 0.460542140625 0.488610478125 0.49392938593749997 0.482536446875
2 0.460542140625 0.5645410015625 0.45447152500000004 0.50075968125 0.414957859375 0.502657175 0.42867084218749996 0.5645410015625 0.460542140625 0.5645410015625
2 0.4271537578125 0.6480637812500001 0.4089419140625 0.599468109375 0.3826879265625 0.6032653765625 0.399835990625 0.6526195890625 0.4271537578125 0.6480637812500001
2 0.3512710703125 0.9350797265624999 0.3512710703125 1 0.3731970390625 0.9981013671875001 0.36644760781249996 0.9305239171874999 0.3512710703125 0.9350797265624999
2 0.3436822328125 1 0.3360945328125 0.918374715625 0.3102949890625 0.9123006828125 0.314350796875 1 0.3436822328125 1
2 0.0037289296875000003 0.0022779046875 0.0011389515625000002 0.066438496875 0.0037289296875000003 0.13173917968749999 0.052293849999999996 0.022399771875 0.0037289296875000003 0.0022779046875
2 0.9036947609375 0.5569476078125 0.95984738125 0.39597608281249996 0.8097949890624999 0.341306378125 0.7519305234375 0.494684509375 0.9036947609375 0.5569476078125