2 0.3239761984375 0.7384306375 0.212078965625 0.7200667546874999 0.2100863671875 0.7427537921875 0.321849771875 0.7557177109375 0.3239761984375 0.7384306375
2 0.1889962328125 0.78804598125 0.1453127296875 0.7818128671875 0.1425290828125 0.82368514375 0.18373587656249998 0.828072015625 0.1889962328125 0.78804598125
2 0.35143349218750003 0.73344043125 0.2444573375 0.6422197515625 0.23096018906250002 0.65758630625 0.3393062265625 0.748728259375 0.35143349218750003 0.73344043125
2 0.347923253125 0.673202378125 0.2763954203125 0.6418648921875 0.27308334375 0.6617428421875 0.3402608359375 0.69403875625 0.347923253125 0.673202378125
2 0.9097532921875 0.6830091578124999 0.9298504703124999 0.681536415625 0.9278513453125001 0.6915304140625 0.98534305625 0.690710396875 0.98819034375 0.6582591375 0.9128713203125001 0.661181115625 0.9097532921875 0.6830091578124999
2 0.9958160265625 0.613393371875 0.9209792421874999 0.6148218296875 0.9189960171875 0.6239049062500001 0.9362774500000001 0.6269424328125 0.9382259484375 0.6459827609375 0.9925548171875 0.6434242671875 0.9958160265625 0.613393371875
2 0.988418878125 0.566764584375 0.9336633515624999 0.5676323609375 0.9299013359374999 0.6002204703125 0.9887740953125 0.59868214375 0.988418878125 0.566764584375
2 0.9394172718749999 0.34252631875 0.8956064874999999 0.34358513749999997 0.9012908734374999 0.3838022125 0.940620909375 0.378105765625 0.9394172718749999 0.34252631875
2 1 0.43203869531250005 0.9679083953125 0.43511177500000003 0.96747883125 0.45972148125 0.9996335046875 0.46002500625 1 0.43902857031250003 1 0.43203869531250005
2 1 0.4083468375 0.96561769375 0.40954224687499996 0.967139534375 0.42689185937499996 0.99911033125 0.4246627140625 1 0.41446851249999994 1 0.4083468375
2 1 0.3916345046875 0.9997670359375 0.3870401671875 0.9797122843749999 0.3860822640625 0.9812341046874999 0.403433015625 1 0.4037605765625 1 0.3916345046875
2 0.9788161234375 0.385155421875 0.96148695 0.3848529390625 0.9583461546875001 0.4079852296875 0.9802743234375001 0.4061510015625 0.9788161234375 0.385155421875
2 0.8651425265625001 0.3640235125 0.8231081250000001 0.36784921718749997 0.8253210953125001 0.45013982500000005 0.8691989046874999 0.4452412265625 0.8651425265625001 0.3640235125
2 0.645828509375 0.4887542921875 0.73617034375 0.48759647656249994 0.739272234375 0.4144251 0.6452294578125 0.418538159375 0.645828509375 0.4887542921875
2 0.3983323890625 0.164891834375 0.4779465640625 0.1627359265625 0.48009844843750005 0.141115684375 0.39821510312499997 0.1426024703125 0.3983323890625 0.164891834375