2 0.2161896734375 0.19872305625 0.20772685000000002 0.23310374375 0.2724215234375 0.24886134843750002 0.286126775 0.21440550625000002 0.2161896734375 0.19872305625
2 0.8756571781250001 0.5473327359375 0.9340945484375001 0.5568580296875 0.9412706937499999 0.5283933359375 0.8850511187500001 0.5176614796875 0.8756571781250001 0.5473327359375
2 0.866596803125 0.5833688328125 0.9522831375 0.599244384375 0.9642479015625 0.5663977828125 0.875847803125 0.5509701125 0.866596803125 0.5833688328125
2 1 0.614044453125 0.8694695421875 0.5859543765625 0.8620860531250001 0.6191676375 0.994876796875 0.6459459484375001 1 0.624439728125 1 0.614044453125
2 0.85666533125 0.6550129890624999 0.9862067046874999 0.680724134375 0.9958820234375001 0.6477169515625001 0.8640011937500001 0.6208909515625 0.85666533125 0.6550129890624999
2 0.9416552203125 0.7098291515625 0.9824868171875 0.7185560859375 0.9914665875 0.6853344421875 0.9508585343749999 0.6765205171875001 0.9416552203125 0.7098291515625
2 0.8919003484375001 0.7005821796875 0.9307081281249999 0.7098645421875001 0.9398918921874999 0.6761828421875 0.8975116984374999 0.6683742046875001 0.8919003484375001 0.7005821796875
2 0.8512446703125001 0.6908594781249999 0.88347900625 0.7009345625 0.8984692390625 0.66923529375 0.8559937328125 0.659607965625 0.8512446703125001 0.6908594781249999
2 0.8432848343750001 0.7304852671875001 0.9730203656249999 0.755548690625 0.9843213515624999 0.72309385625 0.8497584109374999 0.69731969375 0.8432848343750001 0.7304852671875001
2 0.9467112375 0.788893853125 0.967085303125 0.79463725 0.9753562921875 0.76094864375 0.9550522656249999 0.75654168125 0.9467112375 0.788893853125
2 0.834319775 0.7683400546875 0.9314089171875001 0.7885233640625 0.94399036875 0.7543864546875 0.843427775 0.73321273125 0.834319775 0.7683400546875