2 0.8400801781249999 0.297621778125 0.8315107984375001 0.2366474625 0.7856057109375 0.24223540781250003 0.79189160625 0.2986369578125 0.8400801781249999 0.297621778125
2 0.7033263078124999 0.266177184375 0.7122130734375001 0.32940980937500003 0.7934716671875 0.32892849687500003 0.7750526125 0.26070253593750004 0.7033263078124999 0.266177184375
2 0.807178984375 0.5302341765625 0.80278826875 0.47442987031249995 0.7798303093750001 0.47765640156250005 0.7863916875 0.5297012718749999 0.807178984375 0.5302341765625
2 0.8139500843749999 0.60297579375 0.8090661125 0.5518466359375 0.7837060734375 0.546199103125 0.7933031703125 0.6116348109375 0.8139500843749999 0.60297579375
2 0.768196640625 0.8178196921875 0.7619714640625 0.7162149328125 0.7395851890625 0.713603834375 0.7485362375 0.8171284109375 0.768196640625 0.8178196921875
2 0.716886890625 0.772063796875 0.7370233703125 0.776142540625 0.7343361500000001 0.71722018125 0.7173279171875 0.717883346875 0.716886890625 0.772063796875
2 0.11711591562500001 0.082577171875 0.11037568125 0.050995796875 0.054920912499999995 0.061380234374999995 0.0647314984375 0.0864849515625 0.11711591562500001 0.082577171875
2 0.593197246875 0.440555846875 0.6024540640625 0.4818587859375 0.6316746156249999 0.47832783437500004 0.6226958765624999 0.43756154062499997 0.593197246875 0.440555846875
2 0.3588859765625 0.3617948421875 0.3793920703125 0.4176371921875 0.4281624921875 0.4107829578125 0.418393671875 0.343068471875 0.3588859765625 0.3617948421875
2 0.4074274203125 0.346912590625 0.39608929531250003 0.2989934203125 0.3478601671875 0.3023172125 0.3532619015625 0.3545250578125 0.4074274203125 0.346912590625
2 0.141577775 0.8900527 0.1265718578125 0.7505324640625 0.09105404218749999 0.748615428125 0.1088698140625 0.8865893078125 0.141577775 0.8900527
2 0.1080236859375 0.90513153125 0.1040746875 0.8688399109375 0.0690126828125 0.868298134375 0.07434639062500001 0.9029558265625001 0.1080236859375 0.90513153125