2 0.6677399296875 0.3339936390625 0.51229751875 0.7227646062499999 0.5547585421875 0.7444254140625 0.7141868609375 0.3572199140625 0.6677399296875 0.3339936390625
2 0.8281247 0.0726265015625 0.775714890625 0.06253188125 0.6915587999999999 0.27917051875 0.73549528125 0.299839871875 0.8281247 0.0726265015625
2 0.8939784625 0.11470754999999999 0.8562800218750001 0.095458578125 0.791224728125 0.239963171875 0.8337896062500001 0.265839228125 0.8939784625 0.11470754999999999
2 0.941305565625 0.2022321109375 0.9821742656250001 0.1041044703125 0.941402790625 0.083767771875 0.89994936875 0.1887131453125 0.941305565625 0.2022321109375
2 1 0.0497979765625 0.9569144390625001 0.045269503125 0.9486891015625 0.059309896875000004 0.9937832828125 0.080865665625 1 0.0655694 1 0.0497979765625
2 1 0.175586225 0.98956111875 0.1709979015625 0.8455832828125001 0.53154466875 0.8952112140624999 0.5535769562499999 1 0.27976400625000003 1 0.175586225
2 1 0.360722434375 0.9430830968749999 0.5051032984375 0.9928699062499999 0.52562395625 1 0.46226915 1 0.360722434375
2 0.537441459375 0.86146166875 0.5270250609375 0.8878836203124999 0.6439368984375 0.9383900359374999 0.659429221875 0.9121186437500001 0.537441459375 0.86146166875
2 0.5212959765625 0.8551785828125 0.503083015625 0.8395059437500001 0.4867823859375 0.8637811125000001 0.5077290765625 0.8827988781249999 0.5212959765625 0.8551785828125
2 0.6878384625 0.9567626562499999 0.706286353125 0.926598721875 0.6762406000000001 0.9157968593750001 0.6619107515625 0.9418074921875 0.6878384625 0.9567626562499999
2 0.45328806093749996 0.73184916875 0.40756886875 0.8325248015625 0.4790789765625 0.864499778125 0.5260592281250001 0.7517277796874999 0.45328806093749996 0.73184916875
2 0.9345746343749999 1 0.8136513421875 0.9516416171875001 0.799822871875 1 0.9345746343749999 1
2 0.7041363781250001 0.903442115625 0.729420428125 0.8373076765624999 0.5218433546875 0.7482268734375 0.49936345937500004 0.8169491046875 0.7041363781250001 0.903442115625