2 0.7768115640625 0.24240598593749998 0.6645228484375 0.2353090796875 0.6633040718750001 0.25268375 0.77600904375 0.2651662171875 0.7768115640625 0.24240598593749998
2 0.8400406453124999 0.158049871875 0.79866073125 0.155825609375 0.7955023859375 0.196072096875 0.8394522375 0.20001045 0.8400406453124999 0.158049871875
2 0.7604236703125 0.3285492046875 0.6474561171875 0.243202553125 0.636145575 0.2591041203125 0.74774924375 0.3446010859375 0.7604236703125 0.3285492046875
2 0.7181407078125 0.3266029203125 0.64936504375 0.297867065625 0.64280361875 0.319075909375 0.715873503125 0.34662696875 0.7181407078125 0.3266029203125
2 0.0041960609375 0.3675076609375 0.0792589375 0.3606477921875 0.0812303015625 0.33868648125 0.06123774375 0.341209009375 0.0627110828125 0.33112408125 0.005341078125 0.33495185781250003 0.0041960609375 0.3675076609375
2 0 0.41263438125 0.07358838437500001 0.40736788125 0.0750935203125 0.39819345781250004 0.05767679999999999 0.396064534375 0.054734478125 0.37715227812499996 0.0006139671875 0.3825506171875 0 0.3935399390625 0 0.41263438125
2 0.0654426953125 0.42241617500000006 0.006731129687499999 0.4270335546875 0.008756295312499999 0.458888784375 0.0633913640625 0.4551565125 0.0654426953125 0.42241617500000006
2 0.10534040468750001 0.6370404828125 0.066362396875 0.6447875 0.06942646875 0.6802551921875 0.1131217984375 0.6769049453125 0.10534040468750001 0.6370404828125
2 0.00772754375 0.5935171031250001 0.03612884375 0.5892877328125 0.035269846875 0.5646892703125 0.0043509734375 0.5660171421875 0.00772754375 0.5935171031250001
2 0.010640959375 0.6172449734375001 0.039754610937500004 0.61470233125 0.037326846875 0.5974561421875 0.0086429171875 0.600972221875 0.010640959375 0.6172449734375001
2 0.013303648437500001 0.6389308265625 0.0269071375 0.6388678156250001 0.0244793359375 0.6216204890625 0.01123499375 0.6220829921875 0.013303648437500001 0.6389308265625
2 0.047097675 0.6158766515625 0.0252955546875 0.618855996875 0.027850579687499998 0.6397464875 0.0451718328125 0.639141615625 0.047097675 0.6158766515625
2 0.177734225 0.566817834375 0.1341729234375 0.5740061062499999 0.142474346875 0.65490021875 0.1842509203125 0.648879846875 0.177734225 0.566817834375
2 0.2655343234375 0.5979801640625 0.35923295781250003 0.588950921875 0.35495989843750003 0.5188623703124999 0.2648024703125 0.524746725 0.2655343234375 0.5979801640625
2 0.5386568296875 0.8573509093749999 0.6203501453125 0.85158071875 0.619066484375 0.8293280390625 0.5396742484375 0.8356476781250001 0.5386568296875 0.8573509093749999