2 0.9062741093750001 0.5065146140625 0.8347812359375 0.504561534375 0.836955715625 0.582428553125 0.9119098609374999 0.5784947140625001 0.9062741093750001 0.5065146140625
2 0.5390503765625 0.9849783750000001 0.6105443859374999 0.9869315343749999 0.6190604921875 0.9196273171874999 0.5421974671875 0.918183428125 0.5390503765625 0.9849783750000001
2 0.23628726093750002 0.9775155375000001 0.2986814859375 0.978832378125 0.294655690625 0.92742404375 0.243030403125 0.9246793296875 0.23628726093750002 0.9775155375000001
2 0.1275288625 0.8328319093750001 0.11754116249999999 0.8884885671875 0.1732857046875 0.8922665875 0.1772596859375 0.84087928125 0.1275288625 0.8328319093750001
2 0.34519452500000003 0.4444342609375 0.49587096875 0.44735454218750004 0.4878921921875 0.397994721875 0.351300609375 0.4006920734375 0.34519452500000003 0.4444342609375
2 0.42868994687499995 0.3619333515625 0.4308021 0.3971127921875 0.4906926578125 0.39063851562499996 0.4934483171875 0.3512307546875 0.42868994687499995 0.3619333515625
2 0.5031179375 0.30012285156249996 0.432505475 0.3073687609375 0.4291862671875 0.3330298359375 0.492399478125 0.333537525 0.5031179375 0.30012285156249996
2 0.1285353875 0.3607453 0.0828244828125 0.360595071875 0.0410200484375 0.435349065625 0.1211559796875 0.43902670156249995 0.1285353875 0.3607453
2 0.0426573328125 0.3029549109375 0.012386328125 0.3054068671875 0.0092254296875 0.3778588734375 0.04363724375 0.376131965625 0.0426573328125 0.3029549109375
2 0.6736498046875 0.3242312140625 0.672385465625 0.276927446875 0.5785983734375 0.28864634843750003 0.57030654375 0.32005093906250004 0.6736498046875 0.3242312140625
2 0.5259259078125 0.409856875 0.5611256625000001 0.40774842656250004 0.5634187515625 0.3804153484375 0.5257863875 0.39004631875 0.5259259078125 0.409856875
2 0.61865199375 0.413294725 0.6433416578125 0.4089288171875 0.647098184375 0.3824570484375 0.6255335984375 0.38026785625000004 0.61865199375 0.413294725
2 0.6849342 0.33720505156249997 0.652872975 0.3380093015625 0.6510711578125 0.36377648281249997 0.683238409375 0.36145598125 0.6849342 0.33720505156249997
2 0.5440594703125 0.36847825156249997 0.5428025984375 0.3485013375 0.5242041265624999 0.34728903125 0.52131000625 0.3668874546875 0.5440594703125 0.36847825156249997
2 0.56543865 0.324280396875 0.565764684375 0.31961789375 0.5291455328125 0.32021886875 0.52148954375 0.3425304984375 0.559722940625 0.3406341828125 0.56543865 0.324280396875
2 0.60338761875 0.34825736875 0.6402107109374999 0.3447399140625 0.64349164375 0.3250530921875 0.6019438203125 0.3253094203125 0.60338761875 0.34825736875