2 0.3991535453125 0.7133653890625 0.4122541296875 0.29487574375 0.3649453875 0.289043765625 0.347563853125 0.7074256140624999 0.3991535453125 0.7133653890625
2 0.3906512296875 1 0.395521740625 0.7730288015625 0.3471656171875 0.768633125 0.3383601421875 1 0.3906512296875 1
2 0.30371574375 1 0.315276103125 0.8439594109374999 0.26642807031250004 0.83420191875 0.2615591234375 0.9968050421875001 0.287397140625 1 0.30371574375 1
2 0.22871898281249997 1 0.23063690312500001 0.9293047015625 0.1871510328125 0.93074568125 0.1839928890625 1 0.22871898281249997 1
2 0.110298540625 0.5848243265625 0.103909125 0.9734357203125 0.1524883734375 0.9766006078125 0.1644690265625 0.58855415 0.110298540625 0.5848243265625
2 0.0818926515625 0.6467478109375 0.028089874999999997 0.6444927921875 0.076636353125 0.8454849093749999 0.0818926515625 0.6467478109375
2 0.3411893640625 0.1731428703125 0.3419407375 0.1447517390625 0.2148053359375 0.1372774359375 0.20923265937500002 0.16726315625 0.3411893640625 0.1731428703125
2 0.358510096875 0.1735249609375 0.380985040625 0.1820232234375 0.388000028125 0.153636884375 0.3618121171875 0.14293021875 0.358510096875 0.1735249609375
2 0.16726755468750001 0.1350280390625 0.160248878125 0.16968241875 0.19217710625 0.16955659375 0.19674660156249998 0.1402134984375 0.16726755468750001 0.1350280390625
2 0.464597778125 0.2661566234375 0.4731266703125 0.1559155890625 0.3949930671875 0.1503268390625 0.389416365625 0.27236604375 0.464597778125 0.2661566234375
2 0 0.181277240625 0.050793617187499994 0.18287078125 0.047012989062499996 0.1293648 0 0.13179046562500002 0 0.181277240625
2 0.17018922187500002 0.19070717343750002 0.169049296875 0.261500871875 0.3945753703125 0.27421390625000003 0.392195175 0.20194755468749997 0.17018922187500002 0.19070717343750002