2 0.9089195125 0.40717765625 0.8338737374999999 0.40586207500000004 0.8344181015625001 0.48375755 0.9057992609375001 0.4793105921875 0.9089195125 0.40717765625
2 0.527577371875 0.080598646875 0.60434318125 0.0764731578125 0.59348338125 0.0095071484375 0.5221010875000001 0.013954221875 0.527577371875 0.080598646875
2 0.22836584843750002 0.08454748281249999 0.27986389843750004 0.08000274375000001 0.282093115625 0.028485228125 0.21978285625 0.0319787921875 0.22836584843750002 0.08454748281249999
2 0.16555977500000002 0.170591846875 0.1597948234375 0.1193745359375 0.10421609218750001 0.1250957109375 0.1161400953125 0.180369896875 0.16555977500000002 0.170591846875
2 0.3548569890625 0.6044369640625 0.49145950000000005 0.602365696875 0.497710784375 0.5527574890625 0.3472280453125 0.5609345218749999 0.3548569890625 0.6044369640625
2 0.49864428125 0.6489072703125001 0.4945149890625 0.6096196859375 0.43443496562500006 0.605239503125 0.43355184375 0.6404712265625 0.49864428125 0.6489072703125001
2 0.49821356562499997 0.666626325 0.4350565796875 0.6693398140625 0.439269321875 0.69486941875 0.51009165 0.6996465734374999 0.49821356562499997 0.666626325
2 0.1235146984375 0.5741576203125 0.0435559296875 0.5806297203125 0.08794377812500001 0.653879221875 0.1336215921875 0.6521337968750001 0.1235146984375 0.5741576203125
2 0.04823818125 0.6397194078124999 0.013787060937500002 0.6391945078125 0.019474571875 0.7114920625 0.0498127078125 0.712886084375 0.04823818125 0.6397194078124999
2 0.576543846875 0.677385778125 0.5859266296875 0.7084818578125 0.6800655734375 0.7169204984374999 0.679678265625 0.6696014203125 0.576543846875 0.677385778125
2 0.5296080078125 0.60898676875 0.5675535625 0.617298521875 0.564307959375 0.590062121875 0.5290560640625 0.5891834109375 0.5296080078125 0.60898676875
2 0.62963571875 0.6152781468749999 0.651110765625 0.6123376953124999 0.6464326765624999 0.586013153125 0.621605684375 0.5825115609375 0.62963571875 0.6152781468749999
2 0.6879619015625 0.6320646921875 0.6557332609375 0.6308682265625001 0.6584332421875 0.656556828125 0.6905030046875 0.65624166875 0.6879619015625 0.6320646921875
2 0.5259425859375 0.632287746875 0.52951891875 0.6517732281249999 0.5480637515625 0.649912584375 0.5486226734375 0.6299039750000001 0.5259425859375 0.632287746875
2 0.5720198671875 0.67797706875 0.5715313125 0.6733287828125001 0.565248346875 0.6571844359375001 0.526972059375 0.6566236015625 0.5354020484374999 0.6786544484375 0.5720198671875 0.67797706875
2 0.6079783328125 0.6710263734375 0.6495097921874999 0.6698325484375001 0.645543796875 0.6502722234375 0.6086203796875 0.6480420171875 0.6079783328125 0.6710263734375