2 0.307772903125 0.7255710328125 0.19742924687500002 0.6994463265624999 0.19385893437499999 0.721939103125 0.304445771875 0.7426676624999999 0.307772903125 0.7255710328125
2 0.16966075 0.7656497890625 0.12651845781249998 0.7563846515625 0.120820728125 0.797960753125 0.16162113281249998 0.8052113796875 0.16966075 0.7656497890625
2 0.33551141093750003 0.7225083062500001 0.235159078125 0.6240475562500001 0.22062289218750003 0.638435165625 0.3223472625 0.7369129375 0.33551141093750003 0.7225083062500001
2 0.3362117171875 0.6621721265625 0.2670441140625 0.62592145 0.26235349218750004 0.6455199390625 0.3271144921875 0.682423246875 0.3362117171875 0.6621721265625
2 0.8959890796875 0.7111463 0.9161400359374999 0.7110790546875 0.913448634375 0.72090925625 0.9708574999999999 0.72410165625 0.9759615374999999 0.6919280624999999 0.9006221609375 0.689588934375 0.8959890796875 0.7111463
2 0.9866983218750001 0.6477035296875 0.9119441921875 0.64390815625 0.9093321953125001 0.652830765625 0.92635964375 0.657066384375 0.926975209375 0.67619625 0.9813502062499999 0.67743378125 0.9866983218750001 0.6477035296875
2 0.9825718515625 0.6006723265625 0.927889175 0.5977184390625 0.921863090625 0.629964740625 0.980699746875 0.6325369171874999 0.9825718515625 0.6006723265625
2 0.9493316828125 0.373562115625 0.9055537593749999 0.3715622703125 0.908418896875 0.41207790156249996 0.9480504921874999 0.4091388546875 0.9493316828125 0.373562115625
2 1 0.4671728796875 0.97129496875 0.467909478125 0.9691497640625 0.492429271875 1 0.49487936093749996 1 0.4671728796875
2 1 0.4432668171875 0.9707934874999999 0.4422424453125 0.9711013734374999 0.4596559546875 1 0.459661775 1 0.4432668171875
2 1 0.4214181078125 0.9864902296875 0.41982280000000005 0.9867980140625001 0.43723744218749994 1 0.43839246562499995 1 0.4214181078125
2 0.9856609031250001 0.4188357015625 0.96839504375 0.41732513437499996 0.9636482718750001 0.440181984375 0.9856509734375001 0.43988185625 0.9856609031250001 0.4188357015625
2 0.8737382984375 0.3898258 0.8315394234375001 0.3907100140625 0.8280067000000001 0.472954534375 0.8721193328125001 0.47112862968749997 0.8737382984375 0.3898258
2 0.6462577390625001 0.49895416875 0.7364602703124999 0.5041011015625 0.7446587828125 0.43132434374999995 0.6505581765625 0.4288672921875 0.6462577390625001 0.49895416875
2 0.4219560109375 0.1586161671875 0.5015266390625001 0.1620191140625 0.5051814328125 0.140601646875 0.42339383750000004 0.1363729171875 0.4219560109375 0.1586161671875