2 0 0.48558499218750006 0.0056682765625 0.6057753609375001 0.0286838546875 0.6144683140625 0.08389305625 0.45602930625000004 0 0.42086471718749996 0 0.48558499218750006
2 0.4131477828125 1 0.41830202656250004 0.9997387890624999 0.3939238 0.767342084375 0.3318444796875 0.772549378125 0.3457719796875 1 0.4131477828125 1
2 0.425721559375 0.764712534375 0.43112027968750005 0.7888360828125001 0.4645943328125 0.7907065796875 0.46065988750000003 0.765011609375 0.425721559375 0.764712534375
2 0.42924455000000006 0.6916521375 0.43743139218750005 0.752147009375 0.47818400624999996 0.756422128125 0.47134199375 0.67954574375 0.42924455000000006 0.6916521375
2 0.46837406562500006 0.5945554078125 0.4827868203125 0.65939145 0.5242620234375 0.6617426859375 0.508955346875 0.5825019578124999 0.46837406562500006 0.5945554078125
2 0.5066763859375001 0.517241053125 0.5251618140625001 0.568260259375 0.560589890625 0.5598045625 0.539831309375 0.5100055234374999 0.5066763859375001 0.517241053125
2 0.5371813734375 0.4341212546875 0.5454742265625 0.49765186093749997 0.5848976015625 0.49437651562499996 0.56903325625 0.43300896250000004 0.5371813734375 0.4341212546875
2 0.5676345140625 0.34948411875 0.5875312296875 0.3974146015625 0.6136367 0.3927033984375 0.5947766453125001 0.343977709375 0.5676345140625 0.34948411875
2 0.6096429734375 0 0.61844596875 0.06507743437499999 0.6334542640625 0.0599947484375 0.6313592015625 0 0.6096429734375 0
2 0.63943361875 0 0.6492045546874999 0.0761599296875 0.6752003609375 0.0813298703125 0.6685883390625 0 0.63943361875 0
2 1 0.872605159375 0.964101428125 0.9616845671875 1 0.975110534375 1 0.872605159375
2 0.094563715625 0.4571758265625 0.044063128125 0.6200089921874999 0.1959320578125 0.6694086390625 0.248408453125 0.5141045 0.094563715625 0.4571758265625