2 0.4792817625 1 0.5572419578125001 0.996868953125 0.6207026671875 0.9879501328125 0.58006948125 0.9106912312500001 0.42704518281250003 0.979499215625 0.43690778906250005 1 0.4792817625 1
2 0.0227762609375 0.697024921875 0.24314347343749998 0.69126988125 0.24292038124999998 0.6289729453125 0.0126538671875 0.62500034375 0.0227762609375 0.697024921875
2 0.23942555625 0.562287696875 0.21348545312499997 0.5606076859375 0.2182662890625 0.5937913359375 0.2427685703125 0.59706700625 0.23942555625 0.562287696875
2 0.3236351921875 0.544197396875 0.246455025 0.5440816374999999 0.25426570000000004 0.584306575 0.3152439 0.5871897890625 0.3236351921875 0.544197396875
2 0.417031478125 0.49826925156249996 0.33675821875 0.48992710468749995 0.342715309375 0.531039559375 0.4085607875 0.5397466359374999 0.417031478125 0.49826925156249996
2 0.48656102343749996 0.4611922984375 0.43514225624999997 0.44485298437500004 0.42980649687500005 0.48088320937500006 0.48224266718750003 0.49485167656250006 0.48656102343749996 0.4611922984375
2 0.5607194718749999 0.42539078124999996 0.49820277187500006 0.41493534062500004 0.4983758640625 0.45449416249999997 0.5623874859375 0.4572184015625 0.5607194718749999 0.42539078124999996
2 0.64716825 0.3919857703125 0.596984215625 0.37744420624999997 0.5945661796875 0.40386094687499996 0.6440483875 0.41950453125 0.64716825 0.3919857703125
2 0.9804439359374999 0.3258879640625 0.9266995937500001 0.3287045859375 0.9229443078124999 0.34409875625 0.983404546875 0.34695380937500003 0.9804439359374999 0.3258879640625
2 0.9751930234374999 0.28852578281249996 0.9018072453125001 0.288976821875 0.9092231984374999 0.31442311875 0.979229684375 0.317248115625 0.9751930234374999 0.28852578281249996
2 0.5078768203124999 0.751863453125 0.3577372796875 0.817675809375 0.4201851953125 0.9646613671875001 0.577997315625 0.9001611046875 0.5078768203124999 0.751863453125