2 0.4534002265625 0 0.4438239046875 0.0182467953125 0.5943536218750001 0.0923533359375 0.641155028125 0.010439546875 0.5023097546875 0 0.4534002265625 0
2 0.249975165625 0.299882471875 0.0191186015625 0.28577894375 0.013942665625 0.3580081515625 0.2475780796875 0.362133671875 0.249975165625 0.299882471875
2 0.246312859375 0.394014878125 0.22171118281250002 0.396433434375 0.21577516718749998 0.429430021875 0.24175810000000003 0.42865633125 0.246312859375 0.394014878125
2 0.318399328125 0.40641542968750005 0.2573576515625 0.40716877812499996 0.2481479046875 0.447096621875 0.3252850953125 0.4496744828125 0.318399328125 0.40641542968750005
2 0.41000362656249995 0.45708639375000004 0.3438943890625 0.4634901921875 0.3365061234375 0.504369703125 0.4170216171875 0.49883413593750003 0.41000362656249995 0.45708639375000004
2 0.48207381250000003 0.504525465625 0.4291820890625 0.516655428125 0.4332571625 0.55284991875 0.48521484062500003 0.5383150484375 0.48207381250000003 0.504525465625
2 0.560856425 0.5449328296875 0.49678872187499995 0.5454214359375 0.495235153125 0.5849501187499999 0.558078659375 0.576682846875 0.560856425 0.5449328296875
2 0.6411513859375 0.5854736484374999 0.59115336875 0.5993807999999999 0.592648 0.6258658359375 0.6433089578125 0.6130845296875 0.6411513859375 0.5854736484374999
2 0.9204615359374999 0.6860826671875 0.9851347687500001 0.6917408421875 0.9851543359375 0.6697328328125 0.9172457875 0.6705668171875 0.9204615359374999 0.6860826671875
2 0.8941978734375 0.7249174984375 0.9819169546875001 0.728520621875 0.9844733578125 0.699300803125 0.9024973703124999 0.6997455171875 0.8941978734375 0.7249174984375
2 0 0.956017709375 0.0246097234375 0.9591753562499999 0.08988765 0.9622865640624999 0 0.912565165625 0 0.956017709375
2 0.591915221875 0.10280473125 0.4364502640625 0.0328361953125 0.36891066875 0.1775528140625 0.516661928125 0.24856487187499998 0.591915221875 0.10280473125