2 0.0620489203125 0.3515451546875 0.1076495828125 0.387547175 0.18623581718749999 0.22064055625 0.1367399359375 0.1915382859375 0.0620489203125 0.3515451546875
2 0.0140559328125 0.3305774921875 0.048441446875 0.35035465625 0.11756047812499999 0.1871929765625 0.07064817343749999 0.1628899515625 0.0140559328125 0.3305774921875
2 0.023188425 0.2261926265625 0.0574270234375 0.160589946875 0.0330480359375 0.14321340625 0.023188425 0.2261926265625
2 0.294073084375 0.1721473734375 0.2882494328125 0.23871201250000001 0.333925909375 0.256427821875 0.344682828125 0.1857215734375 0.294073084375 0.1721473734375
2 0.373820746875 0.2705886125 0.385824234375 0.20304061406249999 0.3644690046875 0.18592861875 0.345628134375 0.2650728890625 0.373820746875 0.2705886125
2 0.7024313624999999 0.624036303125 0.7452222500000001 0.51802295625 0.47524375625 0.3998894875 0.44186024375 0.515491578125 0.7024313624999999 0.624036303125
2 0.5802292359375001 0.2795005921875 0.4133262953125 0.2100199453125 0.40797246249999997 0.21107556718749998 0.395042421875 0.289214090625 0.55369295625 0.35644758125 0.5802292359375001 0.2795005921875
2 0.384826584375 0.10996508593750001 0.3635205359375 0.169457534375 0.36263644375 0.17204865625000001 0.3981274 0.18430013437499998 0.4181433859375 0.1296476078125 0.384826584375 0.10996508593750001
2 0.45287628281250003 0.202809675 0.4759160234375 0.1484216921875 0.43312975312499996 0.13248390937500001 0.409473053125 0.188722659375 0.45287628281250003 0.202809675
2 0.496643246875 0.2249316328125 0.5243515140625 0.1694280703125 0.4896546875 0.1480996453125 0.457150465625 0.210043434375 0.496643246875 0.2249316328125
2 0.54521229375 0.244424528125 0.574431871875 0.1890531890625 0.5320426640625 0.1685769359375 0.5091070265625001 0.22602207187499998 0.54521229375 0.244424528125
2 0.6078354046875 0.39929528593749997 0.6711705296875 0.232578390625 0.580082321875 0.1941207515625 0.5569499171875 0.2454514375 0.6078354046875 0.39929528593749997
2 0.7568286734375 0.4550134296875 0.830482771875 0.2922485171875 0.6710031078124999 0.2268472296875 0.6050763906250001 0.3960047140625 0.7568286734375 0.4550134296875
2 0.937851775 0.1446288875 0.9558258296875 0.0958960921875 0.9347919499999999 0.0925307 0.9128646359375001 0.14129949375 0.937851775 0.1446288875