2 0.70749388125 0.28838753125 0.8157463796875 0.3221457828125 0.8208770109374999 0.29995685 0.7120055078124999 0.2715646359375 0.70749388125 0.28838753125
2 0.8480653515625001 0.258040621875 0.8904562484375 0.27029264375 0.8990403015625 0.229215275 0.8588450609375 0.21913621718749998 0.8480653515625001 0.258040621875
2 0.679609296875 0.2895078578125 0.7728489015625 0.3947289859375 0.7883533093749999 0.38139041875 0.693746196875 0.27605659843749997 0.679609296875 0.2895078578125
2 0.674701859375 0.349648209375 0.741172253125 0.3906354703125 0.747218571875 0.371411921875 0.68518956875 0.3300810109375 0.674701859375 0.349648209375
2 0.1197043515625 0.2617452390625 0.099597790625 0.2604066609375 0.10296835625 0.25078814843749997 0.0459220265625 0.2435988859375 0.03858610625 0.275338065625 0.11357879062500001 0.2829269046875 0.1197043515625 0.2617452390625
2 0.024790528125 0.318705909375 0.09909780781250001 0.327706621875 0.102325853125 0.318987953125 0.08563534375000001 0.313574875 0.086355709375 0.2944486703125 0.03219949375 0.2894211453125 0.024790528125 0.318705909375
2 0.025626215624999997 0.36591039375 0.079969634375 0.37267155937499996 0.08823042812500001 0.340924165625 0.029716521875000002 0.33425401718750003 0.025626215624999997 0.36591039375
2 0.04294300625 0.59478609375 0.08647478593749999 0.5998348625000001 0.0864428546875 0.5592180625000001 0.046702782812499996 0.5593853906249999 0.04294300625 0.59478609375
2 0 0.497916284375 0.027614560937499998 0.49913647499999997 0.031464954687500005 0.474826053125 0 0.4701006578125 0 0.497916284375
2 0 0.5220051031249999 0.026324378125 0.5247759656250001 0.027231948437499997 0.5073833984375 0 0.50547364375 0 0.5220051031249999
2 0 0.544320521875 0.0091019578125 0.54604605 0.01000970625 0.5286523578125 0 0.5270669765625 0 0.544320521875
2 0.0098604078125 0.5470885937500001 0.0269788359375 0.5497998875000001 0.0333084578125 0.5273298328125 0.0113384171875 0.5260944000000001 0.0098604078125 0.5470885937500001
2 0.1194867453125 0.5838351546875 0.16164450625 0.585896740625 0.1709057109375 0.50409899375 0.12677316562500002 0.5028433078125001 0.1194867453125 0.5838351546875
2 0.354025584375 0.490840859375 0.2644018125 0.47941425468750004 0.2511466234375 0.55144183125 0.344846609375 0.560457025 0.354025584375 0.490840859375
2 0.5540401453125 0.8459963125 0.474900725 0.8370510890625 0.469760828125 0.8581614390625001 0.5510542109375 0.86808508125 0.5540401453125 0.8459963125