2 0.15551038749999999 0.459250428125 0.08159435312499999 0.4722895578125 0.0959602640625 0.543046303125 0.1671582609375 0.5362720359375001 0.15551038749999999 0.459250428125
2 0.3306872609375 0.0980103453125 0.4071533265625 0.090076225 0.40213670312499994 0.0233956234375 0.33093756875 0.030169951562500002 0.3306872609375 0.0980103453125
2 0.6434567921875 0 0.6414629281249999 0.0002022109375 0.6517238171875 0.050736734375 0.7032987937499999 0.04716945 0.703523521875 0 0.6434567921875 0
2 0.7764737453125 0.0708408515625 0.778791921875 0.12232943125 0.8291327875000001 0.12425615625 0.8322632000000001 0.0677971609375 0.7764737453125 0.0708408515625
2 0.524448875 0.5997693749999999 0.6596936 0.580445803125 0.6604233390625 0.53628551875 0.510514121875 0.5517498437499999 0.524448875 0.5997693749999999
2 0.5225657796875 0.607412040625 0.5246332578125 0.6468618921875 0.5876046109375 0.6283470109375 0.58122090625 0.5936872 0.5225657796875 0.607412040625
2 0.5906344421874999 0.6570955703125 0.527830540625 0.66429541875 0.5212642 0.698767275 0.5904672734374999 0.68296988125 0.5906344421874999 0.6570955703125
2 0.9634377515624999 0.50823345 0.88345095 0.514349340625 0.8856666499999999 0.59294656875 0.9310551406249999 0.58752491875 0.9634377515624999 0.50823345
2 1 0.561768703125 0.9680568140625001 0.5673281109375 0.977947459375 0.6398402937500001 1 0.6353011796875 1 0.561768703125
2 0.4477450171875 0.7193569859375 0.452147784375 0.6871759609375 0.34906538125000003 0.6956212203125001 0.356085175 0.7424183078125 0.4477450171875 0.7193569859375
2 0.45162766562499995 0.6264220875000001 0.487805803125 0.6122766734375 0.4852530234375 0.5926307859375 0.450572596875 0.5990132890625001 0.45162766562499995 0.6264220875000001
2 0.3683231453125 0.6345935640625 0.3899937875 0.634138375 0.392799134375 0.600519028125 0.368825575 0.60786130625 0.3683231453125 0.6345935640625
2 0.366656375 0.6536190703125 0.33501169062499997 0.6598424765625001 0.33628398437499996 0.684119309375 0.3680082171875 0.6794137734375 0.366656375 0.6536190703125
2 0.4945870734375 0.654522425 0.4950711734375 0.63471738125 0.47229741093750005 0.6359109046875 0.47597948749999996 0.6555857390625001 0.4945870734375 0.654522425
2 0.456463953125 0.68238478125 0.4567085640625 0.6870522640625001 0.492981521875 0.6819930171874999 0.497861340625 0.6589146640625 0.46014403281250005 0.6654563234374999 0.456463953125 0.68238478125
2 0.3788985859375 0.6911301125 0.4201054796875 0.6858122890625 0.4158757921875 0.6632113453125 0.37975584375000004 0.6711901874999999 0.3788985859375 0.6911301125