2 0.8170752562500001 0.65877993125 0.818700115625 0.7155074109374999 0.864936146875 0.7146522234375 0.864936146875 0.6530786765625 0.8170752562500001 0.65877993125
2 0.8056795890625 0.6986887109375 0.8144241718749999 0.6285632828125001 0.733889396875 0.6393956671875001 0.7338893953125 0.7032497156249999 0.8056795890625 0.6986887109375
2 0.7794709234375 0.43072976093750004 0.7802166484375 0.48318130000000004 0.803400228125 0.4831812984375 0.79998175625 0.4273090078125 0.7794709234375 0.43072976093750004
2 0.7749121999999999 0.3486317 0.77451539375 0.414766246875 0.7988426453125 0.40564424218750006 0.796563284375 0.354332953125 0.7749121999999999 0.3486317
2 0.70198175625 0.1513683015625 0.70752565625 0.255131128125 0.7293306734375 0.249429875 0.7213546187500001 0.1479475484375 0.70198175625 0.1513683015625
2 0.684889396875 0.253990878125 0.7018244015625 0.2522805015625 0.6962850625 0.19355758125 0.6769122000000001 0.2003990875 0.684889396875 0.253990878125
2 0.1265176734375 0.970068415625 0.120296465625 0.9962941843750001 0.17665678437500001 0.9988597484374999 0.17893614687499998 0.9666476625 0.1265176734375 0.970068415625
2 0.6301915625000001 0.5447548453125 0.63340935 0.5031356890625001 0.6039817546874999 0.5037058156249999 0.600563284375 0.545895096875 0.6301915625000001 0.5447548453125
2 0.44102850625 0.6667616875 0.44127822187500004 0.5983466375 0.39202850625 0.5983466359375 0.3794937296875 0.6564994296875 0.44102850625 0.6667616875
2 0.3749361453125 0.6644811859375 0.37685290625 0.716932725 0.42507525625 0.713511971875 0.42963397968750006 0.664481184375 0.3749361453125 0.6644811859375
2 0.05887343125 0.1716077546875 0.06043329374999999 0.3107183578125 0.0953386546875 0.303876853125 0.090781071875 0.1636259984375 0.05887343125 0.1716077546875
2 0.022408209374999998 0.16020524687499998 0.0219498296875 0.19526795937500002 0.056595210937499994 0.189851765625 0.055454959375 0.153363740625 0.022408209374999998 0.16020524687499998