2 0.64112761875 0.23939197499999998 0.754491634375 0.24200405625000002 0.7533074156249999 0.21926049218750002 0.6408274546875 0.221977196875 0.64112761875 0.23939197499999998
2 0.767888846875 0.17147390468749998 0.8120147078125 0.171566790625 0.8089437703125 0.1297146015625 0.7675274625 0.1311053 0.767888846875 0.17147390468749998
2 0.614632040625 0.24815493437499997 0.733262575 0.32359965625 0.7444897593750001 0.306504209375 0.6245136296875 0.231328096875 0.614632040625 0.24815493437499997
2 0.626491634375 0.307318225 0.7016846984375 0.328395984375 0.702198065625 0.308250534375 0.63117961875 0.28561822187499997 0.626491634375 0.307318225
2 0 0.4102386015625 0.0687146390625 0.39784807031249997 0.068764446875 0.37579851249999996 0.04906781875 0.3800539078125 0.0496565921875 0.3698789453125 0 0.377581428125 0 0.4102386015625
2 0 0.4556304921875 0.0671375890625 0.44488459531249996 0.06783739375 0.435613903125 0.050301399999999996 0.43501104843749994 0.045721962500000005 0.4164271984375 0 0.425063328125 0 0.4556304921875
2 0.007042546875 0.501859934375 0.0611444234375 0.4933801046875 0.060334440625 0.46058556875 0.002248721875 0.4703024296875 0.007042546875 0.501859934375
2 0.08677520625 0.717096221875 0.1300122671875 0.7099504249999999 0.1187860671875 0.670915853125 0.0806315796875 0.682030546875 0.08677520625 0.717096221875
2 0.014204956250000001 0.6369150593749999 0.0456759515625 0.6293770000000001 0.0426763265625 0.6049470109375 0.0107923375 0.609121503125 0.014204956250000001 0.6369150593749999
2 0.0170935515625 0.6604407796875 0.051502951562499996 0.6543788828125 0.047581321875 0.6374099140625 0.0162318984375 0.6440668421875 0.0170935515625 0.6604407796875
2 0.0368887578125 0.66260204375 0.01764898125 0.664964390625 0.0208176328125 0.6814146437499999 0.0408105265625 0.6795721421875001 0.0368887578125 0.66260204375
2 0.041826959375 0.6803652421875 0.0590295828125 0.6782530265625 0.0589204203125 0.6549087453125 0.0374609296875 0.659776934375 0.041826959375 0.6803652421875
2 0.157335284375 0.6854711906250001 0.198428175 0.6758326609374999 0.1847841015625 0.594650884375 0.1420150625 0.6056084203125 0.157335284375 0.6854711906250001
2 0.3571557828125 0.531431671875 0.2678542875 0.5451513718750001 0.274966071875 0.6180423484374999 0.36752120312500003 0.6008810921875 0.3571557828125 0.531431671875
2 0.64731623125 0.81769751875 0.5687769 0.8309125984374999 0.5696549140625 0.8526219171875 0.6505344562500001 0.8397536421874999 0.64731623125 0.81769751875