2 0.31100829218750004 0.125682903125 0.32788700625 0.198817765625 0.4033369578125 0.17944495 0.3817534296875 0.11125993125 0.31100829218750004 0.125682903125
2 0.08638509062500001 0.5747041640624999 0.0638108140625 0.5012166734375 0.0014612031249999998 0.5279544359375 0.023045121874999998 0.5961405265625 0.08638509062500001 0.5747041640624999
2 0.162602446875 0.8640725171874999 0.14573419999999998 0.8152036515625 0.0952076796875 0.8255038656250001 0.11367168593750002 0.885118075 0.162602446875 0.8640725171874999
2 0.261285090625 0.904196965625 0.2129838203125 0.9221812640625 0.2319807640625 0.9747249921875 0.28272839375 0.9497831437500001 0.261285090625 0.904196965625
2 0.6364480125 0.6155660546874999 0.60139113125 0.4835223078125 0.551744178125 0.4894580234375 0.5960833875 0.63349258125 0.6364480125 0.6155660546874999
2 0.6448120640624999 0.46529151874999997 0.6076904578125 0.47880268125000003 0.6179750578125 0.5381577328125 0.6523738953125 0.5304912984375 0.6448120640624999 0.46529151874999997
2 0.6621089890625 0.4614228140625 0.6800209328125 0.5220473140624999 0.7037730453125 0.5117835359375 0.691274828125 0.4419092390625 0.6621089890625 0.4614228140625
2 0.663034859375 0.8473617265625 0.6886584874999999 0.923379634375 0.748993775 0.8625896375 0.73624973125 0.81869090625 0.663034859375 0.8473617265625
2 0.74486021875 0.9045413796874999 0.7526853906250001 0.9380961375 0.82145946875 0.9150872078125 0.8154726203125 0.885313 0.74486021875 0.9045413796874999
2 0.6535990296875 0.3828163296875 0.681501521875 0.3661894328125 0.6669152281249999 0.2728053265625 0.6210954281250001 0.2846286515625 0.6535990296875 0.3828163296875
2 0.5985865703125001 0.4449051921875 0.59747156875 0.40607598593749994 0.5718293875 0.4158142625 0.579504984375 0.4502316046875 0.5985865703125001 0.4449051921875
2 0.580492175 0.346326709375 0.5724437828125 0.326200921875 0.5480329234375 0.337108534375 0.5506415390625 0.362045171875 0.580492175 0.346326709375
2 0.5826697078125 0.285672028125 0.58930559375 0.3172327921875 0.6135779515625 0.3083983765625 0.605513775 0.2773574671875 0.5826697078125 0.285672028125
2 0.6220821562500001 0.44282471718750005 0.6401236421875 0.43464065312500005 0.633831865625 0.4170968109375 0.61428238125 0.42139501093750004 0.6220821562500001 0.44282471718750005
2 0.65526720625 0.38706288125 0.6508751875 0.3886614453125 0.63673038125 0.3986634515625 0.6454460796875 0.435938446875 0.6647831171874999 0.4224291203125 0.65526720625 0.38706288125
2 0.6398238359375 0.3538540609375 0.6286181046875 0.31384507500000003 0.6105982640625001 0.322425334375 0.6173668890624999 0.3587915046875 0.6398238359375 0.3538540609375