2 0.5022161109375001 0.96242305 0.521410565625 0.9075856671875 0.33801208437499997 0.8876204015625 0.326609628125 0.9438944484375 0.5022161109375001 0.96242305
2 0.50083416875 1 0.5055206328125 0.975676759375 0.3287452796875 0.9634436781250001 0.32335590000000003 1 0.50083416875 1
2 0.257052496875 0.8014460968750001 0.32188659531249997 0.785281140625 0.323766415625 0.7363254828125 0.253410234375 0.74917431875 0.257052496875 0.8014460968750001
2 0.32416721875 0.69399386875 0.2563913765625 0.704635825 0.24716425000000003 0.7303987125 0.3281306140625 0.722446253125 0.32416721875 0.69399386875
2 0.551373425 0.2682151171875 0.4372044828125 0.262270109375 0.4134034953125 0.5560002828124999 0.5335760265625 0.5499286546875 0.551373425 0.2682151171875
2 0.25677781718750003 0.681078340625 0.3348688515625 0.6678645203125 0.346787803125 0.495968409375 0.26539363125 0.4959293515625 0.25403666875 0.6763598703125 0.25677781718750003 0.681078340625
2 0.2346371109375 0.7366503078125 0.2346663859375 0.6991042578125 0.17647484062500002 0.6979718953125 0.168711540625 0.7358815515625 0.2318993265625 0.73665796875 0.2346371109375 0.7366503078125
2 0.2343430078125 0.64131205625 0.17541715468750002 0.637234546875 0.1742775328125 0.682878596875 0.23515418437500002 0.6869369 0.2343430078125 0.64131205625
2 0.2410106 0.592727371875 0.179510021875 0.5845988828124999 0.17063978125 0.6243492328125 0.2397911234375 0.6349156546875 0.2410106 0.592727371875
2 0.24362896250000002 0.540458171875 0.1817613671875 0.5308576625 0.1762012640625 0.5776038625 0.23798382187499997 0.5805876265625 0.24362896250000002 0.540458171875
2 0.36967404843749996 0.4308258703125 0.19142022812499998 0.42521904531250004 0.184713234375 0.5238652203124999 0.24077852656249998 0.5290257015625001 0.36967404843749996 0.4308258703125
2 0.373849125 0.2718099140625 0.1959724484375 0.25515966562500003 0.186055815625 0.42724322812500004 0.3674609984375 0.434505875 0.373849125 0.2718099140625
2 0 0.2240008546875 0.0264264328125 0.2264102796875 0.02143941875 0.20170053124999998 0 0.20123443437500002 0 0.2240008546875