2 0.095781071875 0.73151539375 0.1778791328125 0.7269566703125 0.17635917968749998 0.663143671875 0.0927400234375 0.666182440625 0.095781071875 0.73151539375
2 0.31166818749999997 0.489933865625 0.2310912203125 0.49753135625 0.229570125 0.5598255421875 0.316229190625 0.5552668187500001 0.31166818749999997 0.489933865625
2 0.6262257703125 0.49099771875 0.566020525 0.4992029640625 0.5655644234375 0.5167616875000001 0.6280501703125 0.5110535921875 0.6262257703125 0.49099771875
2 0.6234891671875 0.487351196875 0.6225769671875 0.463648803125 0.563283921875 0.470011403125 0.563283921875 0.49282098124999996 0.6234891671875 0.487351196875
2 0.33432154999999997 0.1682816421875 0.279589509375 0.1719281640625 0.270239453125 0.20889395624999998 0.329760546875 0.206570125 0.33432154999999997 0.1682816421875
2 0.369897378125 0.2211562140625 0.36807297656250004 0.20018928125 0.329760546875 0.19927708125000002 0.3261117453125 0.22485746875 0.369897378125 0.2211562140625
2 0.3361459515625 0.1691938421875 0.337058153125 0.1928962375 0.3603192703125 0.1929304453125 0.362599771875 0.1682816421875 0.3361459515625 0.1691938421875
2 0.396351196875 0.2275381984375 0.33432154999999997 0.2275381984375 0.33295325 0.25222348906250003 0.3936145953125 0.2539749140625 0.396351196875 0.2275381984375
2 0.6289623718749999 0.5174355765625 0.5496009125 0.5219931578125 0.5496009125 0.565751425 0.6307867734375 0.55845838125 0.6289623718749999 0.5174355765625
2 0.16100342031249998 0.09611744531250001 0.059749145312499995 0.1052337515625 0.05587229218749999 0.15872291875 0.1600912203125 0.1544618015625 0.16100342031249998 0.09611744531250001
2 0.112656784375 0.0231870015625 0.0469783359375 0.0250102625 0.044469782812500004 0.09144811875 0.1135689859375 0.087001140625 0.112656784375 0.0231870015625
2 0.5432155078124999 0.09702850625000001 0.462941846875 0.1052337515625 0.45838084375 0.14846066093750002 0.545039909375 0.1398757125 0.5432155078124999 0.09702850625000001
2 0.3890535921875 0.00222006875 0.3233751421875 0.0067776515625000006 0.3238312421875 0.0640820984375 0.3899657921875 0.060563284375000005 0.3890535921875 0.00222006875