2 0.7478376453125 0.9070417734375 0.7268365328125 0.8536026703124999 0.5496912171874999 0.9051114296874999 0.5781164750000001 0.9557826281249999 0.7478376453125 0.9070417734375
2 0.6293433640625 1 0.765794240625 0.9768014218750001 0.7491291265625 0.9266648562500001 0.577163640625 0.9694088078125 0.5888488171875 1 0.6293433640625 1
2 0.7861121796874999 0.7025689374999999 0.7145936890625 0.7021325265625 0.7249460109375 0.7500180109375 0.7916021515625 0.7546790624999999 0.7861121796874999 0.7025689374999999
2 0.7078856890624999 0.6892219890625 0.7890029234375 0.682993971875 0.7754422984375 0.659224753125 0.7068481703125 0.6605136234375 0.7078856890624999 0.6892219890625
2 0.4756040875 0.5550005437500001 0.5950052578125 0.5401121875 0.5205601484375 0.25497743125 0.40915803124999994 0.2806573515625 0.4756040875 0.5550005437500001
2 0.7303353109375 0.455252225 0.6501844796875 0.46942463749999996 0.691771803125 0.6366395578125 0.7709710140625 0.6360922671875 0.772851165625 0.6309694828125 0.7303353109375 0.455252225
2 0.8672158453125001 0.67477034375 0.85298754375 0.6387847015625 0.795876690625 0.65000471875 0.8024253234375 0.6869752765625 0.8051228453125001 0.686507409375 0.8672158453125001 0.67477034375
2 0.7932834640624999 0.638106915625 0.85253054375 0.6235391484374999 0.8434822328125 0.5787864265625 0.7861596453125 0.59303435625 0.7932834640624999 0.638106915625
2 0.779683575 0.5876811859375 0.8459495140625 0.5652672890625 0.8303114562499999 0.5276611359375 0.7711567078125 0.5463455984375 0.779683575 0.5876811859375
2 0.7720294578125 0.5338646859375 0.8323552734374999 0.520197825 0.81876225 0.47512730625 0.7595016734375 0.4953251578125 0.7720294578125 0.5338646859375
2 0.7603235765624999 0.48357140000000004 0.814641003125 0.46875368125000005 0.790906175 0.37277082031250003 0.6163340453124999 0.409245915625 0.7603235765624999 0.48357140000000004
2 0.6191525015625 0.412485721875 0.7965405859375 0.37383273125 0.7568926125 0.2060855109375 0.5846095671875 0.253370765625 0.6191525015625 0.412485721875
2 0.918870565625 0.14833153593749998 0.9704691234375 0.134303303125 0.9704355874999999 0.113001921875 0.9194910125 0.12313119531250001 0.918870565625 0.14833153593749998