2 0.2569531015625 0.14288692187500002 0.26373223125 0.2024656640625 0.312376328125 0.197561046875 0.3055348375 0.127740496875 0.2569531015625 0.14288692187500002
2 0.77887709375 0.1155290078125 0.7164787234375 0.1198923265625 0.71513985625 0.1661302828125 0.7877385515625 0.148851784375 0.77887709375 0.1155290078125
2 0.1488376484375 0.35279975937499997 0.21226364687500002 0.3444485453125 0.2126279421875 0.312307209375 0.142756984375 0.3218932234375 0.1488376484375 0.35279975937499997
2 0.08047285937500001 0.2905229875 0.023385390625 0.2986408984375 0.0201029671875 0.32199655312500003 0.0206230515625 0.3500161390625 0.0867390125 0.3427821671875 0.08047285937500001 0.2905229875
2 0.5957003624999999 0.1113661859375 0.5491738046875 0.1185356765625 0.5544164640625 0.15614185 0.595643784375 0.1479244078125 0.5957003624999999 0.1113661859375
2 0.228580459375 0.5404388453125 0.2868979015625 0.5337502015625 0.2847624953125 0.50321245625 0.22806366093750002 0.5143646296875 0.228580459375 0.5404388453125
2 0.7038316171875 0.5555095734375 0.7659574828125 0.5472492718749999 0.7702171625 0.51008851875 0.7026789 0.5203412609375 0.7038316171875 0.5555095734375
2 0.20638864843750002 0.7835094218750001 0.24659613593750002 0.7793913515625001 0.24239860468750002 0.738047525 0.1996719828125 0.7435076484375001 0.20638864843750002 0.7835094218750001
2 0.210196990625 0.7819366265625 0.1691435421875 0.792640584375 0.1739002140625 0.8326468218749999 0.21718615937500002 0.8258353828124999 0.210196990625 0.7819366265625
2 0.228421575 0.966745928125 0.23068081562499998 0.925415978125 0.1658638515625 0.932559115625 0.1660513515625 0.9579803640625 0.228421575 0.966745928125
2 0.40584785312499994 0.9458041906249999 0.4496833140625 0.9375175312499999 0.44112150781250004 0.87111265 0.39722464375 0.878521178125 0.40584785312499994 0.9458041906249999
2 0.919107275 0.757169796875 0.959224009375 0.751753871875 0.9563169046875 0.7101803609374999 0.9538707890625 0.7078915984374999 0.90700955 0.7149336125 0.919107275 0.757169796875