2 0.6337890546875 0.9161208656250001 0.62922805 0.990570125 0.692322690625 0.9920900796875 0.6946031921875 0.9229578109375 0.6337890546875 0.9161208656250001
2 0.38749486875 0.9662599765625 0.457431015625 0.9722542765625001 0.45971151718750003 0.900927025 0.3981379703125 0.8940900796875001 0.38749486875 0.9662599765625
2 0.26358837031250004 0.9199190421875001 0.3396043328125 0.9266442406250001 0.3388449265625 0.86370239375 0.2681493734375 0.8561049031250001 0.26358837031250004 0.9199190421875001
2 0.942037628125 0.7822120859374999 0.8960467515625 0.7808962375 0.891485746875 0.8644618015625 0.941656784375 0.8667411625 0.942037628125 0.7822120859374999
2 0.7227286203125 0.6228802734375 0.7786009125 0.6330296468750001 0.7774606609375 0.59401254375 0.7242497140624999 0.5871755984375 0.7227286203125 0.6228802734375
2 0.5881790203125 0.650988596875 0.6489931578125 0.6601049031249999 0.65431356875 0.5712212078125 0.5897001140625 0.568182440625 0.5881790203125 0.650988596875
2 0.470353478125 0.6418722921875 0.5286966921875 0.649182440625 0.532687571875 0.5962919046875 0.4749144796875 0.5886944140625 0.470353478125 0.6418722921875
2 0.5353477765625 0.4723876859375 0.46788255312500004 0.4705439 0.4684526796875 0.513410490625 0.5361083234375 0.5179692140625 0.5353477765625 0.4723876859375
2 0.7808814125 0.45567388906249995 0.7786009125 0.49619954374999997 0.8439760546875 0.5050535921875 0.8439760546875 0.46479019375 0.7808814125 0.45567388906249995
2 0.7862029640625 0.35691448124999997 0.8280125421875001 0.3612690984375 0.8348540468750001 0.2968985171875 0.7884834656249999 0.2893021671875 0.7862029640625 0.35691448124999997
2 0.9557206390624999 0.32272861875 0.907830103125 0.31755986406250003 0.9070695546875 0.3500775375 0.95419954375 0.356155075 0.9557206390624999 0.32272861875
2 0.813568984375 0.18294526718749998 0.8660205234375 0.1902314703125 0.8652599765625 0.1502793609375 0.8090079812500001 0.15103876875 0.813568984375 0.18294526718749998
2 0.5201448125 0.323488028125 0.5600535921875001 0.3299122015625 0.5642337515625 0.27638768593749996 0.5361083234375 0.2710695546875 0.5201448125 0.323488028125
2 0.6531733187500001 0.1201835796875 0.62656784375 0.11801596406249999 0.6258072984374999 0.137656784375 0.6478529078124999 0.1422155078125 0.6531733187500001 0.1201835796875
2 0.609084378125 0.16804446875 0.6541242859375 0.175978334375 0.660775371875 0.1490524515625 0.6121242875 0.139936146875 0.609084378125 0.16804446875