2 0.187545434375 0.349315675 0.113411325 0.3375797078125 0.10395841875 0.40915860937500004 0.1734829328125 0.4259332140625 0.187545434375 0.349315675
2 0.4707866890625 0.064788478125 0.5456698703125 0.08218153593750001 0.5626356421875001 0.0175005359375 0.49311003124999997 0.00072561875 0.4707866890625 0.064788478125
2 0.7897234984375 0.1246096796875 0.839649990625 0.138027915625 0.8572310453125 0.0877482828125 0.7964740703125 0.07348773125 0.7897234984375 0.1246096796875
2 0.9011316140625001 0.1842331015625 0.8865604515625 0.2336712328125 0.9335313953125001 0.2518823703125 0.9548725078125001 0.199518503125 0.9011316140625001 0.1842331015625
2 0.490635134375 0.6022935734375 0.624802675 0.6280541515625 0.6398698375 0.5865373625 0.49309319531250007 0.552353503125 0.490635134375 0.6022935734375
2 0.48636642343750003 0.6089067796875 0.47547764687500005 0.6468804515625 0.5410460875 0.6498757546875 0.5462943046875 0.615025928125 0.48636642343750003 0.6089067796875
2 0.5345512343750001 0.67804446875 0.4728249375 0.664405109375 0.45539340156249997 0.694861096875 0.5259693234375 0.7024546859374999 0.5345512343750001 0.67804446875
2 0.9355084546875 0.6586654546874999 0.8578883093749999 0.6384069875 0.8343945390625 0.7134434859375001 0.879075315625 0.7230942625 0.9355084546875 0.6586654546874999
2 0.9546553984375 0.721509821875 0.9206365218749999 0.7160443734374999 0.9063806546875 0.78782606875 0.9364999562499999 0.7917213890625 0.9546553984375 0.721509821875
2 0.3791762953125 0.6903935484375 0.393816309375 0.661399190625 0.2936004734375 0.635823990625 0.285002178125 0.6823569296875001 0.3791762953125 0.6903935484375
2 0.413104053125 0.603785940625 0.45191644999999997 0.6021896375 0.45589882656249997 0.58278298125 0.4210298984375 0.5775269171875 0.413104053125 0.603785940625
2 0.3316777109375 0.5843909234375 0.3523159 0.5910158062499999 0.36591379687500003 0.5601414203124999 0.3408559375 0.559278653125 0.3316777109375 0.5843909234375
2 0.3239076484375 0.601837246875 0.29196086875 0.597419090625 0.2852600828125 0.62078750625 0.3167879078125 0.626666734375 0.3239076484375 0.601837246875
2 0.4445743953125 0.6443415453125 0.4514800140625 0.6257731171875001 0.429558425 0.619487203125 0.42663439687500004 0.6392888921875 0.4445743953125 0.6443415453125
2 0.39945718124999996 0.658274246875 0.39816888281249996 0.662767078125 0.43411276875000004 0.669792784375 0.446240303125 0.6495604890625 0.40844813281250003 0.6434661937499999 0.39945718124999996 0.658274246875
2 0.323270484375 0.6412903078125 0.3639636828125 0.6496778578125 0.36732258125 0.6269311953125001 0.3305728421875 0.6227158359375 0.323270484375 0.6412903078125