2 0.214481296875 0.1319356171875 0.23042149687500002 0.21260025625 0.2934019359375 0.202214040625 0.278755203125 0.119831575 0.214481296875 0.1319356171875
2 0.48375745 0.3121000828125 0.46501975 0.233364653125 0.4031201109375 0.24052803749999999 0.4196950796875 0.325709290625 0.48375745 0.3121000828125
2 0.5264819015625 0.6237444734375 0.509977559375 0.5652670921875 0.492526240625 0.5672591328125 0.5068751203125 0.6283423578125 0.5264819015625 0.6237444734375
2 0.5297120750000001 0.62052700625 0.553056846875 0.6163249468750001 0.5385041687500001 0.5584944421875 0.5159165734375 0.5616689203125 0.5297120750000001 0.62052700625
2 0.8054321140624999 0.28976764843749997 0.7942038515625 0.2360757546875 0.7562965312500001 0.23196133593749999 0.766881484375 0.290579759375 0.8054321140624999 0.28976764843749997
2 0.7580233109375001 0.3323559734375 0.7785322890625 0.32763129375 0.7741035515625 0.2895647640625 0.748264296875 0.2895115734375 0.7580233109375001 0.3323559734375
2 0.804782696875 0.29170124999999997 0.781437928125 0.2959033078125 0.784641375 0.3189428109375 0.8093676828125 0.31777066875000004 0.804782696875 0.29170124999999997
2 0.755385096875 0.35944054687500004 0.7467522390625 0.29801456718749997 0.722116753125 0.30009511093749996 0.7288248 0.3604098578125 0.755385096875 0.35944054687500004
2 0.5006822 0.6301338828125 0.485123990625 0.5521790546875 0.441791575 0.558269028125 0.46031253281250006 0.6376497984375 0.5006822 0.6301338828125
2 0.8527727921875 0.108092925 0.8296533343749999 0.0090927921875 0.776145165625 0.012697921875 0.7948692859375 0.1153095671875 0.8527727921875 0.108092925
2 0.842823465625 0 0.85519878125 0.059851371875 0.9182649312500001 0.0500668390625 0.909805615625 0 0.842823465625 0
2 0.9050642375000001 0.48671214531249996 0.8857669109374999 0.40836165312499995 0.8423259156249999 0.409861059375 0.8628879265625 0.49448197031249996 0.9050642375000001 0.48671214531249996
2 0.977494815625 0.32085573749999996 0.9638409140625 0.256450759375 0.9071576265625 0.264877659375 0.9198463468750001 0.32987886875 0.977494815625 0.32085573749999996