2 0.12118053124999999 0.31864496875000003 0.1911973125 0.323045590625 0.19440128750000002 0.2742599578125 0.13462225 0.269564225 0.12118053124999999 0.31864496875000003
2 0.159107625 0.799818165625 0.1738419390625 0.7266606828125 0.12767887656250002 0.7296124171875 0.12549588750000001 0.792125053125 0.159107625 0.799818165625
2 0.3095341203125 0.14919044374999998 0.30239240624999997 0.21935338437500002 0.3345014484375 0.2178675953125 0.3406340421875 0.1541887796875 0.3095341203125 0.14919044374999998
2 0.2825273078125 0.026980770312500003 0.2760093078125 0.088039065625 0.32845534062500004 0.0924775828125 0.333377490625 0.0261494375 0.2825273078125 0.026980770312500003
2 0.151476803125 0.6078727828125 0.158250425 0.566383790625 0.120484196875 0.5624567625 0.1149428234375 0.609205190625 0.151476803125 0.6078727828125
2 0.5048654390625 0.227728 0.49569881875000005 0.2847814984375 0.5262924859375 0.2858498546875 0.5309418078125 0.2273345046875 0.5048654390625 0.227728
2 0.527402259375 0.70184553125 0.5195128171875 0.7697004703125 0.5565022703125 0.7641464953125 0.56258938125 0.7017701921875 0.527402259375 0.70184553125
2 0.7328780125 0.191356640625 0.7289123546875 0.234247790625 0.7703774859375 0.236999884375 0.7730898265625 0.196673171875 0.7328780125 0.191356640625
2 0.8157668328125001 0.20598695 0.8210634640625001 0.16248965937499998 0.780915590625 0.15913208437499998 0.7716509 0.2005340859375 0.8157668328125001 0.20598695
2 0.9206344281250001 0.150971303125 0.9157577218749999 0.2159980734375 0.9575881234375 0.212243559375 0.962375 0.1498218546875 0.9206344281250001 0.150971303125
2 0.8747037875 0.3840770515625 0.8688317484375 0.42820572968750004 0.93549498125 0.4344448234375 0.94224675625 0.3903468671875 0.8747037875 0.3840770515625
2 0.7236048187499999 0.946338990625 0.7259775546875 0.948703740625 0.7676271953125 0.9501581781249999 0.7716397703125 0.90987686875 0.729007109375 0.8992605375 0.7236048187499999 0.946338990625