2 0.46680931875000004 0.890210365625 0.4891670546875 0.9837905578124999 0.5439903 0.9699449343750001 0.526781690625 0.8802469046875 0.46680931875000004 0.890210365625
2 0.3658044203125 0.9393339656249999 0.3757292890625 0.99596514375 0.38521866875 0.9962965203125 0.42533918125000003 0.988155153125 0.41236241875 0.9285682749999999 0.3658044203125 0.9393339656249999
2 0.4102994984375 0.8735882765625 0.42820781406249997 0.9539763125 0.44969541562500004 0.9540273625 0.436341178125 0.86992835625 0.4102994984375 0.8735882765625
2 0.744123678125 0.636298546875 0.7480739828125 0.6971540109375 0.773840315625 0.705815378125 0.766457584375 0.642371375 0.744123678125 0.636298546875
2 0.7225561390624999 0.06398472656250001 0.707658921875 0.016565753125 0.6754040765625 0.027239595312499996 0.6937885484375 0.070714096875 0.7225561390624999 0.06398472656250001
2 0.7201998328125 0.0073847750000000005 0.7356816609375 0.07403805625 0.7714560609375 0.07054633593750001 0.7534381703124999 0.008545484374999999 0.7201998328125 0.0073847750000000005
2 0.8352576203125001 0.14218158281249998 0.8034350390625 0.043022846875 0.773343084375 0.047251996875 0.7952546296875 0.1485705078125 0.8352576203125001 0.14218158281249998
2 0.8777491484375 0.13045250625 0.8449290062499999 0.032585425 0.8124626265625 0.041754103125000004 0.8412618249999999 0.1374987921875 0.8777491484375 0.13045250625
2 0.2485489265625 0.6691004203124999 0.2733038890625 0.7469901812499999 0.29394518125 0.7410194515625 0.2653345625 0.6575297 0.2485489265625 0.6691004203124999
2 0.3000801859375 0.64919215 0.2752314125 0.651532959375 0.30468946875 0.7410443328125 0.3281282625 0.733144396875 0.3000801859375 0.64919215
2 0.0237317015625 0.6765158296875 0.040538096875 0.6737692562500001 0.024786634374999998 0.605360684375 0.0123266203125 0.6040408890625 0.0237317015625 0.6765158296875