2 0.486399890625 0.367401515625 0.48700559062500004 0.33270098593749997 0.40493627187500003 0.3303378734375 0.40768980624999995 0.3627124109375 0.486399890625 0.367401515625
2 0.654601746875 0.3769690578125 0.57763285 0.36745898125 0.57711429375 0.3971671125 0.6565831765625 0.4060137640625 0.654601746875 0.3769690578125
2 0.6636689296875 0.42768804843749997 0.5545252546875 0.4083766390625 0.5531033937500001 0.442336471875 0.6640493765625 0.4533907359375 0.6636689296875 0.42768804843749997
2 0.5772110265625 0.48668756562500004 0.6903442937500001 0.5031673750000001 0.6927952390625001 0.46964061875 0.5777606484375 0.455199775 0.5772110265625 0.48668756562500004
2 0.36722439218749997 0.40013389843749997 0.5022142328125 0.4117595265625 0.5011221578125 0.3792623125 0.36534535468749996 0.3652885015625 0.36722439218749997 0.40013389843749997
2 0.39879496875 0.444615259375 0.46259588906250004 0.44821617500000005 0.459872428125 0.41418398593749994 0.4018900875 0.4098566859375 0.39879496875 0.444615259375
2 0.48548416406249995 0.5149256765625 0.4895470984375 0.48411047656250006 0.40991146250000005 0.4729914703125 0.4110484296875 0.5028516640625 0.48548416406249995 0.5149256765625
2 0.455041640625 0.5483789515625 0.4588750109375 0.5188244765625 0.39769572656249996 0.5075908421875 0.3938730015625 0.536535378125 0.455041640625 0.5483789515625
2 0.6701137562499999 0.5811431687499999 0.5567034343749999 0.5568192468750001 0.5555319484375 0.5882608312500001 0.670436353125 0.6101600609375 0.6701137562499999 0.5811431687499999
2 0.7117972828125 0.6639300046875001 0.718265421875 0.6259903609374999 0.514017471875 0.5908514046875 0.510194746875 0.619795940625 0.7117972828125 0.6639300046875001
2 0.803292725 0.648949853125 0.7429587140625 0.636788984375 0.7391446687500001 0.66523644375 0.8019576703125001 0.6779366703124999 0.803292725 0.648949853125
2 0.8150789734374999 0.6864543078125 0.756782146875 0.6764273796875 0.7574493062500001 0.709486246875 0.8153737968750001 0.7171277515625001 0.8150789734374999 0.6864543078125
2 0.40008201718749997 0.656001728125 0.43994075156249995 0.65327163125 0.43635645 0.6209932140625 0.3964273078125 0.6277569062499999 0.40008201718749997 0.656001728125
2 0.35964665625 0.6917667046875 0.4403077015625 0.6916384953125 0.4332190671875 0.658238315625 0.3560787328125 0.658550003125 0.35964665625 0.6917667046875
2 0.7194526578125 0.70053440625 0.7185419265624999 0.669538878125 0.47699982656250006 0.6208746984375 0.47725012656250004 0.654033490625 0.7194526578125 0.70053440625
2 0.46912298124999996 0.692020584375 0.5675355828125 0.7083734515625 0.567236946875 0.6779839062499999 0.46887156250000006 0.6588606328125 0.46912298124999996 0.692020584375
2 0.37265665625 0.754159478125 0.41531201875 0.7575532359375 0.4162783140625 0.7259107765625 0.3740507 0.7218584765625 0.37265665625 0.754159478125
2 0.500142796875 0.767989715625 0.5425760796875 0.772215528125 0.5412634984375 0.7405253109375 0.50069241875 0.736501925 0.500142796875 0.767989715625
2 0.6209525859375 0.7841895453125 0.679077784375 0.7922234375 0.6794122312499999 0.7611720937500001 0.6206878390624999 0.7518584500000001 0.6209525859375 0.7841895453125
2 0.7268665609375 0.7984711890625 0.7938866546875001 0.8077049703125001 0.7886426906249999 0.7755116265625001 0.7315470359375 0.7678845890625 0.7268665609375 0.7984711890625
2 0.46066645937499995 0.7963107734375 0.5419609671875001 0.807455315625 0.538124978125 0.7777703921875 0.4644469203125 0.7698527671875001 0.46066645937499995 0.7963107734375
2 0.3687326796875 0.7889047234375 0.4457428484375 0.79605028125 0.442960378125 0.765333415625 0.3708832640625 0.7607600921875 0.3687326796875 0.7889047234375
2 0.65979066875 0.8280416578124999 0.6857000546875 0.8286250578125 0.686844371875 0.798674675 0.6611557984374999 0.797397190625 0.65979066875 0.8280416578124999