2 0.81979805625 0.6532220234375 0.822412696875 0.7099125046875 0.8686267624999999 0.7082505171875 0.8675521546875 0.6466863484375 0.81979805625 0.6532220234375
2 0.8091006296875 0.69332360625 0.8166200234375 0.62305624375 0.7362865625 0.635292503125 0.73740096875 0.699136825 0.8091006296875 0.69332360625
2 0.7782194265625 0.4258628703125 0.77988044375 0.47829340625 0.8030604921875 0.477888796875 0.798667434375 0.42208467499999996 0.7782194265625 0.4258628703125
2 0.7722285890625 0.3438568734375 0.77298605 0.409988275 0.7971503953125 0.4004430890625 0.793975875 0.34917939531250003 0.7722285890625 0.3438568734375
2 0.69586653125 0.1478963328125 0.703220496875 0.251546603125 0.7249226921874999 0.245465665625 0.7151767421875 0.144137996875 0.69586653125 0.1478963328125
2 0.680567784375 0.25080158125 0.6974703625 0.24879590937499999 0.6909070093749999 0.1901786078125 0.6716565 0.197357175 0.680567784375 0.25080158125
2 0.6309528125 0.5424758749999999 0.6334437578125 0.5008068984375 0.60403059375 0.5018905203124999 0.6013489484375001 0.5441330359375 0.6309528125 0.5424758749999999
2 0.44394788125 0.6677654828125 0.44300354999999997 0.5993564953125 0.39376133593749996 0.6002160187500001 0.382243375 0.6585787187500001 0.44394788125 0.6677654828125
2 0.3778257875 0.6666388000000001 0.3806576609375 0.7190488984375001 0.428812965625 0.7147870703125 0.4325152890625 0.6656841906250001 0.3778257875 0.6666388000000001
2 0.0532093828125 0.17935648906249999 0.0571968234375 0.318418684375 0.091977465625 0.3109690375 0.0849728609375 0.17081908437499999 0.0532093828125 0.17935648906249999
2 0.0241299015625 0.20236349531250003 0.0512499109375 0.197637484375 0.049473029687499996 0.161174915625 0.027296317187500002 0.1661712015625 0.0241299015625 0.20236349531250003