2 0.1219451546875 0.2282680609375 0.053647900000000005 0.2173156046875 0.043100903125 0.2795410390625 0.11705259999999999 0.2892694234375 0.1219451546875 0.2282680609375
2 0.0937142734375 0.52479460625 0.0987517296875 0.46304778750000003 0.0282998203125 0.45167650937500003 0.020839542187499997 0.521471496875 0.0937142734375 0.52479460625
2 0.10619856093749999 0.659642859375 0.1122300046875 0.5887965125 0.050589478125 0.5760411875 0.0426865875 0.6519437531250001 0.10619856093749999 0.659642859375
2 0.22374930937499998 0 0.21693338906249998 0.0461643578125 0.2998339 0.0576322140625 0.3073176984375 0.01223524375 0.24282279999999998 0 0.22374930937499998 0
2 0.45721492656249996 0.26323649531250004 0.46065672187500006 0.20969863437499997 0.4225740421875 0.2011345171875 0.4218760078125 0.2579168703125 0.45721492656249996 0.26323649531250004
2 0.4501858515625 0.3989381078125 0.45953174375000005 0.33493195937500003 0.37126590937500004 0.323194809375 0.3686108375 0.3846310953125 0.4501858515625 0.3989381078125
2 0.4081486109375 0.5077009343750001 0.41171433124999995 0.44953962968749994 0.3590340484375 0.44336519374999994 0.355077478125 0.502031321875 0.4081486109375 0.5077009343750001
2 0.48925072500000005 0.4611264015625 0.4808163859375 0.528408865625 0.5227866125 0.5371478468750001 0.533849671875 0.47057034062499997 0.48925072500000005 0.4611264015625
2 0.600196628125 0.169062103125 0.56067298125 0.1613794828125 0.5568901921875 0.2272429328125 0.5971064171875 0.232736990625 0.600196628125 0.169062103125
2 0.7618719609375 0.25701982968750003 0.7632631 0.21005175468749998 0.6987697671875 0.2044850765625 0.695066734375 0.24635739218750002 0.7618719609375 0.25701982968750003
2 0.7278674484375001 0.0815922859375 0.7248404984375 0.1290160125 0.75690585 0.1344741046875 0.7609700015625 0.08647720625000001 0.7278674484375001 0.0815922859375
2 0.9015113343750001 0.2632543078125 0.912990175 0.20818072187499997 0.8739172171874999 0.199810925 0.8710613281249999 0.25268905468749997 0.9015113343750001 0.2632543078125
2 0.731614140625 0.5082370765625 0.731760303125 0.47961364531250006 0.6784215734375 0.47350404375000005 0.6771127625 0.5139053765625 0.731614140625 0.5082370765625
2 0.8794226484375001 0.42313206562500005 0.8796911140624999 0.44564248281249996 0.8991161968749999 0.448643553125 0.9020649703125001 0.422113296875 0.8794226484375001 0.42313206562500005
2 0.8748427890625001 0.4586391734375 0.8751770406249999 0.409142475 0.847476775 0.41053365781249995 0.8466708515624999 0.45625990937500005 0.8748427890625001 0.4586391734375