2 0.512465909375 1 0.6315017234375 0.9881184031249999 0.6389782187499999 0.9646794140624999 0.477866921875 0.9178379296875001 0.44838153593749996 1 0.512465909375 1
2 1 0.5559583765625 0.7725273015624999 0.5919392218749999 0.7809764390625 0.6536609359375001 1 0.62869078125 1 0.5559583765625
2 0.7682371875 0.5603226609374999 0.7920451296875 0.5536688109375001 0.7921611671875 0.5201427375 0.7667073234374999 0.5254165640624999 0.7682371875 0.5603226609374999
2 0.6950925390625 0.560628184375 0.7550760375000001 0.5492865046875 0.7572124703124999 0.5083659984375 0.6807995265625 0.519222034375 0.6950925390625 0.560628184375
2 0.5960809953124999 0.5266339453125 0.660073878125 0.5088476859375 0.6602512468749999 0.46730626875 0.5819202046874999 0.4867391078125 0.5960809953124999 0.5266339453125
2 0.5168680109375 0.4924304359375 0.5668498421875 0.4713002046875 0.556551571875 0.43636321718750004 0.5079072015625 0.459699628125 0.5168680109375 0.4924304359375
2 0.4322656171875 0.46631740937500005 0.4952751421875 0.45471098593750003 0.489941025 0.41551305781250003 0.42948785 0.434567390625 0.4322656171875 0.46631740937500005
2 0.346150678125 0.44033556875 0.3929741625 0.417957634375 0.3869031578125 0.3921345046875 0.33923130625 0.41351881874999996 0.346150678125 0.44033556875
2 0 0.4157201546875 0.059474496875000005 0.40447844687499995 0.053613303125 0.38975672656250004 0 0.39444728281249997 0 0.4157201546875
2 0 0.385722525 0.0689320234375 0.3731820015625 0.07273436562499999 0.3469512453125 0 0.356717921875 0 0.385722525
2 0.47845341093749993 0.9071218921875 0.643706415625 0.949031240625 0.68509015625 0.794785065625 0.5272524546875 0.7505085765625 0.47845341093749993 0.9071218921875