2 0.5300462890625 0.0385488015625 0.507073328125 0.091913665625 0.6886323546875001 0.124623528125 0.7039325125 0.06928195625 0.5300462890625 0.0385488015625
2 0.5343548203124999 0 0.5276743484375 0.0250968671875 0.7031657499999999 0.0496313734375 0.7140656734374999 0 0.5343548203124999 0
2 0.7633835125 0.216235371875 0.697579734375 0.22783835156249999 0.6922895203125 0.276543628125 0.76337060625 0.268633890625 0.7633835125 0.216235371875
2 0.688936790625 0.31874416562499996 0.757289878125 0.3128559359375 0.76829165625 0.28779945625000003 0.6869677859375 0.29008461875 0.688936790625 0.31874416562499996
2 0.43258322343750005 0.7276366390625 0.5460593515625 0.7415311875 0.5902919437499999 0.4501767984375 0.469988609375 0.447850821875 0.43258322343750005 0.7276366390625
2 0.6525577484375 0.5147093140625 0.7337509265625 0.5204260453125 0.7576664203125001 0.34122726875 0.7552610921875 0.336329078125 0.676438534375 0.34406335625 0.6525577484375 0.5147093140625
2 0.8365468890625 0.3250783296875 0.8469357234375 0.287802559375 0.78395601875 0.2826202765625 0.78122436875 0.2824369390625 0.778576084375 0.3198894875 0.8365468890625 0.3250783296875
2 0.7748672953125 0.3775634671875 0.8333651765625 0.3857415046875 0.8376859890624999 0.34028813750000003 0.7772407234375 0.33199317968750003 0.7748672953125 0.3775634671875
2 0.7648268484375 0.42556469375 0.8256106015625001 0.4379634453125 0.8372320765625 0.39892868125000003 0.768986259375 0.383564246875 0.7648268484375 0.42556469375
2 0.75856875 0.47752392187500003 0.8196159421875 0.49141671093749995 0.8284233484374999 0.44517223437500003 0.766999428125 0.43788600625 0.75856875 0.47752392187500003
2 0.625183140625 0.578096703125 0.8026116312499999 0.5961242296875 0.8161834953125 0.4981862078125 0.760614753125 0.4891273796875 0.625183140625 0.578096703125
2 0.6099258421875 0.7364340656249999 0.7862077578125 0.7654518046875001 0.8081041765625001 0.5944791796875 0.6276475031250001 0.5745800375 0.6099258421875 0.7364340656249999
2 1 0.8135240859374999 0.9533353140624999 0.805958090625 0.9565865125 0.830955525 1 0.8349411671875 1 0.8135240859374999